clustercenter81953_0001_0001	0.930	0.882	192	3195
clustercenter925_0001_0001	0.929	0.650	339	3186
clustercenter48659_0001_0001	0.913	0.914	422	3302
clustercenter102354_0001_0001	0.904	0.904	565	3514
clustercenter27438_0001_0001	0.901	0.767	540	3255
clustercenter81600_0001_0001	0.894	0.902	132	3339
clustercenter2967_0001_0001	0.887	0.855	193	2471
clustercenter184467_0001_0001	0.885	0.912	214	3165
clustercenter133661_0001_0001	0.860	0.821	367	3535
clustercenter26339_0001_0001	0.849	0.830	327	3334
clustercenter93557_0001_0001	0.846	0.829	124	2873
clustercenter29758_0001_0001	0.838	0.755	368	3617
clustercenter26816_0001_0001	0.835	0.906	416	3761
clustercenter70275_0001_0001	0.832	0.722	193	3839
clustercenter63149_0001_0001	0.811	0.650	241	2729
clustercenter2199_0001_0001	0.807	0.800	268	3018
clustercenter64182_0001_0001	0.789	0.769	95	3548
clustercenter35468_0001_0001	0.789	0.784	254	3053
clustercenter1933_0001_0001	0.772	0.583	218	2725
clustercenter39903_0001_0001	0.764	0.739	330	3724
clustercenter35843_0001_0001	0.753	0.719	388	3666
clustercenter146347_0001_0001	0.749	0.602	344	3512
clustercenter45410_0001_0001	0.749	0.751	365	3434
clustercenter181607_0001_0001	0.740	0.825	229	3685
clustercenter76141_0001_0001	0.721	0.740	318	3070
clustercenter18824_0001_0001	0.716	0.555	341	3629
clustercenter136259_0001_0001	0.712	0.691	473	3564
clustercenter12869_0001_0001	0.706	0.680	383	3698
clustercenter162321_0001_0001	0.699	0.550	475	3308
clustercenter30250_0001_0001	0.699	0.675	215	2914
clustercenter44924_0001_0001	0.696	0.649	374	3779
clustercenter488_0001_0001	0.694	0.725	302	2924
clustercenter65648_0001_0001	0.666	0.869	280	3727
clustercenter13104_0001_0001	0.651	0.759	478	3228
clustercenter16377_0001_0001	0.645	0.608	490	3290
clustercenter139041_0001_0001	0.621	0.747	344	3123
clustercenter1883_0001_0001	0.611	0.672	331	3347
clustercenter98746_0001_0001	0.584	0.747	293	2988
clustercenter73041_0001_0001	0.582	0.612	359	3224
clustercenter7229_0001_0001	0.558	0.452	102	3259
clustercenter176292_0001_0001	0.553	0.487	373	2899
clustercenter189745_0001_0001	0.540	0.705	187	3804
clustercenter26333_0001_0001	0.539	0.550	391	3814
clustercenter5370_0001_0001	0.531	0.451	322	3313
clustercenter32090_0001_0001	0.529	0.548	230	3596
clustercenter63816_0001_0001	0.527	0.479	144	3340
clustercenter71825_0001_0001	0.520	0.493	433	3315
clustercenter52851_0001_0001	0.495	0.513	344	3821
clustercenter12699_0001_0001	0.492	0.647	202	4098
clustercenter62674_0001_0001	0.473	0.198	243	3314
clustercenter183645_0001_0001	0.472	0.292	140	3291
clustercenter17207_0001_0001	0.471	0.475	200	3242
clustercenter104242_0001_0001	0.468	0.420	93	2480
clustercenter44709_0001_0001	0.467	0.593	313	3357
clustercenter60687_0001_0001	0.445	0.316	174	3816
clustercenter89186_0001_0001	0.439	0.460	195	3351
clustercenter14547_0001_0001	0.432	0.142	275	2878
clustercenter49718_0001_0001	0.431	0.485	259	3739
clustercenter97113_0001_0001	0.422	0.523	247	3390
clustercenter148388_0001_0001	0.417	0.312	54	2737
clustercenter13041_0001_0001	0.416	0.510	298	3245
clustercenter91855_0001_0001	0.415	0.453	248	3095
clustercenter1455_0001_0001	0.407	0.527	205	3219
clustercenter8369_0001_0001	0.399	0.431	307	3218
clustercenter6368_0001_0001	0.398	0.008	168	2980
clustercenter76670_0001_0001	0.390	0.378	353	3209
clustercenter121170_0001_0001	0.390	0.464	238	2894
clustercenter27557_0001_0001	0.387	0.349	364	3838
clustercenter12938_0001_0001	0.387	0.634	151	2980
clustercenter85975_0001_0001	0.385	0.435	327	3359
clustercenter32312_0001_0001	0.382	0.535	194	3922
clustercenter26179_0001_0001	0.376	0.422	279	3187
clustercenter31941_0001_0001	0.366	0.378	326	3555
clustercenter122952_0001_0001	0.361	0.088	83	2662
clustercenter100384_0001_0001	0.335	0.157	132	2976
clustercenter28100_0001_0001	0.316	0.262	347	3321
clustercenter14927_0001_0001	0.294	0.353	139	3304
clustercenter91423_0001_0001	0.288	0.279	343	3048
clustercenter82236_0001_0001	0.279	0.196	261	3406
clustercenter220_0001_0001	0.265	0.368	190	3152
clustercenter26052_0001_0001	0.255	0.208	129	3232
clustercenter122933_0001_0001	0.250	0.295	265	2888
clustercenter21967_0001_0001	0.247	0.288	109	3596
clustercenter95908_0001_0001	0.231	0.371	697	3890
clustercenter39845_0001_0001	0.230	0.176	394	3452
clustercenter167904_0001_0001	0.227	0.699	239	3785
clustercenter5161_0001_0001	0.215	0.646	123	2954
clustercenter49292_0001_0001	0.212	0.211	128	3303
clustercenter25334_0001_0001	0.203	0.274	514	3359
clustercenter156242_0001_0001	0.200	0.266	65	2854
clustercenter247_0001_0001	0.181	0.618	188	3526
clustercenter167785_0001_0001	0.180	0.890	225	3247
clustercenter160027_0001_0001	0.180	0.088	286	3248
clustercenter16892_0001_0001	0.179	0.569	223	3022
clustercenter174995_0001_0001	0.175	0.150	347	3269
clustercenter64735_0001_0001	0.161	0.379	113	3459
clustercenter120435_0001_0001	0.161	0.080	281	3252
clustercenter9451_0001_0001	0.154	0.031	314	3265
clustercenter9599_0001_0001	0.149	0.480	155	3887
clustercenter42554_0001_0001	0.148	0.309	446	3411
clustercenter23359_0001_0001	0.146	0.885	205	3133
clustercenter54678_0001_0001	0.146	0.336	320	3341
clustercenter3133_0001_0001	0.132	0.191	415	3353
clustercenter4389_0001_0001	0.128	0.481	302	3320
clustercenter121024_0001_0001	0.128	0.104	250	3507
clustercenter186626_0001_0001	0.124	0.559	163	2870
clustercenter71225_0001_0001	0.123	0.082	74	3698
clustercenter86820_0001_0001	0.120	0.609	371	3219
clustercenter19351_0001_0001	0.117	0.673	261	3045
clustercenter3144_0001_0001	0.111	0.914	176	3226
clustercenter71283_0001_0001	0.103	0.702	115	1942
clustercenter5400_0001_0001	0.102	0.564	405	3422
clustercenter80742_0001_0001	0.100	0.537	102	3421
clustercenter12883_0001_0001	0.094	0.019	346	3895
clustercenter150292_0001_0001	0.089	0.204	447	3336
clustercenter58112_0001_0001	0.085	0.483	251	3451
clustercenter119640_0001_0001	0.084	0.653	159	3253
clustercenter8952_0001_0001	0.082	0.300	133	3023
clustercenter51417_0001_0001	0.082	0.079	405	3871
clustercenter53558_0001_0001	0.072	0.748	236	2913
clustercenter14524_0001_0001	0.072	0.051	169	2887
clustercenter33252_0001_0001	0.070	0.271	216	3407
clustercenter79649_0001_0001	0.059	0.055	282	3375
clustercenter119360_0001_0001	0.058	0.030	335	3277
clustercenter93852_0001_0001	0.057	0.041	95	3747
clustercenter183823_0001_0001	0.050	0.463	263	3609
clustercenter4453_0001_0001	0.049	0.501	395	3281
clustercenter175077_0001_0001	0.048	0.204	125	3035
clustercenter100289_0001_0001	0.042	0.406	283	3099
clustercenter8799_0001_0001	0.042	0.270	437	3453
clustercenter187443_0001_0001	0.041	0.108	197	2727
clustercenter55036_0001_0001	0.037	0.037	258	3129
clustercenter139734_0001_0001	0.037	0.231	341	3198
clustercenter12335_0001_0001	0.035	0.062	102	3058
clustercenter2169_0001_0001	0.032	0.036	334	3151
clustercenter14910_0001_0001	0.032	0.038	242	2952
clustercenter45589_0001_0001	0.029	0.030	237	3259
clustercenter17536_0001_0001	0.029	0.035	83	2797
clustercenter20790_0001_0001	0.029	0.025	326	2976
clustercenter139020_0001_0001	0.023	0.015	188	3001
clustercenter42958_0001_0001	0.022	0.076	193	3050
clustercenter104954_0001_0001	0.020	0.031	94	3015
clustercenter19961_0001_0001	0.019	0.898	121	3033
clustercenter337_0001_0001	0.019	0.279	444	3189
clustercenter9334_0001_0001	0.018	0.039	366	3470
clustercenter55160_0001_0001	0.018	0.015	678	3467
clustercenter98499_0001_0001	0.017	0.162	78	3849
clustercenter146048_0001_0001	0.016	0.005	401	3180
clustercenter4096_0001_0001	0.015	0.011	222	3853
clustercenter8294_0001_0001	0.015	0.221	87	3777
clustercenter7451_0001_0001	0.013	0.371	256	3070
clustercenter19169_0001_0001	0.012	0.862	231	3150
clustercenter77499_0001_0001	0.012	0.010	160	2856
clustercenter167765_0001_0001	0.012	0.001	385	3020
clustercenter110503_0001_0001	0.012	0.012	645	3376
clustercenter56783_0001_0001	0.011	0.004	313	2903
clustercenter11540_0001_0001	0.011	0.013	86	3670
clustercenter1628_0001_0001	0.007	0.010	376	3499
clustercenter62889_0001_0001	0.007	0.662	90	2915
clustercenter76270_0001_0001	0.007	0.225	172	2998
clustercenter152721_0001_0001	0.007	0.340	195	3077
clustercenter10147_0001_0001	0.005	0.078	200	3542
clustercenter2607_0001_0001	0.005	0.256	184	3101
clustercenter80503_0001_0001	0.005	0.016	487	3202
clustercenter108911_0001_0001	0.005	0.874	183	3634
clustercenter5930_0001_0001	0.004	0.603	295	3289
clustercenter103674_0001_0001	0.004	0.368	169	3126
clustercenter22870_0001_0001	0.003	0.003	209	3388
clustercenter76471_0001_0001	0.003	0.095	248	3195
clustercenter25119_0001_0001	0.003	0.002	236	3566
clustercenter156986_0001_0001	0.003	0.205	133	3084
clustercenter151044_0001_0001	0.002	0.081	423	3230
clustercenter3298_0001_0001	0.002	0.612	215	3191
clustercenter162644_0001_0001	0.002	0.854	126	3844
clustercenter164538_0001_0001	0.002	0.001	171	2563
clustercenter3637_0001_0001	0.001	0.373	50	3520
clustercenter42717_0001_0001	0.001	0.004	367	3276
clustercenter2899_0001_0001	0.001	0.758	140	2791
clustercenter8690_0001_0001	0.001	0.020	169	3324
clustercenter145455_0001_0001	0.001	0.409	487	3489
clustercenter145252_0001_0001	0.001	0.017	197	3157
clustercenter55482_0001_0001	0.001	0.169	256	3996
clustercenter40496_0001_0001	0.001	0.017	313	2911
clustercenter7009_0001_0001	0.001	0.491	433	3026
clustercenter1918_0001_0001	0.001	0.001	369	3371
clustercenter124664_0001_0001	0.001	0.000	513	3249
clustercenter104608_0001_0001	0.000	0.000	101	2960
clustercenter16322_0001_0001	0.000	0.078	207	3258
clustercenter30227_0001_0001	0.000	0.017	82	2557
clustercenter122237_0001_0001	0.000	0.007	186	3035
clustercenter97777_0001_0001	0.000	0.000	398	3927
clustercenter9567_0001_0001	0.000	0.001	427	3939
clustercenter87073_0001_0001	0.000	0.010	394	3615
clustercenter71690_0001_0001	0.000	0.000	219	3141
clustercenter165700_0001_0001	0.000	0.001	302	3503
clustercenter8076_0001_0001	0.000	0.000	134	3331
clustercenter61105_0001_0001	0.000	0.000	114	2548
clustercenter11080_0001_0001	0.000	0.011	81	2907
clustercenter127560_0001_0001	0.000	0.000	188	2994
clustercenter7783_0001_0001	0.000	0.001	137	2928
clustercenter14938_0001_0001	0.000	0.025	287	3058
clustercenter9139_0001_0001	0.000	0.000	192	3412
clustercenter71176_0001_0001	0.000	0.014	174	2878
clustercenter128688_0001_0001	0.000	0.000	85	2800
clustercenter48758_0001_0001	0.000	0.002	91	3215
clustercenter33040_0001_0001	0.000	0.075	261	3837
clustercenter66_0001_0001	0.000	0.000	447	3417
clustercenter70488_0001_0001	0.000	0.000	83	2825
clustercenter123026_0001_0001	0.000	0.341	251	2940
clustercenter176783_0001_0001	0.000	0.000	253	3175
clustercenter22066_0001_0001	0.000	0.000	239	3119
clustercenter113346_0001_0001	0.000	0.000	161	3239
clustercenter93546_0001_0001	0.000	0.000	153	2986
clustercenter5113_0001_0001	0.000	0.000	273	3167
clustercenter87032_0001_0001	0.000	0.000	233	3119
clustercenter80509_0001_0001	0.000	0.007	206	3400
clustercenter6560_0001_0001	0.000	0.000	318	3172
clustercenter187452_0001_0001	0.000	0.000	408	3442
clustercenter10228_0001_0001	0.000	0.000	91	2818
clustercenter3920_0001_0001	0.000	0.070	249	3108
clustercenter29843_0001_0001	0.000	0.000	287	3862
clustercenter159362_0001_0001	0.000	0.000	195	3532
clustercenter39386_0001_0001	0.000	0.002	369	3636
clustercenter10755_0001_0001	0.000	0.007	311	3197
clustercenter54333_0001_0001	0.000	0.000	314	3350
clustercenter138075_0001_0001	0.000	0.000	454	3741
clustercenter15871_0001_0001	0.000	0.043	254	3179
clustercenter68122_0001_0001	0.000	0.000	50	2496
clustercenter91779_0001_0001	0.000	0.048	56	3312
clustercenter127669_0001_0001	0.000	0.000	535	3927
clustercenter11877_0001_0001	0.000	0.113	227	2994
clustercenter7598_0001_0001	0.000	0.000	267	2913
clustercenter85595_0001_0001	0.000	0.000	244	3548
clustercenter106604_0001_0001	0.000	0.000	119	3213
clustercenter177481_0001_0001	0.000	0.123	114	2921
clustercenter41182_0001_0001	0.000	0.000	262	3306
clustercenter69901_0001_0001	0.000	0.000	618	3692
clustercenter12769_0001_0001	0.000	0.733	87	3072
clustercenter162926_0001_0001	0.000	0.000	449	3259
clustercenter10324_0001_0001	0.000	0.000	161	2763
clustercenter8636_0001_0001	0.000	0.000	326	3340
clustercenter111896_0001_0001	0.000	0.001	36	2752
clustercenter30766_0001_0001	0.000	0.000	59	2880
clustercenter14532_0001_0001	0.000	0.000	270	2789
clustercenter106049_0001_0001	0.000	0.000	228	2966
clustercenter16493_0001_0001	0.000	0.000	346	3358
clustercenter14478_0001_0001	0.000	0.000	126	3657
clustercenter56613_0001_0001	0.000	0.000	318	3234
clustercenter30656_0001_0001	0.000	0.000	147	3844
clustercenter7042_0001_0001	0.000	0.000	245	3461
clustercenter72829_0001_0001	0.000	0.000	296	3133
clustercenter16741_0001_0001	0.000	0.002	513	3578
clustercenter147180_0001_0001	0.000	0.000	284	2857
clustercenter45972_0001_0001	0.000	0.000	339	3040
clustercenter90505_0001_0001	0.000	0.000	270	3310
clustercenter166010_0001_0001	0.000	0.000	290	3181
clustercenter103905_0001_0001	0.000	0.000	370	3077
clustercenter97476_0001_0001	0.000	0.132	88	2777
clustercenter47510_0001_0001	0.000	0.000	344	3595
clustercenter23859_0001_0001	0.000	0.000	404	3605
clustercenter13236_0001_0001	0.000	0.000	153	3398
clustercenter70907_0001_0001	0.000	0.000	136	3224
clustercenter27578_0001_0001	0.000	0.000	420	3529
clustercenter60466_0001_0001	0.000	0.000	279	3154
clustercenter94739_0001_0001	0.000	0.000	171	3436
clustercenter141038_0001_0001	0.000	0.000	464	3660
clustercenter110124_0001_0001	0.000	0.000	173	3119
clustercenter43483_0001_0001	0.000	0.091	333	3170
clustercenter144242_0001_0001	0.000	0.000	59	2672
clustercenter94527_0001_0001	0.000	0.005	203	3156
clustercenter60312_0001_0001	0.000	0.000	412	3263
clustercenter140403_0001_0001	0.000	0.000	28	2798
clustercenter31677_0001_0001	0.000	0.012	208	2961
clustercenter156943_0001_0001	0.000	0.000	113	3209
clustercenter141384_0001_0001	0.000	0.000	314	3147
clustercenter13340_0001_0001	0.000	0.000	345	3548
clustercenter136435_0001_0001	0.000	0.000	248	3091
clustercenter148005_0001_0001	0.000	0.166	347	3401
clustercenter83132_0001_0001	0.000	0.000	332	2849
clustercenter15036_0001_0001	0.000	0.000	487	3775
clustercenter37924_0001_0001	0.000	0.000	217	3145
clustercenter156959_0001_0001	0.000	0.000	222	3072
clustercenter108959_0001_0001	0.000	0.000	210	3005
clustercenter10613_0001_0001	0.000	0.000	292	3245
clustercenter170068_0001_0001	0.000	0.000	166	2833
clustercenter72661_0001_0001	0.000	0.000	162	3004
clustercenter184350_0001_0001	0.000	0.000	297	3532
clustercenter3993_0001_0001	0.000	0.000	355	3399
clustercenter33434_0001_0001	0.000	0.009	262	3114
clustercenter118640_0001_0001	0.000	0.000	290	3600
clustercenter70282_0001_0001	0.000	0.000	205	3303
clustercenter77058_0001_0001	0.000	0.000	270	3010
clustercenter190620_0001_0001	0.000	0.000	176	3401
clustercenter23401_0001_0001	0.000	0.000	163	3477
clustercenter126897_0001_0001	0.000	0.000	89	3089
clustercenter45137_0001_0001	0.000	0.000	533	3574
clustercenter5861_0001_0001	0.000	0.000	449	3397
clustercenter45081_0001_0001	0.000	0.000	60	3033
clustercenter178786_0001_0001	0.000	0.627	144	3211
clustercenter40680_0001_0001	0.000	0.000	225	3233
clustercenter54368_0001_0001	0.000	0.000	228	2879
clustercenter5236_0001_0001	0.000	0.000	322	3837
clustercenter136981_0001_0001	0.000	0.000	175	3229
clustercenter54113_0001_0001	0.000	0.000	200	3247
clustercenter70535_0001_0001	0.000	0.000	316	3304
clustercenter73292_0001_0001	0.000	0.000	226	3185
clustercenter58422_0001_0001	0.000	0.000	467	3307
clustercenter54478_0001_0001	0.000	0.000	252	3470
clustercenter14079_0001_0001	0.000	0.000	192	3427
clustercenter173870_0001_0001	0.000	0.000	214	2796
clustercenter115043_0001_0001	0.000	0.000	361	3371
clustercenter1499_0001_0001	0.000	0.000	323	3231
clustercenter47876_0001_0001	0.000	0.000	180	3729
clustercenter22864_0001_0001	0.000	0.000	164	2682
clustercenter99296_0001_0001	0.000	0.000	109	3031
clustercenter15552_0001_0001	0.000	0.000	251	3361
clustercenter75732_0001_0001	0.000	0.118	78	2766
clustercenter74382_0001_0001	0.000	0.000	126	3083
clustercenter182364_0001_0001	0.000	0.000	378	3562
clustercenter159718_0001_0001	0.000	0.000	364	3120
clustercenter48774_0001_0001	0.000	0.000	135	3536
clustercenter69680_0001_0001	0.000	0.000	212	3800
clustercenter130093_0001_0001	0.000	0.000	301	3054
clustercenter5810_0001_0001	0.000	0.000	265	3389
clustercenter170908_0001_0001	0.000	0.000	272	3047
clustercenter106576_0001_0001	0.000	0.000	613	3387
clustercenter122175_0001_0001	0.000	0.003	320	2996
clustercenter29418_0001_0001	0.000	0.000	298	2829
clustercenter117270_0001_0001	0.000	0.000	414	3619
clustercenter9262_0001_0001	0.000	0.000	256	3544
clustercenter101404_0001_0001	0.000	0.000	369	3110
clustercenter22566_0001_0001	0.000	0.000	257	3276
clustercenter27759_0001_0001	0.000	0.000	174	2553
clustercenter89376_0001_0001	0.000	0.000	317	3160
clustercenter73856_0001_0001	0.000	0.000	63	3092
clustercenter20517_0001_0001	0.000	0.000	154	3464
clustercenter167814_0001_0001	0.000	0.000	288	3165
clustercenter58423_0001_0001	0.000	0.000	203	3068
clustercenter65498_0001_0001	0.000	0.000	203	3077
clustercenter91510_0001_0001	0.000	0.240	235	2831
clustercenter96059_0001_0001	0.000	0.000	287	3520
clustercenter109611_0001_0001	0.000	0.000	131	3144
clustercenter18015_0001_0001	0.000	0.000	294	2894
clustercenter138837_0001_0001	0.000	0.000	252	3109
clustercenter126816_0001_0001	0.000	0.000	343	2979
clustercenter42940_0001_0001	0.000	0.000	146	3010
clustercenter68038_0001_0001	0.000	0.000	127	3441
clustercenter174706_0001_0001	0.000	0.000	206	3792
clustercenter54540_0001_0001	0.000	0.000	30	2516
clustercenter3417_0001_0001	0.000	0.000	137	2991
clustercenter113618_0001_0001	0.000	0.000	292	3585
clustercenter165266_0001_0001	0.000	0.000	487	3292
clustercenter136267_0001_0001	0.000	0.000	70	2502
clustercenter181992_0001_0001	0.000	0.000	158	3307
clustercenter143982_0001_0001	0.000	0.000	297	3131
clustercenter39795_0001_0001	0.000	0.000	298	3035
clustercenter95114_0001_0001	0.000	0.000	182	3509
clustercenter89978_0001_0001	0.000	0.000	162	3740
clustercenter54564_0001_0001	0.000	0.000	152	3163
clustercenter3114_0001_0001	0.000	0.000	308	3178
clustercenter112181_0001_0001	0.000	0.000	404	3624
clustercenter2412_0001_0001	0.000	0.000	293	3241
clustercenter141826_0001_0001	0.000	0.000	141	3119
clustercenter8328_0001_0001	0.000	0.000	404	3185
clustercenter168660_0001_0001	0.000	0.000	160	3088
clustercenter117008_0001_0001	0.000	0.000	145	3304
clustercenter110651_0001_0001	0.000	0.000	295	3599
clustercenter149287_0001_0001	0.000	0.000	168	3310
clustercenter103139_0001_0001	0.000	0.000	191	2885
clustercenter185600_0001_0001	0.000	0.000	283	3203
clustercenter50583_0001_0001	0.000	0.000	310	2782
clustercenter50213_0001_0001	0.000	0.000	412	3109
clustercenter77776_0001_0001	0.000	0.000	242	2989
clustercenter16831_0001_0001	0.000	0.000	251	3227
clustercenter19678_0001_0001	0.000	0.000	183	3865
clustercenter59335_0001_0001	0.000	0.000	317	3091
clustercenter162617_0001_0001	0.000	0.000	166	3242
clustercenter85423_0001_0001	0.000	0.000	263	3021
clustercenter14667_0001_0001	0.000	0.000	119	2413
clustercenter1086_0001_0001	0.000	0.000	485	2927
clustercenter150715_0001_0001	0.000	0.000	311	3227
clustercenter13012_0001_0001	0.000	0.000	350	3208
clustercenter191675_0001_0001	0.000	0.000	236	3565
clustercenter107439_0001_0001	0.000	0.000	291	2424
clustercenter107610_0001_0001	0.000	0.000	289	3387
clustercenter60301_0001_0001	0.000	0.000	241	3270
clustercenter45239_0001_0001	0.000	0.000	158	3183
clustercenter2221_0001_0001	0.000	0.000	236	3036
clustercenter106399_0001_0001	0.000	0.000	334	3447
clustercenter135618_0001_0001	0.000	0.000	180	2997
clustercenter189604_0001_0001	0.000	0.000	313	3390
clustercenter2924_0001_0001	0.000	0.000	202	3527
clustercenter4224_0001_0001	0.000	0.000	144	3157
clustercenter149047_0001_0001	0.000	0.000	554	3914
clustercenter190481_0001_0001	0.000	0.000	342	3323
clustercenter140458_0001_0001	0.000	0.000	238	2729
clustercenter142668_0001_0001	0.000	0.000	337	3110
clustercenter176813_0001_0001	0.000	0.000	256	3397
clustercenter9696_0001_0001	0.000	0.000	237	3152
clustercenter133846_0001_0001	0.000	0.000	420	3401
clustercenter157659_0001_0001	0.000	0.000	165	3078
clustercenter146121_0001_0001	0.000	0.000	501	3509
clustercenter104807_0001_0001	0.000	0.000	183	3264
clustercenter58_0001_0001	0.000	0.000	432	3092
clustercenter20120_0001_0001	0.000	0.000	344	3236
clustercenter45969_0001_0001	0.000	0.000	554	3599
clustercenter98615_0001_0001	0.000	0.000	280	2920
clustercenter5209_0001_0001	0.000	0.000	315	3240
clustercenter116638_0001_0001	0.000	0.000	299	3359
clustercenter177613_0001_0001	0.000	0.000	235	3521
clustercenter362_0001_0001	0.000	0.000	234	3090
clustercenter41924_0001_0001	0.000	0.000	262	3171
clustercenter169380_0001_0001	0.000	0.000	115	3656
clustercenter126731_0001_0001	0.000	0.000	248	3174
clustercenter158632_0001_0001	0.000	0.000	148	2917
clustercenter16897_0001_0001	0.000	0.000	410	3266
clustercenter152468_0001_0001	0.000	0.000	171	2882
clustercenter129824_0001_0001	0.000	0.000	369	2999
clustercenter78129_0001_0001	0.000	0.000	404	3427
clustercenter99903_0001_0001	0.000	0.000	103	3211
clustercenter10577_0001_0001	0.000	0.000	304	3251
clustercenter114484_0001_0001	0.000	0.000	471	3615
clustercenter29035_0001_0001	0.000	0.000	176	2737
clustercenter108221_0001_0001	0.000	0.000	258	3100
clustercenter41998_0001_0001	0.000	0.000	87	3785
clustercenter132077_0001_0001	0.000	0.000	377	3463
clustercenter9894_0001_0001	0.000	0.000	464	3518
clustercenter192726_0001_0001	0.000	0.000	366	3071
clustercenter94795_0001_0001	0.000	0.000	211	3523
clustercenter162443_0001_0001	0.000	0.000	584	3602
clustercenter34404_0001_0001	0.000	0.000	205	3318
clustercenter156577_0001_0001	0.000	0.000	309	3493
clustercenter130553_0001_0001	0.000	0.000	328	3365
clustercenter81740_0001_0001	0.000	0.000	385	2904
clustercenter180649_0001_0001	0.000	0.000	387	3338
clustercenter127294_0001_0001	0.000	0.000	84	3031
clustercenter97972_0001_0001	0.000	0.000	102	3086
clustercenter116320_0001_0001	0.000	0.000	301	2942
clustercenter7507_0001_0001	0.000	0.000	260	3330
clustercenter100310_0001_0001	0.000	0.000	84	3895
clustercenter54106_0001_0001	0.000	0.000	326	3267
clustercenter185756_0001_0001	0.000	0.000	154	2996
clustercenter50471_0001_0001	0.000	0.000	256	3226
clustercenter24138_0001_0001	0.000	0.000	213	3287
clustercenter181410_0001_0001	0.000	0.000	306	3551
clustercenter175965_0001_0001	0.000	0.000	305	3322
clustercenter114893_0001_0001	0.000	0.000	288	2995
clustercenter169628_0001_0001	0.000	0.000	246	3320
clustercenter36627_0001_0001	0.000	0.000	271	3227
clustercenter48994_0001_0001	0.000	0.000	299	3251
clustercenter84166_0001_0001	0.000	0.000	273	3275
clustercenter35202_0001_0001	0.000	0.000	222	3700
clustercenter99572_0001_0001	0.000	0.000	418	3272
clustercenter78062_0001_0001	0.000	0.000	175	3236
clustercenter64983_0001_0001	0.000	0.000	293	3371
clustercenter31785_0001_0001	0.000	0.000	264	3556
clustercenter80411_0001_0001	0.000	0.000	469	3819
clustercenter2034_0001_0001	0.000	0.000	298	2972
clustercenter86145_0001_0001	0.000	0.000	348	3295
clustercenter90228_0001_0001	0.000	0.000	263	3587
clustercenter81902_0001_0001	0.000	0.000	265	3194
clustercenter8300_0001_0001	0.000	0.000	90	3313
clustercenter2599_0001_0001	0.000	0.000	247	3196
clustercenter87252_0001_0001	0.000	0.000	300	3363
clustercenter161399_0001_0001	0.000	0.000	95	3037
clustercenter153559_0001_0001	0.000	0.000	233	2876
clustercenter53762_0001_0001	0.000	0.000	121	3416
clustercenter47245_0001_0001	0.000	0.000	286	2788
clustercenter139294_0001_0001	0.000	0.000	416	3192
clustercenter131374_0001_0001	0.000	0.000	310	3439
clustercenter102834_0001_0001	0.000	0.000	129	3304
clustercenter16689_0001_0001	0.000	0.000	364	3321
clustercenter37841_0001_0001	0.000	0.000	164	3320
clustercenter28610_0001_0001	0.000	0.000	146	3038
clustercenter21279_0001_0001	0.000	0.000	262	2620
clustercenter6_0001_0001	0.000	0.000	195	3264
clustercenter73957_0001_0001	0.000	0.026	544	3589
clustercenter1644_0001_0001	0.000	0.000	311	3378
clustercenter33470_0001_0001	0.000	0.000	536	3383
clustercenter123226_0001_0001	0.000	0.000	682	3596
clustercenter5522_0001_0001	0.000	0.000	292	3521
clustercenter120133_0001_0001	0.000	0.000	318	3061
clustercenter72051_0001_0001	0.000	0.000	450	3639
clustercenter129917_0001_0001	0.000	0.000	222	3150
clustercenter93178_0001_0001	0.000	0.000	176	3289
clustercenter122699_0001_0001	0.000	0.000	288	3595
clustercenter100025_0001_0001	0.000	0.000	195	3062
clustercenter60252_0001_0001	0.000	0.000	272	2939
clustercenter6279_0001_0001	0.000	0.000	231	3389
clustercenter40581_0001_0001	0.000	0.000	385	3347
clustercenter38879_0001_0001	0.000	0.000	250	2931
clustercenter17704_0001_0001	0.000	0.000	424	3196
clustercenter102257_0001_0001	0.000	0.000	294	3415
clustercenter183288_0001_0001	0.000	0.000	176	3428
clustercenter168597_0001_0001	0.000	0.000	83	2887
clustercenter116427_0001_0001	0.000	0.000	221	2852
clustercenter71958_0001_0001	0.000	0.000	314	3644
clustercenter180396_0001_0001	0.000	0.000	460	3558
clustercenter134942_0001_0001	0.000	0.000	184	3155
clustercenter8363_0001_0001	0.000	0.000	438	3093
clustercenter149296_0001_0001	0.000	0.000	209	3404
clustercenter52879_0001_0001	0.000	0.000	353	3225
clustercenter110966_0001_0001	0.000	0.000	229	3527
clustercenter84028_0001_0001	0.000	0.000	300	3197
clustercenter40444_0001_0001	0.000	0.000	317	3254
clustercenter124715_0001_0001	0.000	0.000	240	3217
clustercenter62281_0001_0001	0.000	0.000	102	3045
clustercenter32687_0001_0001	0.000	0.000	209	3231
clustercenter31306_0001_0001	0.000	0.000	154	2734
clustercenter65049_0001_0001	0.000	0.000	129	3444
clustercenter141760_0001_0001	0.000	0.000	166	2929
clustercenter27297_0001_0001	0.000	0.000	109	3108
clustercenter46002_0001_0001	0.000	0.000	199	3233
clustercenter31725_0001_0001	0.000	0.000	520	3311
clustercenter111686_0001_0001	0.000	0.000	186	3135
clustercenter51511_0001_0001	0.000	0.000	183	3044
clustercenter43039_0001_0001	0.000	0.000	103	2643
clustercenter95017_0001_0001	0.000	0.000	117	3601
clustercenter62982_0001_0001	0.000	0.000	508	3493
clustercenter48161_0001_0001	0.000	0.000	214	3174
clustercenter8845_0001_0001	0.000	0.000	187	2657
clustercenter41914_0001_0001	0.000	0.000	441	2847
clustercenter25577_0001_0001	0.000	0.000	296	3519
clustercenter2255_0001_0001	0.000	0.000	240	3462
clustercenter85784_0001_0001	0.000	0.000	386	3647
clustercenter83442_0001_0001	0.000	0.000	464	3277
clustercenter26297_0001_0001	0.000	0.000	177	3039
clustercenter147642_0001_0001	0.000	0.000	224	2994
clustercenter19542_0001_0001	0.000	0.000	397	2730
clustercenter20767_0001_0001	0.000	0.000	48	2438
clustercenter11886_0001_0001	0.000	0.000	254	2637
clustercenter16883_0001_0001	0.000	0.000	249	3482
clustercenter162416_0001_0001	0.000	0.000	99	2549
clustercenter9582_0001_0001	0.000	0.000	295	3025
clustercenter167742_0001_0001	0.000	0.000	267	2894
clustercenter64860_0001_0001	0.000	0.000	82	3159
clustercenter65556_0001_0001	0.000	0.000	53	2742
clustercenter38167_0001_0001	0.000	0.000	94	3075
clustercenter7361_0001_0001	0.000	0.000	143	3378
clustercenter98654_0001_0001	0.000	0.000	203	3103
clustercenter182707_0001_0001	0.000	0.000	243	2770
clustercenter81893_0001_0001	0.000	0.000	359	3459
clustercenter29668_0001_0001	0.000	0.000	220	3891
clustercenter131337_0001_0001	0.000	0.004	95	2619
clustercenter164294_0001_0001	0.000	0.000	110	2796
clustercenter179843_0001_0001	0.000	0.000	523	3388
clustercenter70353_0001_0001	0.000	0.000	76	3126
clustercenter111616_0001_0001	0.000	0.000	261	3021
clustercenter7069_0001_0001	0.000	0.000	100	3582
clustercenter117153_0001_0001	0.000	0.000	327	2999
clustercenter85162_0001_0001	0.000	0.000	454	3205
clustercenter20585_0001_0001	0.000	0.000	383	3380
clustercenter25973_0001_0001	0.000	0.000	311	3189
clustercenter7257_0001_0001	0.000	0.000	156	3405
clustercenter157755_0001_0001	0.000	0.000	267	3143
clustercenter153835_0001_0001	0.000	0.000	367	3492
clustercenter19840_0001_0001	0.000	0.000	156	3095
clustercenter92751_0001_0001	0.000	0.000	347	3720
clustercenter56186_0001_0001	0.000	0.000	130	3454
clustercenter38282_0001_0001	0.000	0.000	259	3259
clustercenter48018_0001_0001	0.000	0.000	211	3115
clustercenter187021_0001_0001	0.000	0.000	201	3159
clustercenter49730_0001_0001	0.000	0.000	369	3370
clustercenter24123_0001_0001	0.000	0.000	199	3084
clustercenter35735_0001_0001	0.000	0.000	384	3487
clustercenter184521_0001_0001	0.000	0.000	80	3422
clustercenter41845_0001_0001	0.000	0.000	241	3383
clustercenter70236_0001_0001	0.000	0.000	398	3738
clustercenter20839_0001_0001	0.000	0.000	278	3548
clustercenter100850_0001_0001	0.000	0.000	355	2978
clustercenter11787_0001_0001	0.000	0.000	186	3296
clustercenter156351_0001_0001	0.000	0.000	345	3368
clustercenter73125_0001_0001	0.000	0.000	234	3374
clustercenter184474_0001_0001	0.000	0.000	76	2658
clustercenter165227_0001_0001	0.000	0.000	283	3922
clustercenter111002_0001_0001	0.000	0.000	267	3309
clustercenter94243_0001_0001	0.000	0.000	200	3370
clustercenter30647_0001_0001	0.000	0.000	532	3368
clustercenter20430_0001_0001	0.000	0.000	399	3483
clustercenter92699_0001_0001	0.000	0.000	228	3422
clustercenter57584_0001_0001	0.000	0.000	186	3772
clustercenter113592_0001_0001	0.000	0.000	136	3159
clustercenter146810_0001_0001	0.000	0.000	274	3270
clustercenter47307_0001_0001	0.000	0.000	289	3454
clustercenter18028_0001_0001	0.000	0.000	151	2910
clustercenter117247_0001_0001	0.000	0.000	279	3691
clustercenter76847_0001_0001	0.000	0.000	58	2899
clustercenter56035_0001_0001	0.000	0.000	185	3151
clustercenter57468_0001_0001	0.000	0.000	137	3097
clustercenter44060_0001_0001	0.000	0.000	345	3137
clustercenter22967_0001_0001	0.000	0.000	60	2846
clustercenter95526_0001_0001	0.000	0.000	262	3071
clustercenter62760_0001_0001	0.000	0.000	394	3523
clustercenter189494_0001_0001	0.000	0.000	256	2939
clustercenter116953_0001_0001	0.000	0.000	67	3697
clustercenter178257_0001_0001	0.000	0.000	219	3046
clustercenter140179_0001_0001	0.000	0.000	211	3342
clustercenter63546_0001_0001	0.000	0.000	341	3501
clustercenter149773_0001_0001	0.000	0.000	129	3052
clustercenter80193_0001_0001	0.000	0.000	267	3641
clustercenter89409_0001_0001	0.000	0.000	27	3208
clustercenter192046_0001_0001	0.000	0.000	194	3501
clustercenter87936_0001_0001	0.000	0.000	78	2972
clustercenter124000_0001_0001	0.000	0.000	385	3812
clustercenter56220_0001_0001	0.000	0.000	354	2806
clustercenter73310_0001_0001	0.000	0.000	108	3461
clustercenter71725_0001_0001	0.000	0.000	451	3547
clustercenter56847_0001_0001	0.000	0.000	154	3229
clustercenter88587_0001_0001	0.000	0.000	199	3565
clustercenter50144_0001_0001	0.000	0.000	343	3157
clustercenter156624_0001_0001	0.000	0.000	499	3767
clustercenter169032_0001_0001	0.000	0.000	77	3048
clustercenter151971_0001_0001	0.000	0.000	266	3278
clustercenter131711_0001_0001	0.000	0.000	405	3333
clustercenter54903_0001_0001	0.000	0.000	328	3803
clustercenter90612_0001_0001	0.000	0.000	225	3201
clustercenter72915_0001_0001	0.000	0.000	177	3898
clustercenter91256_0001_0001	0.000	0.000	165	3357
clustercenter185593_0001_0001	0.000	0.000	105	3086
clustercenter69194_0001_0001	0.000	0.000	228	3190
clustercenter155534_0001_0001	0.000	0.000	266	3409
clustercenter67545_0001_0001	0.000	0.000	183	3962
clustercenter121499_0001_0001	0.000	0.000	218	3605
clustercenter117787_0001_0001	0.000	0.000	183	3364
clustercenter63273_0001_0001	0.000	0.000	83	3086
clustercenter45514_0001_0001	0.000	0.000	188	3158
clustercenter67742_0001_0001	0.000	0.000	257	3348
clustercenter4754_0001_0001	0.000	0.000	85	2628
clustercenter162048_0001_0001	0.000	0.000	201	3732
clustercenter97036_0001_0001	0.000	0.000	144	3193
clustercenter63730_0001_0001	0.000	0.000	210	3184
clustercenter2598_0001_0001	0.000	0.000	72	3825
clustercenter157543_0001_0001	0.000	0.000	243	3111
clustercenter156222_0001_0001	0.000	0.000	94	2929
clustercenter191294_0001_0001	0.000	0.000	355	3460
clustercenter119496_0001_0001	0.000	0.000	329	3087
clustercenter10365_0001_0001	0.000	0.000	82	2755
clustercenter191485_0001_0001	0.000	0.000	278	3562
clustercenter150857_0001_0001	0.000	0.000	213	3107
clustercenter97361_0001_0001	0.000	0.000	191	3002
clustercenter117352_0001_0001	0.000	0.000	665	3530
clustercenter115016_0001_0001	0.000	0.000	101	3062
clustercenter18712_0001_0001	0.000	0.000	338	3289
clustercenter57947_0001_0001	0.000	0.000	235	3238
clustercenter144014_0001_0001	0.000	0.000	159	3464
clustercenter23596_0001_0001	0.000	0.000	205	2921
clustercenter94354_0001_0001	0.000	0.000	305	3259
clustercenter87327_0001_0001	0.000	0.000	230	3335
clustercenter137623_0001_0001	0.000	0.000	172	3182
clustercenter3748_0001_0001	0.000	0.000	386	3081
clustercenter22993_0001_0001	0.000	0.000	162	3354
clustercenter23061_0001_0001	0.000	0.000	88	3006
clustercenter36642_0001_0001	0.000	0.001	142	2894
clustercenter114444_0001_0001	0.000	0.000	266	2719
clustercenter13750_0001_0001	0.000	0.000	383	3575
clustercenter117685_0001_0001	0.000	0.000	130	3668
clustercenter34927_0001_0001	0.000	0.000	281	3381
clustercenter118497_0001_0001	0.000	0.000	111	3739
clustercenter52991_0001_0001	0.000	0.000	75	2878
clustercenter117443_0001_0001	0.000	0.000	780	3589
clustercenter135599_0001_0001	0.000	0.000	356	3587
clustercenter73343_0001_0001	0.000	0.000	361	3521
clustercenter157991_0001_0001	0.000	0.000	184	3349
clustercenter33337_0001_0001	0.000	0.000	82	2449
clustercenter126458_0001_0001	0.000	0.000	254	3090
clustercenter1422_0001_0001	0.000	0.000	240	3326
clustercenter1032_0001_0001	0.000	0.000	328	2888
clustercenter48986_0001_0001	0.000	0.000	615	3578
clustercenter163556_0001_0001	0.000	0.000	324	3598
clustercenter141369_0001_0001	0.000	0.000	362	3717
clustercenter130315_0001_0001	0.000	0.000	264	3360
clustercenter141245_0001_0001	0.000	0.000	270	3273
clustercenter19348_0001_0001	0.000	0.000	453	3277
clustercenter13244_0001_0001	0.000	0.000	176	3381
clustercenter11230_0001_0001	0.000	0.000	399	3625
clustercenter30950_0001_0001	0.000	0.000	238	3556
clustercenter28453_0001_0001	0.000	0.000	520	3542
clustercenter30720_0001_0001	0.000	0.000	285	3595
clustercenter47226_0001_0001	0.000	0.000	200	3443
clustercenter74046_0001_0001	0.000	0.000	685	3344
clustercenter170728_0001_0001	0.000	0.000	221	3034
clustercenter120510_0001_0001	0.000	0.000	330	3158
clustercenter91643_0001_0001	0.000	0.013	273	3487
clustercenter122827_0001_0001	0.000	0.000	278	3173
clustercenter38128_0001_0001	0.000	0.000	243	3291
clustercenter157078_0001_0001	0.000	0.000	188	3303
clustercenter112894_0001_0001	0.000	0.000	329	3212
clustercenter140245_0001_0001	0.000	0.000	190	3408
clustercenter1629_0001_0001	0.000	0.000	170	3278
clustercenter108258_0001_0001	0.000	0.000	337	3382
clustercenter126127_0001_0001	0.000	0.000	201	3193
clustercenter183126_0001_0001	0.000	0.000	134	3344
clustercenter90423_0001_0001	0.000	0.000	168	3934
clustercenter52092_0001_0001	0.000	0.000	308	3489
clustercenter32509_0001_0001	0.000	0.000	225	3537
clustercenter63340_0001_0001	0.000	0.000	461	3601
clustercenter140355_0001_0001	0.000	0.000	198	3081
clustercenter178327_0001_0001	0.000	0.000	186	2915
clustercenter52220_0001_0001	0.000	0.000	239	3077
clustercenter99886_0001_0001	0.000	0.000	376	3375
clustercenter144755_0001_0001	0.000	0.000	189	2793
clustercenter48924_0001_0001	0.000	0.000	316	3427
clustercenter26729_0001_0001	0.000	0.000	262	3176
clustercenter190450_0001_0001	0.000	0.000	249	3888
clustercenter31273_0001_0001	0.000	0.000	317	3408
clustercenter124821_0001_0001	0.000	0.000	97	3713
clustercenter108020_0001_0001	0.000	0.000	35	2570
clustercenter74555_0001_0001	0.000	0.000	380	3091
clustercenter150680_0001_0001	0.000	0.000	152	3223
clustercenter160380_0001_0001	0.000	0.000	304	3418
clustercenter181641_0001_0001	0.000	0.000	236	2556
clustercenter135124_0001_0001	0.000	0.000	150	3255
clustercenter98151_0001_0001	0.000	0.000	336	3190
clustercenter43163_0001_0001	0.000	0.000	352	3607
clustercenter33735_0001_0001	0.000	0.000	128	2820
clustercenter152012_0001_0001	0.000	0.000	311	2975
clustercenter67700_0001_0001	0.000	0.000	139	3194
clustercenter1171_0001_0001	0.000	0.000	297	3596
clustercenter82403_0001_0001	0.000	0.000	177	3304
clustercenter118677_0001_0001	0.000	0.000	298	2982
clustercenter16144_0001_0001	0.000	0.000	202	2908
clustercenter88579_0001_0001	0.000	0.000	103	3344
clustercenter50778_0001_0001	0.000	0.000	630	3633
clustercenter6100_0001_0001	0.000	0.000	61	2888
clustercenter169192_0001_0001	0.000	0.000	229	3053
clustercenter71122_0001_0001	0.000	0.000	145	3120
clustercenter185692_0001_0001	0.000	0.000	94	2989
clustercenter108944_0001_0001	0.000	0.000	353	3434
clustercenter82928_0001_0001	0.000	0.000	328	3138
clustercenter169209_0001_0001	0.000	0.000	294	3456
clustercenter162039_0001_0001	0.000	0.000	409	3224
clustercenter19276_0001_0001	0.000	0.000	430	3382
clustercenter37804_0001_0001	0.000	0.000	166	3147
clustercenter9575_0001_0001	0.000	0.000	77	2486
clustercenter13808_0001_0001	0.000	0.000	265	3232
clustercenter92118_0001_0001	0.000	0.000	219	3097
clustercenter99320_0001_0001	0.000	0.000	332	3465
clustercenter47571_0001_0001	0.000	0.000	318	3468
clustercenter158067_0001_0001	0.000	0.000	332	3112
clustercenter23618_0001_0001	0.000	0.000	456	3550
clustercenter17588_0001_0001	0.000	0.000	354	3491
clustercenter99455_0001_0001	0.000	0.000	383	3574
clustercenter6497_0001_0001	0.000	0.000	116	3306
clustercenter139364_0001_0001	0.000	0.000	196	3059
clustercenter21038_0001_0001	0.000	0.000	113	3512
clustercenter15468_0001_0001	0.000	0.000	311	3332
clustercenter79372_0001_0001	0.000	0.000	331	3721
clustercenter36015_0001_0001	0.000	0.000	383	2907
clustercenter181847_0001_0001	0.000	0.000	50	3130
clustercenter41064_0001_0001	0.000	0.000	322	3326
clustercenter60568_0001_0001	0.000	0.000	484	3324
clustercenter40591_0001_0001	0.000	0.000	185	3119
clustercenter166074_0001_0001	0.000	0.000	115	3147
clustercenter24622_0001_0001	0.000	0.000	292	3085
clustercenter17434_0001_0001	0.000	0.000	290	3018
clustercenter56299_0001_0001	0.000	0.000	237	3528
clustercenter87783_0001_0001	0.000	0.000	302	3187
clustercenter22530_0001_0001	0.000	0.000	150	3175
clustercenter33525_0001_0001	0.000	0.000	330	3448
clustercenter40865_0001_0001	0.000	0.000	375	3467
clustercenter93559_0001_0001	0.000	0.000	313	3669
clustercenter60715_0001_0001	0.000	0.000	321	3038
clustercenter57572_0001_0001	0.000	0.000	452	3965
clustercenter97951_0001_0001	0.000	0.000	410	3747
clustercenter105376_0001_0001	0.000	0.000	295	3084
clustercenter128719_0001_0001	0.000	0.000	405	3444
clustercenter71170_0001_0001	0.000	0.000	169	2908
clustercenter55516_0001_0001	0.000	0.000	138	3224
clustercenter170237_0001_0001	0.000	0.000	78	2501
clustercenter50354_0001_0001	0.000	0.000	134	3055
clustercenter82963_0001_0001	0.000	0.000	273	3074
clustercenter47838_0001_0001	0.000	0.000	314	3262
clustercenter139335_0001_0001	0.000	0.000	319	3078
clustercenter178843_0001_0001	0.000	0.000	128	3072
clustercenter33800_0001_0001	0.000	0.000	419	3187
clustercenter90715_0001_0001	0.000	0.000	172	3667
clustercenter17419_0001_0001	0.000	0.000	258	3254
clustercenter181294_0001_0001	0.000	0.000	262	2801
clustercenter151409_0001_0001	0.000	0.000	121	3325
clustercenter178524_0001_0001	0.000	0.000	295	3188
clustercenter12242_0001_0001	0.000	0.000	131	3071
clustercenter103840_0001_0001	0.000	0.000	294	3116
clustercenter111373_0001_0001	0.000	0.000	204	3296
clustercenter10622_0001_0001	0.000	0.000	167	3192
clustercenter137386_0001_0001	0.000	0.000	227	3594
clustercenter139580_0001_0001	0.000	0.000	176	3908
clustercenter48030_0001_0001	0.000	0.000	102	3101
clustercenter74321_0001_0001	0.000	0.000	166	2943
clustercenter120145_0001_0001	0.000	0.000	123	2700
clustercenter42683_0001_0001	0.000	0.000	372	3451
clustercenter95535_0001_0001	0.000	0.000	124	2624
clustercenter190353_0001_0001	0.000	0.000	153	3441
clustercenter89786_0001_0001	0.000	0.000	171	3167
clustercenter30482_0001_0001	0.000	0.000	407	3076
clustercenter149548_0001_0001	0.000	0.000	263	2951
clustercenter51788_0001_0001	0.000	0.000	163	3319
clustercenter177004_0001_0001	0.000	0.000	327	3089
clustercenter76052_0001_0001	0.000	0.000	233	3405
clustercenter118375_0001_0001	0.000	0.000	214	3339
clustercenter139353_0001_0001	0.000	0.000	23	2654
clustercenter91249_0001_0001	0.000	0.000	387	3479
clustercenter99618_0001_0001	0.000	0.000	454	3364
clustercenter7238_0001_0001	0.000	0.000	258	3062
clustercenter166956_0001_0001	0.000	0.000	293	3256
clustercenter43137_0001_0001	0.000	0.000	231	3729
clustercenter21918_0001_0001	0.000	0.000	216	3058
clustercenter72154_0001_0001	0.000	0.000	126	3129
clustercenter25783_0001_0001	0.000	0.000	93	3429
clustercenter144602_0001_0001	0.000	0.000	274	3504
clustercenter48050_0001_0001	0.000	0.000	296	3630
clustercenter40315_0001_0001	0.000	0.000	224	3034
clustercenter57293_0001_0001	0.000	0.000	270	3665
clustercenter38157_0001_0001	0.000	0.000	174	2529
clustercenter311_0001_0001	0.000	0.000	137	2920
clustercenter10588_0001_0001	0.000	0.000	158	3101
clustercenter128744_0001_0001	0.000	0.000	531	3486
clustercenter53639_0001_0001	0.000	0.000	315	3101
clustercenter91747_0001_0001	0.000	0.000	329	3185
clustercenter21046_0001_0001	0.000	0.000	94	2906
clustercenter103584_0001_0001	0.000	0.000	425	3300
clustercenter15020_0001_0001	0.000	0.000	410	3465
clustercenter147933_0001_0001	0.000	0.000	211	3195
clustercenter124644_0001_0001	0.000	0.000	264	3388
clustercenter74665_0001_0001	0.000	0.000	182	3394
clustercenter21574_0001_0001	0.000	0.000	341	3623
clustercenter184224_0001_0001	0.000	0.000	253	3658
clustercenter115004_0001_0001	0.000	0.000	395	3073
clustercenter11343_0001_0001	0.000	0.000	184	3193
clustercenter171756_0001_0001	0.000	0.000	405	3342
clustercenter113627_0001_0001	0.000	0.000	337	3139
clustercenter125580_0001_0001	0.000	0.000	111	3834
clustercenter125147_0001_0001	0.000	0.000	100	2795
clustercenter27765_0001_0001	0.000	0.000	177	3234
clustercenter40617_0001_0001	0.000	0.000	167	3505
clustercenter143539_0001_0001	0.000	0.000	374	2903
clustercenter185436_0001_0001	0.000	0.000	295	3186
clustercenter11841_0001_0001	0.000	0.000	63	3580
clustercenter115226_0001_0001	0.000	0.000	292	3094
clustercenter66320_0001_0001	0.000	0.000	49	2676
clustercenter183214_0001_0001	0.000	0.000	214	3028
clustercenter121465_0001_0001	0.000	0.000	144	3087
clustercenter146936_0001_0001	0.000	0.000	484	3557
clustercenter43217_0001_0001	0.000	0.000	404	2920
clustercenter69338_0001_0001	0.000	0.000	226	3336
clustercenter107923_0001_0001	0.000	0.000	499	3593
clustercenter69813_0001_0001	0.000	0.000	132	2814
clustercenter170916_0001_0001	0.000	0.000	195	3282
clustercenter180735_0001_0001	0.000	0.000	180	3499
clustercenter135397_0001_0001	0.000	0.000	353	3358
clustercenter63283_0001_0001	0.000	0.000	272	3324
clustercenter81367_0001_0001	0.000	0.000	316	3431
clustercenter43920_0001_0001	0.000	0.000	249	3042
clustercenter166081_0001_0001	0.000	0.000	314	3126
clustercenter154923_0001_0001	0.000	0.000	204	3021
clustercenter16893_0001_0001	0.000	0.000	110	2842
clustercenter40286_0001_0001	0.000	0.000	163	3494
clustercenter163260_0001_0001	0.000	0.000	172	3633
clustercenter71521_0001_0001	0.000	0.000	150	3707
clustercenter64788_0001_0001	0.000	0.000	241	3146
clustercenter130883_0001_0001	0.000	0.000	121	3278
clustercenter117020_0001_0001	0.000	0.000	445	3465
clustercenter48096_0001_0001	0.000	0.000	229	3136
clustercenter38085_0001_0001	0.000	0.000	249	2491
clustercenter135435_0001_0001	0.000	0.000	154	2409
clustercenter111678_0001_0001	0.000	0.000	386	3337
clustercenter126421_0001_0001	0.000	0.000	103	3094
clustercenter20199_0001_0001	0.000	0.000	213	3462
clustercenter119901_0001_0001	0.000	0.000	155	3054
clustercenter78438_0001_0001	0.000	0.000	315	3586
clustercenter831_0001_0001	0.000	0.000	124	3672
clustercenter183629_0001_0001	0.000	0.000	305	2991
clustercenter138059_0001_0001	0.000	0.000	128	3099
clustercenter166740_0001_0001	0.000	0.000	333	3656
clustercenter95106_0001_0001	0.000	0.000	240	3154
clustercenter31731_0001_0001	0.000	0.000	201	2656
clustercenter143348_0001_0001	0.000	0.000	172	3067
clustercenter40954_0001_0001	0.000	0.000	154	3662
clustercenter60797_0001_0001	0.000	0.000	194	2834
clustercenter175281_0001_0001	0.000	0.000	309	3166
clustercenter55155_0001_0001	0.000	0.000	90	3111
clustercenter35210_0001_0001	0.000	0.000	413	3457
clustercenter175680_0001_0001	0.000	0.000	311	3202
clustercenter22243_0001_0001	0.000	0.000	439	3017
clustercenter1446_0001_0001	0.000	0.000	242	3517
clustercenter92401_0001_0001	0.000	0.000	177	3218
clustercenter2739_0001_0001	0.000	0.000	253	3202
clustercenter170597_0001_0001	0.000	0.000	334	3324
clustercenter19437_0001_0001	0.000	0.000	316	2951
clustercenter108854_0001_0001	0.000	0.000	86	2680
clustercenter45664_0001_0001	0.000	0.000	192	2708
clustercenter93500_0001_0001	0.000	0.000	438	3210
clustercenter191865_0001_0001	0.000	0.000	120	2804
clustercenter9130_0001_0001	0.000	0.000	28	3293
clustercenter122866_0001_0001	0.000	0.000	216	3408
clustercenter93498_0001_0001	0.000	0.000	382	3276
clustercenter53084_0001_0001	0.000	0.000	191	2785
clustercenter165040_0001_0001	0.000	0.000	54	3242
clustercenter103325_0001_0001	0.000	0.000	98	3174
clustercenter140304_0001_0001	0.000	0.000	98	2614
clustercenter77003_0001_0001	0.000	0.000	404	3224
clustercenter48717_0001_0001	0.000	0.000	717	3820
clustercenter35448_0001_0001	0.000	0.000	291	3305
clustercenter55212_0001_0001	0.000	0.000	142	3479
clustercenter59852_0001_0001	0.000	0.000	470	3951
clustercenter118360_0001_0001	0.000	0.000	161	2820
clustercenter8699_0001_0001	0.000	0.000	127	3246
clustercenter166465_0001_0001	0.000	0.000	102	2756
clustercenter64304_0001_0001	0.000	0.000	157	3097
clustercenter115284_0001_0001	0.000	0.000	36	2654
clustercenter1523_0001_0001	0.000	0.000	192	3474
clustercenter12103_0001_0001	0.000	0.000	89	3392
clustercenter56497_0001_0001	0.000	0.000	464	3163
clustercenter48290_0001_0001	0.000	0.000	298	2983
clustercenter123393_0001_0001	0.000	0.000	291	2922
clustercenter117731_0001_0001	0.000	0.000	137	2808
clustercenter136104_0001_0001	0.000	0.000	93	3055
clustercenter119490_0001_0001	0.000	0.000	331	3661
clustercenter60220_0001_0001	0.000	0.000	331	3282
clustercenter58638_0001_0001	0.000	0.000	245	2769
clustercenter75636_0001_0001	0.000	0.000	410	3403
clustercenter158239_0001_0001	0.000	0.000	269	3328
clustercenter42254_0001_0001	0.000	0.000	210	2875
clustercenter147740_0001_0001	0.000	0.000	116	3466
clustercenter65539_0001_0001	0.000	0.000	356	3384
clustercenter147267_0001_0001	0.000	0.000	278	3104
clustercenter82074_0001_0001	0.000	0.000	254	3642
clustercenter14335_0001_0001	0.000	0.000	190	3188
clustercenter15144_0001_0001	0.000	0.000	147	2716
clustercenter58603_0001_0001	0.000	0.000	510	3586
clustercenter103034_0001_0001	0.000	0.000	296	3671
clustercenter134178_0001_0001	0.000	0.000	148	3090
clustercenter110299_0001_0001	0.000	0.000	164	2894
clustercenter76468_0001_0001	0.000	0.000	368	3169
clustercenter75768_0001_0001	0.000	0.000	323	3334
clustercenter172079_0001_0001	0.000	0.000	215	2922
clustercenter116137_0001_0001	0.000	0.000	175	2910
clustercenter137698_0001_0001	0.000	0.000	159	2744
clustercenter11935_0001_0001	0.000	0.000	34	2510
clustercenter136805_0001_0001	0.000	0.000	80	3147
clustercenter167944_0001_0001	0.000	0.000	256	3278
clustercenter135405_0001_0001	0.000	0.000	147	3528
clustercenter42629_0001_0001	0.000	0.000	173	2650
clustercenter181187_0001_0001	0.000	0.000	100	3216
clustercenter155531_0001_0001	0.000	0.000	105	2984
clustercenter71042_0001_0001	0.000	0.000	320	3146
clustercenter143607_0001_0001	0.000	0.000	112	3365
clustercenter6430_0001_0001	0.000	0.000	160	2976
clustercenter120532_0001_0001	0.000	0.000	69	3222
clustercenter28246_0001_0001	0.000	0.000	68	3795
clustercenter23177_0001_0001	0.000	0.637	393	3054
clustercenter99715_0001_0001	0.000	0.000	296	3385
clustercenter55974_0001_0001	0.000	0.000	139	3513
clustercenter77835_0001_0001	0.000	0.000	171	3097
clustercenter144629_0001_0001	0.000	0.000	447	3557
clustercenter10758_0001_0001	0.000	0.000	364	3523
clustercenter56522_0001_0001	0.000	0.000	168	3511
clustercenter89441_0001_0001	0.000	0.000	277	2739
clustercenter134032_0001_0001	0.000	0.000	37	2403
clustercenter58362_0001_0001	0.000	0.000	159	3553
clustercenter54782_0001_0001	0.000	0.000	40	2664
clustercenter19142_0001_0001	0.000	0.000	210	2988
clustercenter92567_0001_0001	0.000	0.000	157	3420
clustercenter110495_0001_0001	0.000	0.000	382	3681
clustercenter75836_0001_0001	0.000	0.000	210	2916
clustercenter22621_0001_0001	0.000	0.000	117	3483
clustercenter121471_0001_0001	0.000	0.000	266	3339
clustercenter12469_0001_0001	0.000	0.000	200	3280
clustercenter171153_0001_0001	0.000	0.000	144	2989
clustercenter107712_0001_0001	0.000	0.000	23	2815
clustercenter18785_0001_0001	0.000	0.000	339	3227
clustercenter66783_0001_0001	0.000	0.000	297	3338
clustercenter74644_0001_0001	0.000	0.000	151	3591
clustercenter190084_0001_0001	0.000	0.000	195	3198
clustercenter17504_0001_0001	0.000	0.000	30	2834
clustercenter28946_0001_0001	0.000	0.000	276	3612
clustercenter176625_0001_0001	0.000	0.000	253	3213
clustercenter56514_0001_0001	0.000	0.000	404	3599
clustercenter25330_0001_0001	0.000	0.000	212	2978
clustercenter39062_0001_0001	0.000	0.214	114	3473
clustercenter57798_0001_0001	0.000	0.000	260	3593
clustercenter161999_0001_0001	0.000	0.000	295	3095
clustercenter30333_0001_0001	0.000	0.000	160	3268
clustercenter32778_0001_0001	0.000	0.000	189	3312
clustercenter81167_0001_0001	0.000	0.000	161	3426
clustercenter21124_0001_0001	0.000	0.000	269	3341
clustercenter15194_0001_0001	0.000	0.000	172	3090
clustercenter22092_0001_0001	0.000	0.000	356	3550
clustercenter42178_0001_0001	0.000	0.000	133	3079
clustercenter42708_0001_0001	0.000	0.000	391	3626
clustercenter96166_0001_0001	0.000	0.000	193	3655
clustercenter184736_0001_0001	0.000	0.000	134	2924
clustercenter4311_0001_0001	0.000	0.000	159	2698
clustercenter112194_0001_0001	0.000	0.000	174	3057
clustercenter29152_0001_0001	0.000	0.000	243	3250
clustercenter143421_0001_0001	0.000	0.000	265	3394
clustercenter10882_0001_0001	0.000	0.000	40	2581
clustercenter13051_0001_0001	0.000	0.000	61	2655
clustercenter19871_0001_0001	0.000	0.000	97	3346
clustercenter33455_0001_0001	0.000	0.000	33	3420
clustercenter38572_0001_0001	0.000	0.000	130	3023
clustercenter82600_0001_0001	0.000	0.000	216	2878
clustercenter96060_0001_0001	0.000	0.000	133	2854
clustercenter51007_0001_0001	0.000	0.000	287	3387
clustercenter47524_0001_0001	0.000	0.000	474	3462
clustercenter3783_0001_0001	0.000	0.000	14	4205
clustercenter149629_0001_0001	0.000	0.000	220	3251
clustercenter82851_0001_0001	0.000	0.000	117	3272
clustercenter53349_0001_0001	0.000	0.000	27	3506
clustercenter1559_0001_0001	0.000	0.000	93	3676
clustercenter165641_0001_0001	0.000	0.000	146	2974
clustercenter33056_0001_0001	0.000	0.000	67	3266
clustercenter190433_0001_0001	0.000	0.000	98	2734
clustercenter10317_0001_0001	0.000	0.000	414	3821
clustercenter98471_0001_0001	0.000	0.000	274	3382
clustercenter180206_0001_0001	0.000	0.000	6	2812
clustercenter130679_0001_0001	0.000	0.000	182	3426
clustercenter28416_0001_0001	0.000	0.000	147	2747
clustercenter175634_0001_0001	0.000	0.000	246	3545
clustercenter14694_0001_0001	0.000	0.000	476	3592
clustercenter50768_0001_0001	0.000	0.000	142	3218
clustercenter39129_0001_0001	0.000	0.000	77	3244
clustercenter75343_0001_0001	0.000	0.000	2	4092
clustercenter179978_0001_0001	0.000	0.000	230	3539
clustercenter11020_0001_0001	0.000	0.000	219	3442
clustercenter191524_0001_0001	0.000	0.000	141	3491
clustercenter4827_0001_0001	0.000	0.000	257	3304
clustercenter7825_0001_0001	0.000	0.000	94	2825
clustercenter124068_0001_0001	0.000	0.000	59	2543
clustercenter14285_0001_0001	0.000	0.000	139	2833
clustercenter113120_0001_0001	0.000	0.000	87	3081
clustercenter57781_0001_0001	0.000	0.000	140	2602
clustercenter10144_0001_0001	0.000	0.000	268	3998
clustercenter6258_0001_0001	0.000	0.000	140	3582
clustercenter115566_0001_0001	0.000	0.000	319	2679
clustercenter192243_0001_0001	0.000	0.000	56	2799
clustercenter31088_0001_0001	0.000	0.000	153	3162
clustercenter4695_0001_0001	0.000	0.000	190	3508
clustercenter23787_0001_0001	0.000	0.000	302	3655
clustercenter151398_0001_0001	0.000	0.000	91	2878
clustercenter113236_0001_0001	0.000	0.000	49	2724
clustercenter10399_0001_0001	0.000	0.000	87	3244
clustercenter182756_0001_0001	0.000	0.000	151	3961
clustercenter55014_0001_0001	0.000	0.000	64	2722
clustercenter64854_0001_0001	0.000	0.000	176	3336
clustercenter44365_0001_0001	0.000	0.000	241	3248
clustercenter154720_0001_0001	0.000	0.000	42	2101
clustercenter107459_0001_0001	0.000	0.000	306	3246
clustercenter14728_0001_0001	0.000	0.000	508	3546
clustercenter66299_0001_0001	0.000	0.000	321	3225
clustercenter71873_0001_0001	0.000	0.000	35	3168
clustercenter117754_0001_0001	0.000	0.000	93	3420
clustercenter167736_0001_0001	0.000	0.000	84	2818
clustercenter131020_0001_0001	0.000	0.000	72	3106
clustercenter54887_0001_0001	0.000	0.000	203	3394
clustercenter79863_0001_0001	0.000	0.000	499	3252
clustercenter61215_0001_0001	0.000	0.000	161	3128
clustercenter67928_0001_0001	0.000	0.000	54	2989
clustercenter63119_0001_0001	0.000	0.000	66	2595
clustercenter45513_0001_0001	0.000	0.000	235	3450
