SEQUENCE: KLQEXHKLQEXHKLQEXHKLQEXH
SCORE:    score    description
SCORE:    86.299    Pnear_sample1
REMARK PROTEIN SILENTFILE
ANNOTATED_SEQUENCE: K[LYS:protein_cutpoint_upper]LQ[DGLN]E[DGLU]X[AIB]HK[DLYS]L[DLEU]QEX[AIB]H[DHIS]KLQ[DGLN]E[DGLU]X[AIB]HK[DLYS]L[DLEU]QEX[AIB]H[DHIS:protein_cutpoint_lower] Pnear_sample1
   1  L    64.721   -4.570  180.000    0.766    1.240    0.000    0.000    0.000    0.000    0.000 Pnear_sample1
   2  L    76.459   32.469  180.000   -0.670    2.186    3.392    0.000    0.000    0.000    0.000 Pnear_sample1
   3  L   -84.124  -24.488  180.000   -3.324    4.433    1.850    0.000    0.000    0.000    0.000 Pnear_sample1
   4  L   125.014 -126.813  180.000   -6.092    2.977    4.013    0.000    0.000    0.000    0.000 Pnear_sample1
   5  L  -101.816  -92.742  180.000   -9.253    1.321    2.698    0.000    0.000    0.000    0.000 Pnear_sample1
   6  L    25.201   64.931  180.000  -10.915    2.783   -0.395    0.000    0.000    0.000    0.000 Pnear_sample1
   7  L   -65.734  -54.607  180.000  -10.695   -0.581   -2.156    0.000    0.000    0.000    0.000 Pnear_sample1
   8  L   110.592  178.536  180.000  -12.921    0.337   -5.099    0.000    0.000    0.000    0.000 Pnear_sample1
   9  L   -79.672   87.389  180.000  -15.366   -1.532   -7.334    0.000    0.000    0.000    0.000 Pnear_sample1
  10  L   -92.603   89.356  180.000  -13.615   -4.896   -7.619    0.000    0.000    0.000    0.000 Pnear_sample1
  11  L   -35.751  -37.395  180.000  -15.902   -6.942   -9.866    0.000    0.000    0.000    0.000 Pnear_sample1
  12  L   -67.060   26.005  180.000  -14.053   -9.929   -8.410    0.000    0.000    0.000    0.000 Pnear_sample1
  13  L    45.867   49.740  180.000  -16.172   -9.287   -5.319    0.000    0.000    0.000    0.000 Pnear_sample1
  14  L    37.872   30.712  180.000  -13.107   -7.982   -3.485    0.000    0.000    0.000    0.000 Pnear_sample1
  15  L   -66.959   -2.807  180.000  -12.118  -11.654   -3.443    0.000    0.000    0.000    0.000 Pnear_sample1
  16  L   -61.382  -16.689  180.000   -8.543  -10.356   -3.421    0.000    0.000    0.000    0.000 Pnear_sample1
  17  L   -72.637   -2.721  180.000   -8.714  -10.789    0.353    0.000    0.000    0.000    0.000 Pnear_sample1
  18  L   -93.152   97.298  180.000   -8.267  -14.511   -0.288    0.000    0.000    0.000    0.000 Pnear_sample1
  19  L    80.830    7.082  180.000   -4.569  -15.271    0.168    0.000    0.000    0.000    0.000 Pnear_sample1
  20  L   -58.830  -73.094  180.000   -3.796  -11.609   -0.503    0.000    0.000    0.000    0.000 Pnear_sample1
  21  L    50.268   29.154  180.000   -1.767  -10.729    2.590    0.000    0.000    0.000    0.000 Pnear_sample1
  22  L  -168.252  158.843  180.000   -0.381   -7.866    0.506    0.000    0.000    0.000    0.000 Pnear_sample1
  23  L   129.333 -142.405  180.000   -1.285   -4.569   -1.161    0.000    0.000    0.000    0.000 Pnear_sample1
  24  L    89.209  -28.579  180.000   -2.286   -1.204    0.301    0.000    0.000    0.000    0.000 Pnear_sample1
