ala	-180.0	-180.0	5.436719e-004	7.517165e+000
ala	-170.0	-180.0	9.476649e-004	6.961510e+000
ala	-160.0	-180.0	1.274955e-003	6.664844e+000
ala	-150.0	-180.0	1.334395e-003	6.619277e+000
ala	-140.0	-180.0	1.150216e-003	6.767806e+000
ala	-130.0	-180.0	9.216021e-004	6.989397e+000
ala	-120.0	-180.0	7.972182e-004	7.134382e+000
ala	-110.0	-180.0	8.218162e-004	7.103994e+000
ala	-100.0	-180.0	1.026106e-003	6.881984e+000
ala	 -90.0	-180.0	1.408713e-003	6.565079e+000
ala	 -80.0	-180.0	1.767827e-003	6.338004e+000
ala	 -70.0	-180.0	1.664663e-003	6.398133e+000
ala	 -60.0	-180.0	1.005417e-003	6.902353e+000
ala	 -50.0	-180.0	3.658651e-004	7.913246e+000
ala	 -40.0	-180.0	8.617296e-005	9.359154e+000
ala	 -30.0	-180.0	1.791254e-005	1.093001e+001
ala	 -20.0	-180.0	6.102276e-006	1.200685e+001
ala	 -10.0	-180.0	4.542816e-006	1.230196e+001
ala	   0.0	-180.0	5.508014e-006	1.210931e+001
ala	  10.0	-180.0	7.997630e-006	1.173637e+001
ala	  20.0	-180.0	1.179625e-005	1.134773e+001
ala	  30.0	-180.0	1.634770e-005	1.102142e+001
ala	  40.0	-180.0	2.047479e-005	1.079632e+001
ala	  50.0	-180.0	2.273497e-005	1.069161e+001
ala	  60.0	-180.0	2.223893e-005	1.071367e+001
ala	  70.0	-180.0	1.925362e-005	1.085781e+001
ala	  80.0	-180.0	1.499895e-005	1.110753e+001
ala	  90.0	-180.0	1.084727e-005	1.143160e+001
ala	 100.0	-180.0	7.668864e-006	1.177834e+001
ala	 110.0	-180.0	5.756960e-006	1.206510e+001
ala	 120.0	-180.0	5.216044e-006	1.216377e+001
ala	 130.0	-180.0	6.673491e-006	1.191737e+001
ala	 140.0	-180.0	1.288799e-005	1.125921e+001
ala	 150.0	-180.0	3.330332e-005	1.030985e+001
ala	 160.0	-180.0	9.410478e-005	9.271102e+000
ala	 170.0	-180.0	2.469838e-004	8.306188e+000
ala	-180.0	-170.0	2.762163e-004	8.194326e+000
ala	-170.0	-170.0	4.541183e-004	7.697153e+000
ala	-160.0	-170.0	5.877958e-004	7.439131e+000
ala	-150.0	-170.0	6.067113e-004	7.407458e+000
ala	-140.0	-170.0	5.302584e-004	7.542146e+000
ala	-130.0	-170.0	4.387407e-004	7.731602e+000
ala	-120.0	-170.0	3.879257e-004	7.854697e+000
ala	-110.0	-170.0	3.911648e-004	7.846382e+000
ala	-100.0	-170.0	4.494824e-004	7.707414e+000
ala	 -90.0	-170.0	5.426832e-004	7.518985e+000
ala	 -80.0	-170.0	5.893133e-004	7.436553e+000
ala	 -70.0	-170.0	4.914902e-004	7.618069e+000
ala	 -60.0	-170.0	2.825695e-004	8.171586e+000
ala	 -50.0	-170.0	1.102192e-004	9.113040e+000
ala	 -40.0	-170.0	3.336555e-005	1.030799e+001
ala	 -30.0	-170.0	1.103577e-005	1.141437e+001
ala	 -20.0	-170.0	5.925809e-006	1.203619e+001
ala	 -10.0	-170.0	5.673831e-006	1.207965e+001
ala	   0.0	-170.0	7.808735e-006	1.176027e+001
ala	  10.0	-170.0	1.212640e-005	1.132013e+001
ala	  20.0	-170.0	1.855151e-005	1.089496e+001
ala	  30.0	-170.0	2.620720e-005	1.054948e+001
ala	  40.0	-170.0	3.309066e-005	1.031626e+001
ala	  50.0	-170.0	3.673265e-005	1.021184e+001
ala	  60.0	-170.0	3.563823e-005	1.024209e+001
ala	  70.0	-170.0	3.032793e-005	1.040344e+001
ala	  80.0	-170.0	2.295304e-005	1.068206e+001
ala	  90.0	-170.0	1.587450e-005	1.105080e+001
ala	 100.0	-170.0	1.051759e-005	1.146246e+001
ala	 110.0	-170.0	7.231180e-006	1.183711e+001
ala	 120.0	-170.0	5.857707e-006	1.204775e+001
ala	 130.0	-170.0	6.503176e-006	1.194322e+001
ala	 140.0	-170.0	1.059190e-005	1.145542e+001
ala	 150.0	-170.0	2.314954e-005	1.067354e+001
ala	 160.0	-170.0	5.713963e-005	9.770013e+000
ala	 170.0	-170.0	1.355331e-004	8.906294e+000
ala	-180.0	-160.0	1.260179e-004	8.979087e+000
ala	-170.0	-160.0	1.952597e-004	8.541180e+000
ala	-160.0	-160.0	2.464573e-004	8.308322e+000
ala	-150.0	-160.0	2.573345e-004	8.265134e+000
ala	-140.0	-160.0	2.353635e-004	8.354379e+000
ala	-130.0	-160.0	2.063749e-004	8.485816e+000
ala	-120.0	-160.0	1.887624e-004	8.575021e+000
ala	-110.0	-160.0	1.869301e-004	8.584776e+000
ala	-100.0	-160.0	1.982320e-004	8.526072e+000
ala	 -90.0	-160.0	2.119859e-004	8.458991e+000
ala	 -80.0	-160.0	2.047908e-004	8.493522e+000
ala	 -70.0	-160.0	1.593256e-004	8.744560e+000
ala	 -60.0	-160.0	9.350412e-005	9.277505e+000
ala	 -50.0	-160.0	4.261853e-005	1.006322e+001
ala	 -40.0	-160.0	1.771330e-005	1.094119e+001
ala	 -30.0	-160.0	8.710405e-006	1.165099e+001
ala	 -20.0	-160.0	6.360777e-006	1.196536e+001
ala	 -10.0	-160.0	7.234820e-006	1.183661e+001
ala	   0.0	-160.0	1.082749e-005	1.143342e+001
ala	  10.0	-160.0	1.751894e-005	1.095223e+001
ala	  20.0	-160.0	2.736871e-005	1.050611e+001
ala	  30.0	-160.0	3.906523e-005	1.015028e+001
ala	  40.0	-160.0	4.951422e-005	9.913251e+000
ala	  50.0	-160.0	5.490206e-005	9.809960e+000
ala	  60.0	-160.0	5.295679e-005	9.846034e+000
ala	  70.0	-160.0	4.455584e-005	1.001877e+001
ala	  80.0	-160.0	3.308638e-005	1.031639e+001
ala	  90.0	-160.0	2.220053e-005	1.071539e+001
ala	 100.0	-160.0	1.403281e-005	1.117411e+001
ala	 110.0	-160.0	8.990309e-006	1.161936e+001
ala	 120.0	-160.0	6.589223e-006	1.193008e+001
ala	 130.0	-160.0	6.396589e-006	1.195975e+001
ala	 140.0	-160.0	8.780758e-006	1.164295e+001
ala	 150.0	-160.0	1.584684e-005	1.105254e+001
ala	 160.0	-160.0	3.281604e-005	1.032459e+001
ala	 170.0	-160.0	6.796758e-005	9.596480e+000
ala	-180.0	-150.0	6.165294e-005	9.693990e+000
ala	-170.0	-150.0	9.059274e-005	9.309136e+000
ala	-160.0	-150.0	1.140106e-004	9.079219e+000
ala	-150.0	-150.0	1.242069e-004	8.993562e+000
ala	-140.0	-150.0	1.220608e-004	9.010991e+000
ala	-130.0	-150.0	1.144835e-004	9.075080e+000
ala	-120.0	-150.0	1.076041e-004	9.137052e+000
ala	-110.0	-150.0	1.037672e-004	9.173361e+000
ala	-100.0	-150.0	1.019966e-004	9.190571e+000
ala	 -90.0	-150.0	9.826067e-005	9.227887e+000
ala	 -80.0	-150.0	8.670091e-005	9.353046e+000
ala	 -70.0	-150.0	6.547467e-005	9.633847e+000
ala	 -60.0	-150.0	4.123805e-005	1.009615e+001
ala	 -50.0	-150.0	2.273970e-005	1.069140e+001
ala	 -40.0	-150.0	1.244433e-005	1.129425e+001
ala	 -30.0	-150.0	7.984870e-006	1.173796e+001
ala	 -20.0	-150.0	7.051148e-006	1.186232e+001
ala	 -10.0	-150.0	8.923940e-006	1.162677e+001
ala	   0.0	-150.0	1.403996e-005	1.117360e+001
ala	  10.0	-150.0	2.323559e-005	1.066983e+001
ala	  20.0	-150.0	3.668044e-005	1.021327e+001
ala	  30.0	-150.0	5.259056e-005	9.852974e+000
ala	  40.0	-150.0	6.671845e-005	9.615029e+000
ala	  50.0	-150.0	7.384979e-005	9.513477e+000
ala	  60.0	-150.0	7.092591e-005	9.553875e+000
ala	  70.0	-150.0	5.923040e-005	9.734076e+000
ala	  80.0	-150.0	4.346122e-005	1.004364e+001
ala	  90.0	-150.0	2.861499e-005	1.046158e+001
ala	 100.0	-150.0	1.754772e-005	1.095059e+001
ala	 110.0	-150.0	1.071151e-005	1.144419e+001
ala	 120.0	-150.0	7.292538e-006	1.182866e+001
ala	 130.0	-150.0	6.392162e-006	1.196044e+001
ala	 140.0	-150.0	7.698663e-006	1.177446e+001
ala	 150.0	-150.0	1.184457e-005	1.134364e+001
ala	 160.0	-150.0	2.067780e-005	1.078645e+001
ala	 170.0	-150.0	3.690104e-005	1.020727e+001
ala	-180.0	-140.0	3.880172e-005	1.015705e+001
ala	-170.0	-140.0	5.506242e-005	9.807043e+000
ala	-160.0	-140.0	7.027199e-005	9.563137e+000
ala	-150.0	-140.0	8.063860e-005	9.425533e+000
ala	-140.0	-140.0	8.462308e-005	9.377304e+000
ala	-130.0	-140.0	8.326322e-005	9.393504e+000
ala	-120.0	-140.0	7.876372e-005	9.449058e+000
ala	-110.0	-140.0	7.300970e-005	9.524918e+000
ala	-100.0	-140.0	6.668323e-005	9.615557e+000
ala	 -90.0	-140.0	5.909545e-005	9.736357e+000
ala	 -80.0	-140.0	4.912431e-005	9.921157e+000
ala	 -70.0	-140.0	3.705473e-005	1.020311e+001
ala	 -60.0	-140.0	2.522763e-005	1.058757e+001
ala	 -50.0	-140.0	1.612347e-005	1.103523e+001
ala	 -40.0	-140.0	1.049689e-005	1.146443e+001
ala	 -30.0	-140.0	7.838673e-006	1.175644e+001
ala	 -20.0	-140.0	7.694403e-006	1.177502e+001
ala	 -10.0	-140.0	1.029992e-005	1.148337e+001
ala	   0.0	-140.0	1.658082e-005	1.100726e+001
ala	  10.0	-140.0	2.767117e-005	1.049512e+001
ala	  20.0	-140.0	4.379928e-005	1.003589e+001
ala	  30.0	-140.0	6.280715e-005	9.675442e+000
ala	  40.0	-140.0	7.958144e-005	9.438730e+000
ala	  50.0	-140.0	8.788696e-005	9.339459e+000
ala	  60.0	-140.0	8.412381e-005	9.383221e+000
ala	  70.0	-140.0	6.991714e-005	9.568200e+000
ala	  80.0	-140.0	5.095001e-005	9.884666e+000
ala	  90.0	-140.0	3.319936e-005	1.031298e+001
ala	 100.0	-140.0	2.002793e-005	1.081838e+001
ala	 110.0	-140.0	1.190110e-005	1.133888e+001
ala	 120.0	-140.0	7.759873e-006	1.176654e+001
ala	 130.0	-140.0	6.396604e-006	1.195974e+001
ala	 140.0	-140.0	7.139576e-006	1.184986e+001
ala	 150.0	-140.0	1.001645e-005	1.151128e+001
ala	 160.0	-140.0	1.569496e-005	1.106217e+001
ala	 170.0	-140.0	2.516260e-005	1.059015e+001
ala	-180.0	-130.0	3.187145e-005	1.035380e+001
ala	-170.0	-130.0	4.480598e-005	1.001317e+001
ala	-160.0	-130.0	5.808304e-005	9.753637e+000
ala	-150.0	-130.0	6.885751e-005	9.583471e+000
ala	-140.0	-130.0	7.476021e-005	9.501225e+000
ala	-130.0	-130.0	7.498473e-005	9.498226e+000
ala	-120.0	-130.0	7.045068e-005	9.560598e+000
ala	-110.0	-130.0	6.301841e-005	9.672084e+000
ala	-100.0	-130.0	5.436290e-005	9.819829e+000
ala	 -90.0	-130.0	4.533114e-005	1.000152e+001
ala	 -80.0	-130.0	3.618903e-005	1.022675e+001
ala	 -70.0	-130.0	2.733246e-005	1.050744e+001
ala	 -60.0	-130.0	1.955835e-005	1.084211e+001
ala	 -50.0	-130.0	1.360517e-005	1.120506e+001
ala	 -40.0	-130.0	9.721955e-006	1.154112e+001
ala	 -30.0	-130.0	7.844716e-006	1.175567e+001
ala	 -20.0	-130.0	8.062070e-006	1.172834e+001
ala	 -10.0	-130.0	1.094715e-005	1.142243e+001
ala	   0.0	-130.0	1.760777e-005	1.094717e+001
ala	  10.0	-130.0	2.926622e-005	1.043908e+001
ala	  20.0	-130.0	4.614034e-005	9.983823e+000
ala	  30.0	-130.0	6.593353e-005	9.626863e+000
ala	  40.0	-130.0	8.328527e-005	9.393239e+000
ala	  50.0	-130.0	9.171998e-005	9.296770e+000
ala	  60.0	-130.0	8.756140e-005	9.343170e+000
ala	  70.0	-130.0	7.258506e-005	9.530751e+000
ala	  80.0	-130.0	5.275019e-005	9.849943e+000
ala	  90.0	-130.0	3.426494e-005	1.028139e+001
ala	 100.0	-130.0	2.058390e-005	1.079100e+001
ala	 110.0	-130.0	1.214571e-005	1.131853e+001
ala	 120.0	-130.0	7.813618e-006	1.175964e+001
ala	 130.0	-130.0	6.293606e-006	1.197598e+001
ala	 140.0	-130.0	6.811149e-006	1.189695e+001
ala	 150.0	-130.0	9.219773e-006	1.159416e+001
ala	 160.0	-130.0	1.386836e-005	1.118590e+001
ala	 170.0	-130.0	2.132558e-005	1.075560e+001
ala	-180.0	-120.0	2.968278e-005	1.042494e+001
ala	-170.0	-120.0	4.190728e-005	1.008005e+001
ala	-160.0	-120.0	5.493499e-005	9.809360e+000
ala	-150.0	-120.0	6.610638e-005	9.624245e+000
ala	-140.0	-120.0	7.273755e-005	9.528653e+000
ala	-130.0	-120.0	7.340438e-005	9.519527e+000
ala	-120.0	-120.0	6.858612e-005	9.587420e+000
ala	-110.0	-120.0	6.017744e-005	9.718213e+000
ala	-100.0	-120.0	5.032785e-005	9.896952e+000
ala	 -90.0	-120.0	4.054813e-005	1.011302e+001
ala	 -80.0	-120.0	3.158673e-005	1.036277e+001
ala	 -70.0	-120.0	2.379832e-005	1.064590e+001
ala	 -60.0	-120.0	1.743391e-005	1.095709e+001
ala	 -50.0	-120.0	1.264750e-005	1.127805e+001
ala	 -40.0	-120.0	9.456530e-006	1.156881e+001
ala	 -30.0	-120.0	7.862537e-006	1.175340e+001
ala	 -20.0	-120.0	8.075233e-006	1.172671e+001
ala	 -10.0	-120.0	1.070713e-005	1.144460e+001
ala	   0.0	-120.0	1.680192e-005	1.099402e+001
ala	  10.0	-120.0	2.745806e-005	1.050285e+001
ala	  20.0	-120.0	4.282336e-005	1.005843e+001
ala	  30.0	-120.0	6.075454e-005	9.708669e+000
ala	  40.0	-120.0	7.636585e-005	9.479975e+000
ala	  50.0	-120.0	8.382589e-005	9.386769e+000
ala	  60.0	-120.0	7.988279e-005	9.434950e+000
ala	  70.0	-120.0	6.620752e-005	9.622716e+000
ala	  80.0	-120.0	4.820482e-005	9.940052e+000
ala	  90.0	-120.0	3.146119e-005	1.036676e+001
ala	 100.0	-120.0	1.906582e-005	1.086761e+001
ala	 110.0	-120.0	1.139995e-005	1.138190e+001
ala	 120.0	-120.0	7.442080e-006	1.180836e+001
ala	 130.0	-120.0	6.039647e-006	1.201717e+001
ala	 140.0	-120.0	6.510635e-006	1.194207e+001
ala	 150.0	-120.0	8.734601e-006	1.164822e+001
ala	 160.0	-120.0	1.302799e-005	1.124841e+001
ala	 170.0	-120.0	1.990647e-005	1.082447e+001
ala	-180.0	-110.0	2.789342e-005	1.048712e+001
ala	-170.0	-110.0	3.960932e-005	1.013645e+001
ala	-160.0	-110.0	5.231753e-005	9.858179e+000
ala	-150.0	-110.0	6.349274e-005	9.664585e+000
ala	-140.0	-110.0	7.043506e-005	9.560819e+000
ala	-130.0	-110.0	7.154782e-005	9.545144e+000
ala	-120.0	-110.0	6.709153e-005	9.609453e+000
ala	-110.0	-110.0	5.882830e-005	9.740888e+000
ala	-100.0	-110.0	4.893398e-005	9.925038e+000
ala	 -90.0	-110.0	3.908471e-005	1.014978e+001
ala	 -80.0	-110.0	3.022285e-005	1.040691e+001
ala	 -70.0	-110.0	2.278096e-005	1.068959e+001
ala	 -60.0	-110.0	1.690446e-005	1.098793e+001
ala	 -50.0	-110.0	1.254331e-005	1.128632e+001
ala	 -40.0	-110.0	9.565709e-006	1.155733e+001
ala	 -30.0	-110.0	7.933191e-006	1.174446e+001
ala	 -20.0	-110.0	7.837225e-006	1.175663e+001
ala	 -10.0	-110.0	9.781599e-006	1.153501e+001
ala	   0.0	-110.0	1.458092e-005	1.113580e+001
ala	  10.0	-110.0	2.306402e-005	1.067724e+001
ala	  20.0	-110.0	3.528329e-005	1.025210e+001
ala	  30.0	-110.0	4.947858e-005	9.913971e+000
ala	  40.0	-110.0	6.176292e-005	9.692207e+000
ala	  50.0	-110.0	6.756365e-005	9.602440e+000
ala	  60.0	-110.0	6.437454e-005	9.650792e+000
ala	  70.0	-110.0	5.354684e-005	9.834954e+000
ala	  80.0	-110.0	3.932576e-005	1.014363e+001
ala	  90.0	-110.0	2.607651e-005	1.055448e+001
ala	 100.0	-110.0	1.621404e-005	1.102963e+001
ala	 110.0	-110.0	1.005416e-005	1.150752e+001
ala	 120.0	-110.0	6.832888e-006	1.189376e+001
ala	 130.0	-110.0	5.694369e-006	1.207603e+001
ala	 140.0	-110.0	6.161182e-006	1.199724e+001
ala	 150.0	-110.0	8.213517e-006	1.170973e+001
ala	 160.0	-110.0	1.219959e-005	1.131411e+001
ala	 170.0	-110.0	1.864332e-005	1.089002e+001
ala	-180.0	-100.0	2.522232e-005	1.058778e+001
ala	-170.0	-100.0	3.593003e-005	1.023394e+001
ala	-160.0	-100.0	4.773566e-005	9.949832e+000
ala	-150.0	-100.0	5.842494e-005	9.747768e+000
ala	-140.0	-100.0	6.556464e-005	9.632474e+000
ala	-130.0	-100.0	6.762105e-005	9.601591e+000
ala	-120.0	-100.0	6.464019e-005	9.646674e+000
ala	-110.0	-100.0	5.796898e-005	9.755602e+000
ala	-100.0	-100.0	4.935058e-005	9.916561e+000
ala	 -90.0	-100.0	4.020476e-005	1.012153e+001
ala	 -80.0	-100.0	3.153145e-005	1.036453e+001
ala	 -70.0	-100.0	2.408123e-005	1.063408e+001
ala	 -60.0	-100.0	1.824208e-005	1.091178e+001
ala	 -50.0	-100.0	1.386973e-005	1.118580e+001
ala	 -40.0	-100.0	1.061678e-005	1.145308e+001
ala	 -30.0	-100.0	8.450252e-006	1.168131e+001
ala	 -20.0	-100.0	7.658478e-006	1.177970e+001
ala	 -10.0	-100.0	8.623582e-006	1.166101e+001
ala	   0.0	-100.0	1.182245e-005	1.134551e+001
ala	  10.0	-100.0	1.773096e-005	1.094020e+001
ala	  20.0	-100.0	2.630220e-005	1.054586e+001
ala	  30.0	-100.0	3.624777e-005	1.022513e+001
ala	  40.0	-100.0	4.483984e-005	1.001241e+001
ala	  50.0	-100.0	4.891960e-005	9.925333e+000
ala	  60.0	-100.0	4.677372e-005	9.970189e+000
ala	  70.0	-100.0	3.933029e-005	1.014352e+001
ala	  80.0	-100.0	2.948492e-005	1.043163e+001
ala	  90.0	-100.0	2.021858e-005	1.080891e+001
ala	 100.0	-100.0	1.320377e-005	1.123501e+001
ala	 110.0	-100.0	8.706538e-006	1.165144e+001
ala	 120.0	-100.0	6.270876e-006	1.197959e+001
ala	 130.0	-100.0	5.382313e-006	1.213239e+001
ala	 140.0	-100.0	5.790415e-006	1.205931e+001
ala	 150.0	-100.0	7.575340e-006	1.179061e+001
ala	 160.0	-100.0	1.109863e-005	1.140869e+001
ala	 170.0	-100.0	1.686320e-005	1.099038e+001
ala	-180.0	 -90.0	2.190944e-005	1.072859e+001
ala	-170.0	 -90.0	3.124431e-005	1.037367e+001
ala	-160.0	 -90.0	4.181080e-005	1.008236e+001
ala	-150.0	 -90.0	5.190393e-005	9.866116e+000
ala	-140.0	 -90.0	5.960114e-005	9.727836e+000
ala	-130.0	 -90.0	6.360163e-005	9.662871e+000
ala	-120.0	 -90.0	6.372057e-005	9.661003e+000
ala	-110.0	 -90.0	6.065384e-005	9.710328e+000
ala	-100.0	 -90.0	5.526312e-005	9.803405e+000
ala	 -90.0	 -90.0	4.817008e-005	9.940773e+000
ala	 -80.0	 -90.0	4.027879e-005	1.011969e+001
ala	 -70.0	 -90.0	3.310191e-005	1.031592e+001
ala	 -60.0	 -90.0	2.738284e-005	1.050559e+001
ala	 -50.0	 -90.0	2.214040e-005	1.071811e+001
ala	 -40.0	 -90.0	1.645671e-005	1.101478e+001
ala	 -30.0	 -90.0	1.134903e-005	1.138638e+001
ala	 -20.0	 -90.0	8.348080e-006	1.169348e+001
ala	 -10.0	 -90.0	7.778830e-006	1.176410e+001
ala	   0.0	 -90.0	9.361455e-006	1.157891e+001
ala	  10.0	 -90.0	1.296391e-005	1.125334e+001
ala	  20.0	 -90.0	1.836970e-005	1.090481e+001
ala	  30.0	 -90.0	2.470135e-005	1.060865e+001
ala	  40.0	 -90.0	3.023589e-005	1.040648e+001
ala	  50.0	 -90.0	3.300688e-005	1.031879e+001
ala	  60.0	 -90.0	3.193148e-005	1.035192e+001
ala	  70.0	 -90.0	2.752264e-005	1.050050e+001
ala	  80.0	 -90.0	2.149002e-005	1.074792e+001
ala	  90.0	 -90.0	1.562938e-005	1.106636e+001
ala	 100.0	 -90.0	1.099760e-005	1.141783e+001
ala	 110.0	 -90.0	7.842726e-006	1.175592e+001
ala	 120.0	 -90.0	5.990414e-006	1.202535e+001
ala	 130.0	 -90.0	5.224880e-006	1.216208e+001
ala	 140.0	 -90.0	5.483070e-006	1.211385e+001
ala	 150.0	 -90.0	6.909805e-006	1.188257e+001
ala	 160.0	 -90.0	9.844250e-006	1.152862e+001
ala	 170.0	 -90.0	1.473245e-005	1.112546e+001
ala	-180.0	 -80.0	1.882901e-005	1.088011e+001
ala	-170.0	 -80.0	2.693121e-005	1.052222e+001
ala	-160.0	 -80.0	3.656612e-005	1.021639e+001
ala	-150.0	 -80.0	4.669402e-005	9.971895e+000
ala	-140.0	 -80.0	5.609876e-005	9.788397e+000
ala	-130.0	 -80.0	6.390726e-005	9.658078e+000
ala	-120.0	 -80.0	6.991396e-005	9.568245e+000
ala	-110.0	 -80.0	7.439851e-005	9.506075e+000
ala	-100.0	 -80.0	7.729309e-005	9.467906e+000
ala	 -90.0	 -80.0	7.809077e-005	9.457639e+000
ala	 -80.0	 -80.0	7.866438e-005	9.450320e+000
ala	 -70.0	 -80.0	8.270556e-005	9.400224e+000
ala	 -60.0	 -80.0	8.534689e-005	9.368787e+000
ala	 -50.0	 -80.0	7.416246e-005	9.509253e+000
ala	 -40.0	 -80.0	4.921364e-005	9.919340e+000
ala	 -30.0	 -80.0	2.551619e-005	1.057620e+001
ala	 -20.0	 -80.0	1.245854e-005	1.129310e+001
ala	 -10.0	 -80.0	7.945175e-006	1.174295e+001
ala	   0.0	 -80.0	7.679729e-006	1.177693e+001
ala	  10.0	 -80.0	9.517227e-006	1.156241e+001
ala	  20.0	 -80.0	1.269420e-005	1.127437e+001
ala	  30.0	 -80.0	1.655900e-005	1.100858e+001
ala	  40.0	 -80.0	2.009302e-005	1.081514e+001
ala	  50.0	 -80.0	2.214551e-005	1.071788e+001
ala	  60.0	 -80.0	2.202520e-005	1.072332e+001
ala	  70.0	 -80.0	1.989461e-005	1.082506e+001
ala	  80.0	 -80.0	1.659349e-005	1.100650e+001
ala	  90.0	 -80.0	1.308477e-005	1.124406e+001
ala	 100.0	 -80.0	1.002106e-005	1.151082e+001
ala	 110.0	 -80.0	7.674190e-006	1.177765e+001
ala	 120.0	 -80.0	6.095466e-006	1.200797e+001
ala	 130.0	 -80.0	5.290836e-006	1.214953e+001
ala	 140.0	 -80.0	5.324822e-006	1.214313e+001
ala	 150.0	 -80.0	6.370188e-006	1.196388e+001
ala	 160.0	 -80.0	8.723987e-006	1.164943e+001
ala	 170.0	 -80.0	1.276820e-005	1.126855e+001
ala	-180.0	 -70.0	1.680529e-005	1.099382e+001
ala	-170.0	 -70.0	2.432838e-005	1.062387e+001
ala	-160.0	 -70.0	3.402059e-005	1.028854e+001
ala	-150.0	 -70.0	4.565551e-005	9.994386e+000
ala	-140.0	 -70.0	5.893689e-005	9.739043e+000
ala	-130.0	 -70.0	7.380277e-005	9.514114e+000
ala	-120.0	 -70.0	9.092681e-005	9.305456e+000
ala	-110.0	 -70.0	1.118924e-004	9.097973e+000
ala	-100.0	 -70.0	1.378153e-004	8.889596e+000
ala	 -90.0	 -70.0	1.713408e-004	8.671856e+000
ala	 -80.0	 -70.0	2.307922e-004	8.373993e+000
ala	 -70.0	 -70.0	3.368992e-004	7.995727e+000
ala	 -60.0	 -70.0	4.264478e-004	7.760021e+000
ala	 -50.0	 -70.0	3.757206e-004	7.886665e+000
ala	 -40.0	 -70.0	2.139902e-004	8.449580e+000
ala	 -30.0	 -70.0	8.331258e-005	9.392911e+000
ala	 -20.0	 -70.0	2.659542e-005	1.053477e+001
ala	 -10.0	 -70.0	1.010086e-005	1.150289e+001
ala	   0.0	 -70.0	6.887350e-006	1.188582e+001
ala	  10.0	 -70.0	7.407547e-006	1.181301e+001
ala	  20.0	 -70.0	9.274145e-006	1.158828e+001
ala	  30.0	 -70.0	1.178536e-005	1.134865e+001
ala	  40.0	 -70.0	1.433559e-005	1.115277e+001
ala	  50.0	 -70.0	1.624258e-005	1.102787e+001
ala	  60.0	 -70.0	1.698377e-005	1.098325e+001
ala	  70.0	 -70.0	1.642060e-005	1.101697e+001
ala	  80.0	 -70.0	1.480695e-005	1.112041e+001
ala	  90.0	 -70.0	1.260684e-005	1.128127e+001
ala	 100.0	 -70.0	1.028587e-005	1.148474e+001
ala	 110.0	 -70.0	8.198751e-006	1.171153e+001
ala	 120.0	 -70.0	6.580037e-006	1.193147e+001
ala	 130.0	 -70.0	5.587432e-006	1.209499e+001
ala	 140.0	 -70.0	5.359376e-006	1.213666e+001
ala	 150.0	 -70.0	6.072275e-006	1.201178e+001
ala	 160.0	 -70.0	7.984511e-006	1.173801e+001
ala	 170.0	 -70.0	1.144069e-005	1.137833e+001
ala	-180.0	 -60.0	1.621926e-005	1.102931e+001
ala	-170.0	 -60.0	2.412058e-005	1.063245e+001
ala	-160.0	 -60.0	3.533076e-005	1.025076e+001
ala	-150.0	 -60.0	5.065035e-005	9.890564e+000
ala	-140.0	 -60.0	7.102912e-005	9.552421e+000
ala	-130.0	 -60.0	9.793142e-005	9.231243e+000
ala	-120.0	 -60.0	1.348191e-004	8.911577e+000
ala	-110.0	 -60.0	1.888466e-004	8.574575e+000
ala	-100.0	 -60.0	2.708660e-004	8.213887e+000
ala	 -90.0	 -60.0	4.131897e-004	7.791604e+000
ala	 -80.0	 -60.0	7.469692e-004	7.199487e+000
ala	 -70.0	 -60.0	1.447053e-003	6.538226e+000
ala	 -60.0	 -60.0	2.107302e-003	6.162347e+000
ala	 -50.0	 -60.0	1.795210e-003	6.322633e+000
ala	 -40.0	 -60.0	8.571510e-004	7.061896e+000
ala	 -30.0	 -60.0	2.550945e-004	8.273876e+000
ala	 -20.0	 -60.0	5.847340e-005	9.746939e+000
ala	 -10.0	 -60.0	1.448307e-005	1.114253e+001
ala	   0.0	 -60.0	6.720189e-006	1.191039e+001
ala	  10.0	 -60.0	6.255382e-006	1.198207e+001
ala	  20.0	 -60.0	7.523260e-006	1.179751e+001
ala	  30.0	 -60.0	9.551172e-006	1.155885e+001
ala	  40.0	 -60.0	1.196426e-005	1.133359e+001
ala	  50.0	 -60.0	1.430567e-005	1.115485e+001
ala	  60.0	 -60.0	1.601639e-005	1.104190e+001
ala	  70.0	 -60.0	1.660798e-005	1.100563e+001
ala	  80.0	 -60.0	1.589599e-005	1.104944e+001
ala	  90.0	 -60.0	1.410758e-005	1.116880e+001
ala	 100.0	 -60.0	1.175375e-005	1.135134e+001
ala	 110.0	 -60.0	9.382286e-006	1.157669e+001
ala	 120.0	 -60.0	7.407387e-006	1.181303e+001
ala	 130.0	 -60.0	6.084185e-006	1.200982e+001
ala	 140.0	 -60.0	5.574940e-006	1.209723e+001
ala	 150.0	 -60.0	6.039201e-006	1.201724e+001
ala	 160.0	 -60.0	7.710924e-006	1.177287e+001
ala	 170.0	 -60.0	1.094429e-005	1.142269e+001
ala	-180.0	 -50.0	1.697122e-005	1.098399e+001
ala	-170.0	 -50.0	2.626449e-005	1.054729e+001
ala	-160.0	 -50.0	4.064956e-005	1.011052e+001
ala	-150.0	 -50.0	6.229265e-005	9.683667e+000
ala	-140.0	 -50.0	9.388697e-005	9.273419e+000
ala	-130.0	 -50.0	1.393642e-004	8.878420e+000
ala	-120.0	 -50.0	2.072696e-004	8.481490e+000
ala	-110.0	 -50.0	3.168648e-004	8.057036e+000
ala	-100.0	 -50.0	5.104308e-004	7.580255e+000
ala	 -90.0	 -50.0	9.362093e-004	6.973671e+000
ala	 -80.0	 -50.0	2.202909e-003	6.117977e+000
ala	 -70.0	 -50.0	5.346294e-003	5.231352e+000
ala	 -60.0	 -50.0	8.396703e-003	4.779916e+000
ala	 -50.0	 -50.0	6.544396e-003	5.029146e+000
ala	 -40.0	 -50.0	2.530417e-003	5.979371e+000
ala	 -30.0	 -50.0	5.681693e-004	7.473091e+000
ala	 -20.0	 -50.0	9.680833e-005	9.242777e+000
ala	 -10.0	 -50.0	1.804346e-005	1.092273e+001
ala	   0.0	 -50.0	6.510391e-006	1.194211e+001
ala	  10.0	 -50.0	5.625878e-006	1.208813e+001
ala	  20.0	 -50.0	6.855842e-006	1.189041e+001
ala	  30.0	 -50.0	9.124970e-006	1.160450e+001
ala	  40.0	 -50.0	1.228115e-005	1.130745e+001
ala	  50.0	 -50.0	1.593653e-005	1.104690e+001
ala	  60.0	 -50.0	1.919775e-005	1.086072e+001
ala	  70.0	 -50.0	2.093494e-005	1.077409e+001
ala	  80.0	 -50.0	2.048226e-005	1.079595e+001
ala	  90.0	 -50.0	1.810278e-005	1.091945e+001
ala	 100.0	 -50.0	1.473204e-005	1.112549e+001
ala	 110.0	 -50.0	1.135098e-005	1.138621e+001
ala	 120.0	 -50.0	8.595074e-006	1.166432e+001
ala	 130.0	 -50.0	6.748737e-006	1.190616e+001
ala	 140.0	 -50.0	5.918858e-006	1.203737e+001
ala	 150.0	 -50.0	6.205619e-006	1.199006e+001
ala	 160.0	 -50.0	7.822380e-006	1.175852e+001
ala	 170.0	 -50.0	1.118108e-005	1.140129e+001
ala	-180.0	 -40.0	1.870632e-005	1.088665e+001
ala	-170.0	 -40.0	3.031578e-005	1.040384e+001
ala	-160.0	 -40.0	4.954248e-005	9.912680e+000
ala	-150.0	 -40.0	8.043358e-005	9.428079e+000
ala	-140.0	 -40.0	1.282812e-004	8.961286e+000
ala	-130.0	 -40.0	2.009998e-004	8.512207e+000
ala	-120.0	 -40.0	3.155239e-004	8.061276e+000
ala	-110.0	 -40.0	5.154821e-004	7.570408e+000
ala	-100.0	 -40.0	9.245878e-004	6.986163e+000
ala	 -90.0	 -40.0	1.976018e-003	6.226672e+000
ala	 -80.0	 -40.0	5.435157e-003	5.214867e+000
ala	 -70.0	 -40.0	1.454967e-002	4.230187e+000
ala	 -60.0	 -40.0	2.240534e-002	3.798456e+000
ala	 -50.0	 -40.0	1.510361e-002	4.192822e+000
ala	 -40.0	 -40.0	4.590854e-003	5.383689e+000
ala	 -30.0	 -40.0	7.764839e-004	7.160735e+000
ala	 -20.0	 -40.0	1.011172e-004	9.199230e+000
ala	 -10.0	 -40.0	1.605582e-005	1.103944e+001
ala	   0.0	 -40.0	5.702396e-006	1.207462e+001
ala	  10.0	 -40.0	5.275687e-006	1.215240e+001
ala	  20.0	 -40.0	7.021780e-006	1.186649e+001
ala	  30.0	 -40.0	1.044013e-005	1.146985e+001
ala	  40.0	 -40.0	1.580997e-005	1.105487e+001
ala	  50.0	 -40.0	2.265079e-005	1.069532e+001
ala	  60.0	 -40.0	2.904232e-005	1.044676e+001
ala	  70.0	 -40.0	3.235633e-005	1.033870e+001
ala	  80.0	 -40.0	3.118329e-005	1.037563e+001
ala	  90.0	 -40.0	2.639638e-005	1.054228e+001
ala	 100.0	 -40.0	2.020444e-005	1.080961e+001
ala	 110.0	 -40.0	1.452439e-005	1.113968e+001
ala	 120.0	 -40.0	1.026465e-005	1.148680e+001
ala	 130.0	 -40.0	7.572108e-006	1.179104e+001
ala	 140.0	 -40.0	6.324771e-006	1.197104e+001
ala	 150.0	 -40.0	6.462632e-006	1.194947e+001
ala	 160.0	 -40.0	8.152467e-006	1.171719e+001
ala	 170.0	 -40.0	1.190055e-005	1.133893e+001
ala	-180.0	 -30.0	2.115305e-005	1.076373e+001
ala	-170.0	 -30.0	3.594992e-005	1.023338e+001
ala	-160.0	 -30.0	6.171591e-005	9.692969e+000
ala	-150.0	 -30.0	1.051982e-004	9.159664e+000
ala	-140.0	 -30.0	1.763913e-004	8.642806e+000
ala	-130.0	 -30.0	2.924800e-004	8.137114e+000
ala	-120.0	 -30.0	4.916720e-004	7.617699e+000
ala	-110.0	 -30.0	8.795930e-004	7.036051e+000
ala	-100.0	 -30.0	1.767684e-003	6.338085e+000
ala	 -90.0	 -30.0	4.046804e-003	5.509828e+000
ala	 -80.0	 -30.0	1.069262e-002	4.538202e+000
ala	 -70.0	 -30.0	2.592558e-002	3.652525e+000
ala	 -60.0	 -30.0	3.484598e-002	3.356817e+000
ala	 -50.0	 -30.0	1.943420e-002	3.940721e+000
ala	 -40.0	 -30.0	4.553579e-003	5.391842e+000
ala	 -30.0	 -30.0	5.757368e-004	7.459860e+000
ala	 -20.0	 -30.0	6.010268e-005	9.719456e+000
ala	 -10.0	 -30.0	9.739285e-006	1.153934e+001
ala	   0.0	 -30.0	4.592120e-006	1.229117e+001
ala	  10.0	 -30.0	5.257687e-006	1.215582e+001
ala	  20.0	 -30.0	8.274345e-006	1.170235e+001
ala	  30.0	 -30.0	1.456136e-005	1.113714e+001
ala	  40.0	 -30.0	2.534306e-005	1.058301e+001
ala	  50.0	 -30.0	3.964002e-005	1.013567e+001
ala	  60.0	 -30.0	5.266982e-005	9.851468e+000
ala	  70.0	 -30.0	5.822263e-005	9.751236e+000
ala	  80.0	 -30.0	5.381857e-005	9.829892e+000
ala	  90.0	 -30.0	4.258717e-005	1.006396e+001
ala	 100.0	 -30.0	2.993326e-005	1.041654e+001
ala	 110.0	 -30.0	1.958144e-005	1.084093e+001
ala	 120.0	 -30.0	1.260139e-005	1.128170e+001
ala	 130.0	 -30.0	8.556608e-006	1.166881e+001
ala	 140.0	 -30.0	6.731680e-006	1.190869e+001
ala	 150.0	 -30.0	6.713213e-006	1.191143e+001
ala	 160.0	 -30.0	8.559744e-006	1.166844e+001
ala	 170.0	 -30.0	1.290029e-005	1.125826e+001
ala	-180.0	 -20.0	2.443728e-005	1.061940e+001
ala	-170.0	 -20.0	4.350050e-005	1.004274e+001
ala	-160.0	 -20.0	7.786762e-005	9.460500e+000
ala	-150.0	 -20.0	1.382544e-004	8.886415e+000
ala	-140.0	 -20.0	2.439501e-004	8.318547e+000
ala	-130.0	 -20.0	4.354387e-004	7.739156e+000
ala	-120.0	 -20.0	8.057323e-004	7.123759e+000
ala	-110.0	 -20.0	1.585282e-003	6.446993e+000
ala	-100.0	 -20.0	3.317098e-003	5.708665e+000
ala	 -90.0	 -20.0	7.044135e-003	4.955560e+000
ala	 -80.0	 -20.0	1.498689e-002	4.200579e+000
ala	 -70.0	 -20.0	2.766407e-002	3.587621e+000
ala	 -60.0	 -20.0	2.909329e-002	3.537248e+000
ala	 -50.0	 -20.0	1.295179e-002	4.346521e+000
ala	 -40.0	 -20.0	2.352109e-003	6.052443e+000
ala	 -30.0	 -20.0	2.227646e-004	8.409395e+000
ala	 -20.0	 -20.0	2.044234e-005	1.079790e+001
ala	 -10.0	 -20.0	4.810834e-006	1.224464e+001
ala	   0.0	 -20.0	3.863754e-006	1.246387e+001
ala	  10.0	 -20.0	5.868118e-006	1.204598e+001
ala	  20.0	 -20.0	1.157341e-005	1.136680e+001
ala	  30.0	 -20.0	2.448686e-005	1.061737e+001
ala	  40.0	 -20.0	4.786778e-005	9.947068e+000
ala	  50.0	 -20.0	7.888483e-005	9.447522e+000
ala	  60.0	 -20.0	1.051528e-004	9.160096e+000
ala	  70.0	 -20.0	1.125199e-004	9.092381e+000
ala	  80.0	 -20.0	9.807248e-005	9.229804e+000
ala	  90.0	 -20.0	7.173495e-005	9.542533e+000
ala	 100.0	 -20.0	4.590094e-005	9.989025e+000
ala	 110.0	 -20.0	2.706027e-005	1.051744e+001
ala	 120.0	 -20.0	1.565430e-005	1.106476e+001
ala	 130.0	 -20.0	9.644217e-006	1.154915e+001
ala	 140.0	 -20.0	7.079633e-006	1.185829e+001
ala	 150.0	 -20.0	6.911034e-006	1.188239e+001
ala	 160.0	 -20.0	9.016540e-006	1.161645e+001
ala	 170.0	 -20.0	1.419771e-005	1.116243e+001
ala	-180.0	 -10.0	2.920430e-005	1.044119e+001
ala	-170.0	 -10.0	5.420680e-005	9.822704e+000
ala	-160.0	 -10.0	1.000760e-004	9.209580e+000
ala	-150.0	 -10.0	1.827725e-004	8.607268e+000
ala	-140.0	 -10.0	3.360199e-004	7.998340e+000
ala	-130.0	 -10.0	6.393521e-004	7.355055e+000
ala	-120.0	 -10.0	1.267869e-003	6.670418e+000
ala	-110.0	 -10.0	2.558115e-003	5.968485e+000
ala	-100.0	 -10.0	4.976710e-003	5.302986e+000
ala	 -90.0	 -10.0	8.719923e-003	4.742145e+000
ala	 -80.0	 -10.0	1.346222e-002	4.307868e+000
ala	 -70.0	 -10.0	1.712311e-002	4.067326e+000
ala	 -60.0	 -10.0	1.316042e-002	4.330542e+000
ala	 -50.0	 -10.0	4.559312e-003	5.390583e+000
ala	 -40.0	 -10.0	6.571456e-004	7.327605e+000
ala	 -30.0	 -10.0	4.955811e-005	9.912365e+000
ala	 -20.0	 -10.0	5.446613e-006	1.212052e+001
ala	 -10.0	 -10.0	2.870766e-006	1.276093e+001
ala	   0.0	 -10.0	3.771507e-006	1.248804e+001
ala	  10.0	 -10.0	7.668733e-006	1.177836e+001
ala	  20.0	 -10.0	1.906394e-005	1.086771e+001
ala	  30.0	 -10.0	4.667726e-005	9.972253e+000
ala	  40.0	 -10.0	9.780375e-005	9.232548e+000
ala	  50.0	 -10.0	1.636329e-004	8.717885e+000
ala	  60.0	 -10.0	2.131271e-004	8.453622e+000
ala	  70.0	 -10.0	2.166837e-004	8.437072e+000
ala	  80.0	 -10.0	1.758312e-004	8.645986e+000
ala	  90.0	 -10.0	1.180424e-004	9.044466e+000
ala	 100.0	 -10.0	6.863081e-005	9.586769e+000
ala	 110.0	 -10.0	3.650549e-005	1.021805e+001
ala	 120.0	 -10.0	1.900201e-005	1.087097e+001
ala	 130.0	 -10.0	1.061351e-005	1.145338e+001
ala	 140.0	 -10.0	7.289395e-006	1.182909e+001
ala	 150.0	 -10.0	7.068252e-006	1.185990e+001
ala	 160.0	 -10.0	9.634429e-006	1.155017e+001
ala	 170.0	 -10.0	1.608614e-005	1.103755e+001
ala	-180.0	   0.0	3.633117e-005	1.022283e+001
ala	-170.0	   0.0	6.958728e-005	9.572929e+000
ala	-160.0	   0.0	1.303540e-004	8.945256e+000
ala	-150.0	   0.0	2.394123e-004	8.337323e+000
ala	-140.0	   0.0	4.429982e-004	7.721945e+000
ala	-130.0	   0.0	8.503686e-004	7.069841e+000
ala	-120.0	   0.0	1.671460e-003	6.394058e+000
ala	-110.0	   0.0	3.166422e-003	5.755153e+000
ala	-100.0	   0.0	5.334857e-003	5.233493e+000
ala	 -90.0	   0.0	7.397662e-003	4.906591e+000
ala	 -80.0	   0.0	8.109670e-003	4.814698e+000
ala	 -70.0	   0.0	6.817910e-003	4.988202e+000
ala	 -60.0	   0.0	3.681391e-003	5.604465e+000
ala	 -50.0	   0.0	9.983617e-004	6.909395e+000
ala	 -40.0	   0.0	1.253551e-004	8.984360e+000
ala	 -30.0	   0.0	1.036525e-005	1.147705e+001
ala	 -20.0	   0.0	2.480059e-006	1.290723e+001
ala	 -10.0	   0.0	2.407862e-006	1.293677e+001
ala	   0.0	   0.0	4.390830e-006	1.233599e+001
ala	  10.0	   0.0	1.171641e-005	1.135452e+001
ala	  20.0	   0.0	3.466278e-005	1.026984e+001
ala	  30.0	   0.0	9.222192e-005	9.291313e+000
ala	  40.0	   0.0	1.982673e-004	8.525894e+000
ala	  50.0	   0.0	3.280181e-004	8.022442e+000
ala	  60.0	   0.0	4.109166e-004	7.797120e+000
ala	  70.0	   0.0	3.926962e-004	7.842474e+000
ala	  80.0	   0.0	2.941022e-004	8.131583e+000
ala	  90.0	   0.0	1.800156e-004	8.622467e+000
ala	 100.0	   0.0	9.486096e-005	9.263098e+000
ala	 110.0	   0.0	4.567414e-005	9.993978e+000
ala	 120.0	   0.0	2.157552e-005	1.074395e+001
ala	 130.0	   0.0	1.106770e-005	1.141148e+001
ala	 140.0	   0.0	7.266634e-006	1.183222e+001
ala	 150.0	   0.0	7.238068e-006	1.183616e+001
ala	 160.0	   0.0	1.060700e-005	1.145400e+001
ala	 170.0	   0.0	1.900281e-005	1.087092e+001
ala	-180.0	  10.0	4.625573e-005	9.981325e+000
ala	-170.0	  10.0	8.992546e-005	9.316529e+000
ala	-160.0	  10.0	1.674322e-004	8.694932e+000
ala	-150.0	  10.0	3.003675e-004	8.110504e+000
ala	-140.0	  10.0	5.338459e-004	7.535403e+000
ala	-130.0	  10.0	9.653579e-004	6.943012e+000
ala	-120.0	  10.0	1.740901e-003	6.353352e+000
ala	-110.0	  10.0	2.905654e-003	5.841097e+000
ala	-100.0	  10.0	4.101129e-003	5.496493e+000
ala	 -90.0	  10.0	4.523516e-003	5.398466e+000
ala	 -80.0	  10.0	3.700863e-003	5.599189e+000
ala	 -70.0	  10.0	2.184627e-003	6.126310e+000
ala	 -60.0	  10.0	8.633123e-004	7.054734e+000
ala	 -50.0	  10.0	2.020328e-004	8.507081e+000
ala	 -40.0	  10.0	2.940614e-005	1.043431e+001
ala	 -30.0	  10.0	4.788165e-006	1.224936e+001
ala	 -20.0	  10.0	2.128893e-006	1.305991e+001
ala	 -10.0	  10.0	2.551045e-006	1.287901e+001
ala	   0.0	  10.0	6.041583e-006	1.201684e+001
ala	  10.0	  10.0	1.956046e-005	1.084200e+001
ala	  20.0	  10.0	6.314113e-005	9.670138e+000
ala	  30.0	  10.0	1.724211e-004	8.665571e+000
ala	  40.0	  10.0	3.684988e-004	7.906073e+000
ala	  50.0	  10.0	5.934995e-004	7.429474e+000
ala	  60.0	  10.0	7.107214e-004	7.249230e+000
ala	  70.0	  10.0	6.374390e-004	7.358052e+000
ala	  80.0	  10.0	4.401245e-004	7.728453e+000
ala	  90.0	  10.0	2.449625e-004	8.314405e+000
ala	 100.0	  10.0	1.166927e-004	9.055967e+000
ala	 110.0	  10.0	5.095273e-005	9.884612e+000
ala	 120.0	  10.0	2.207246e-005	1.072118e+001
ala	 130.0	  10.0	1.064095e-005	1.145080e+001
ala	 140.0	  10.0	6.965611e-006	1.187453e+001
ala	 150.0	  10.0	7.492300e-006	1.180163e+001
ala	 160.0	  10.0	1.209727e-005	1.132253e+001
ala	 170.0	  10.0	2.324367e-005	1.066948e+001
ala	-180.0	  20.0	5.850501e-005	9.746398e+000
ala	-170.0	  20.0	1.134556e-004	9.084099e+000
ala	-160.0	  20.0	2.059462e-004	8.487896e+000
ala	-150.0	  20.0	3.516379e-004	7.952909e+000
ala	-140.0	  20.0	5.778469e-004	7.456202e+000
ala	-130.0	  20.0	9.357385e-004	6.974175e+000
ala	-120.0	  20.0	1.473060e-003	6.520414e+000
ala	-110.0	  20.0	2.103445e-003	6.164179e+000
ala	-100.0	  20.0	2.486104e-003	5.997038e+000
ala	 -90.0	  20.0	2.256367e-003	6.093999e+000
ala	 -80.0	  20.0	1.503228e-003	6.500141e+000
ala	 -70.0	  20.0	7.244791e-004	7.230058e+000
ala	 -60.0	  20.0	2.530105e-004	8.282080e+000
ala	 -50.0	  20.0	6.665891e-005	9.615922e+000
ala	 -40.0	  20.0	1.602229e-005	1.104153e+001
ala	 -30.0	  20.0	4.783648e-006	1.225031e+001
ala	 -20.0	  20.0	2.444779e-006	1.292156e+001
ala	 -10.0	  20.0	3.219446e-006	1.264630e+001
ala	   0.0	  20.0	9.120653e-006	1.160497e+001
ala	  10.0	  20.0	3.211948e-005	1.034605e+001
ala	  20.0	  20.0	1.052323e-004	9.159340e+000
ala	  30.0	  20.0	2.834218e-004	8.168574e+000
ala	  40.0	  20.0	5.895936e-004	7.436077e+000
ala	  50.0	  20.0	9.158428e-004	6.995666e+000
ala	  60.0	  20.0	1.047335e-003	6.861506e+000
ala	  70.0	  20.0	8.856559e-004	7.029182e+000
ala	  80.0	  20.0	5.676039e-004	7.474087e+000
ala	  90.0	  20.0	2.887509e-004	8.149946e+000
ala	 100.0	  20.0	1.246187e-004	8.990252e+000
ala	 110.0	  20.0	4.950027e-005	9.913532e+000
ala	 120.0	  20.0	1.991004e-005	1.082429e+001
ala	 130.0	  20.0	9.323486e-006	1.158297e+001
ala	 140.0	  20.0	6.469115e-006	1.194847e+001
ala	 150.0	  20.0	7.905504e-006	1.174795e+001
ala	 160.0	  20.0	1.414616e-005	1.116607e+001
ala	 170.0	  20.0	2.873904e-005	1.045725e+001
ala	-180.0	  30.0	7.192853e-005	9.539838e+000
ala	-170.0	  30.0	1.375635e-004	8.891425e+000
ala	-160.0	  30.0	2.408287e-004	8.331425e+000
ala	-150.0	  30.0	3.859772e-004	7.859732e+000
ala	-140.0	  30.0	5.753820e-004	7.460476e+000
ala	-130.0	  30.0	8.151094e-004	7.112188e+000
ala	-120.0	  30.0	1.098443e-003	6.813861e+000
ala	-110.0	  30.0	1.346605e-003	6.610169e+000
ala	-100.0	  30.0	1.391791e-003	6.577164e+000
ala	 -90.0	  30.0	1.138731e-003	6.777841e+000
ala	 -80.0	  30.0	7.219024e-004	7.233621e+000
ala	 -70.0	  30.0	3.626444e-004	7.922088e+000
ala	 -60.0	  30.0	1.517616e-004	8.793199e+000
ala	 -50.0	  30.0	5.606194e-005	9.789053e+000
ala	 -40.0	  30.0	1.931241e-005	1.085476e+001
ala	 -30.0	  30.0	6.721779e-006	1.191016e+001
ala	 -20.0	  30.0	3.256663e-006	1.263481e+001
ala	 -10.0	  30.0	4.411026e-006	1.233140e+001
ala	   0.0	  30.0	1.340553e-005	1.121984e+001
ala	  10.0	  30.0	4.730824e-005	9.958826e+000
ala	  20.0	  30.0	1.505622e-004	8.801134e+000
ala	  30.0	  30.0	3.904039e-004	7.848329e+000
ala	  40.0	  30.0	7.798230e-004	7.156444e+000
ala	  50.0	  30.0	1.161022e-003	6.758455e+000
ala	  60.0	  30.0	1.268239e-003	6.670126e+000
ala	  70.0	  30.0	1.017531e-003	6.890377e+000
ala	  80.0	  30.0	6.119524e-004	7.398856e+000
ala	  90.0	  30.0	2.881207e-004	8.152131e+000
ala	 100.0	  30.0	1.138640e-004	9.080506e+000
ala	 110.0	  30.0	4.156228e-005	1.008832e+001
ala	 120.0	  30.0	1.583550e-005	1.105326e+001
ala	 130.0	  30.0	7.560749e-006	1.179254e+001
ala	 140.0	  30.0	5.978893e-006	1.202728e+001
ala	 150.0	  30.0	8.531791e-006	1.167171e+001
ala	 160.0	  30.0	1.664971e-005	1.100312e+001
ala	 170.0	  30.0	3.506275e-005	1.025837e+001
ala	-180.0	  40.0	8.515009e-005	9.371095e+000
ala	-170.0	  40.0	1.602927e-004	8.738509e+000
ala	-160.0	  40.0	2.712549e-004	8.212452e+000
ala	-150.0	  40.0	4.098867e-004	7.799630e+000
ala	-140.0	  40.0	5.573320e-004	7.492350e+000
ala	-130.0	  40.0	6.957103e-004	7.270577e+000
ala	-120.0	  40.0	8.142156e-004	7.113285e+000
ala	-110.0	  40.0	8.929150e-004	7.021019e+000
ala	-100.0	  40.0	8.883980e-004	7.026091e+000
ala	 -90.0	  40.0	7.704802e-004	7.168497e+000
ala	 -80.0	  40.0	5.692434e-004	7.471202e+000
ala	 -70.0	  40.0	3.543984e-004	7.945089e+000
ala	 -60.0	  40.0	1.841845e-004	8.599572e+000
ala	 -50.0	  40.0	7.981746e-005	9.435768e+000
ala	 -40.0	  40.0	2.949252e-005	1.043137e+001
ala	 -30.0	  40.0	1.006912e-005	1.150604e+001
ala	 -20.0	  40.0	4.469630e-006	1.231821e+001
ala	 -10.0	  40.0	5.814779e-006	1.205511e+001
ala	   0.0	  40.0	1.741966e-005	1.095791e+001
ala	  10.0	  40.0	5.891192e-005	9.739467e+000
ala	  20.0	  40.0	1.780645e-004	8.633365e+000
ala	  30.0	  40.0	4.387518e-004	7.731577e+000
ala	  40.0	  40.0	8.349557e-004	7.088132e+000
ala	  50.0	  40.0	1.187092e-003	6.736249e+000
ala	  60.0	  40.0	1.239581e-003	6.692981e+000
ala	  70.0	  40.0	9.493545e-004	6.959728e+000
ala	  80.0	  40.0	5.422453e-004	7.519792e+000
ala	  90.0	  40.0	2.403866e-004	8.333262e+000
ala	 100.0	  40.0	8.877201e-005	9.329439e+000
ala	 110.0	  40.0	3.048354e-005	1.039832e+001
ala	 120.0	  40.0	1.142317e-005	1.137987e+001
ala	 130.0	  40.0	5.956856e-006	1.203097e+001
ala	 140.0	  40.0	5.688356e-006	1.207709e+001
ala	 150.0	  40.0	9.356089e-006	1.157948e+001
ala	 160.0	  40.0	1.935642e-005	1.085249e+001
ala	 170.0	  40.0	4.153072e-005	1.008908e+001
ala	-180.0	  50.0	9.649823e-005	9.245986e+000
ala	-170.0	  50.0	1.797628e-004	8.623872e+000
ala	-160.0	  50.0	2.978167e-004	8.119032e+000
ala	-150.0	  50.0	4.331691e-004	7.744382e+000
ala	-140.0	  50.0	5.533395e-004	7.499539e+000
ala	-130.0	  50.0	6.330507e-004	7.364960e+000
ala	-120.0	  50.0	6.786611e-004	7.295389e+000
ala	-110.0	  50.0	7.219127e-004	7.233606e+000
ala	-100.0	  50.0	7.723805e-004	7.166033e+000
ala	 -90.0	  50.0	7.801850e-004	7.155980e+000
ala	 -80.0	  50.0	6.799222e-004	7.293532e+000
ala	 -70.0	  50.0	4.800903e-004	7.641536e+000
ala	 -60.0	  50.0	2.679130e-004	8.224848e+000
ala	 -50.0	  50.0	1.189464e-004	9.036837e+000
ala	 -40.0	  50.0	4.350576e-005	1.004262e+001
ala	 -30.0	  50.0	1.429502e-005	1.115560e+001
ala	 -20.0	  50.0	5.850261e-006	1.204902e+001
ala	 -10.0	  50.0	6.843136e-006	1.189226e+001
ala	   0.0	  50.0	1.904370e-005	1.086877e+001
ala	  10.0	  50.0	6.023204e-005	9.717306e+000
ala	  20.0	  50.0	1.708865e-004	8.674511e+000
ala	  30.0	  50.0	3.975316e-004	7.830236e+000
ala	  40.0	  50.0	7.183238e-004	7.238590e+000
ala	  50.0	  50.0	9.745487e-004	6.933536e+000
ala	  60.0	  50.0	9.751286e-004	6.932941e+000
ala	  70.0	  50.0	7.177455e-004	7.239396e+000
ala	  80.0	  50.0	3.944476e-004	7.838024e+000
ala	  90.0	  50.0	1.681704e-004	8.690533e+000
ala	 100.0	  50.0	5.985222e-005	9.723632e+000
ala	 110.0	  50.0	2.019712e-005	1.080997e+001
ala	 120.0	  50.0	7.942470e-006	1.174329e+001
ala	 130.0	  50.0	4.874683e-006	1.223146e+001
ala	 140.0	  50.0	5.652131e-006	1.208348e+001
ala	 150.0	  50.0	1.024720e-005	1.148851e+001
ala	 160.0	  50.0	2.184860e-005	1.073137e+001
ala	 170.0	  50.0	4.719569e-005	9.961208e+000
ala	-180.0	  60.0	1.038591e-004	9.172476e+000
ala	-170.0	  60.0	1.926943e-004	8.554405e+000
ala	-160.0	  60.0	3.169291e-004	8.056832e+000
ala	-150.0	  60.0	4.543652e-004	7.696609e+000
ala	-140.0	  60.0	5.656214e-004	7.477586e+000
ala	-130.0	  60.0	6.242081e-004	7.379027e+000
ala	-120.0	  60.0	6.523847e-004	7.334876e+000
ala	-110.0	  60.0	7.133793e-004	7.245497e+000
ala	-100.0	  60.0	8.330940e-004	7.090364e+000
ala	 -90.0	  60.0	9.263280e-004	6.984282e+000
ala	 -80.0	  60.0	8.630399e-004	7.055050e+000
ala	 -70.0	  60.0	6.306779e-004	7.368715e+000
ala	 -60.0	  60.0	3.557221e-004	7.941361e+000
ala	 -50.0	  60.0	1.572110e-004	8.757922e+000
ala	 -40.0	  60.0	5.675248e-005	9.776811e+000
ala	 -30.0	  60.0	1.832945e-005	1.090700e+001
ala	 -20.0	  60.0	7.129117e-006	1.185132e+001
ala	 -10.0	  60.0	7.116858e-006	1.185304e+001
ala	   0.0	  60.0	1.736931e-005	1.096081e+001
ala	  10.0	  60.0	5.033357e-005	9.896838e+000
ala	  20.0	  60.0	1.328942e-004	8.925957e+000
ala	  30.0	  60.0	2.907112e-004	8.143180e+000
ala	  40.0	  60.0	4.983566e-004	7.604195e+000
ala	  50.0	  60.0	6.463848e-004	7.344116e+000
ala	  60.0	  60.0	6.227757e-004	7.381324e+000
ala	  70.0	  60.0	4.446060e-004	7.718322e+000
ala	  80.0	  60.0	2.388891e-004	8.339511e+000
ala	  90.0	  60.0	1.006327e-004	9.204034e+000
ala	 100.0	  60.0	3.607736e-005	1.022985e+001
ala	 110.0	  60.0	1.280614e-005	1.126559e+001
ala	 120.0	  60.0	5.750480e-006	1.206623e+001
ala	 130.0	  60.0	4.314624e-006	1.235350e+001
ala	 140.0	  60.0	5.776781e-006	1.206166e+001
ala	 150.0	  60.0	1.098792e-005	1.141871e+001
ala	 160.0	  60.0	2.361919e-005	1.065345e+001
ala	 170.0	  60.0	5.094977e-005	9.884670e+000
ala	-180.0	  70.0	1.056062e-004	9.155793e+000
ala	-170.0	  70.0	1.954786e-004	8.540059e+000
ala	-160.0	  70.0	3.213931e-004	8.042846e+000
ala	-150.0	  70.0	4.606980e-004	7.682768e+000
ala	-140.0	  70.0	5.727417e-004	7.465076e+000
ala	-130.0	  70.0	6.313834e-004	7.367597e+000
ala	-120.0	  70.0	6.649863e-004	7.315744e+000
ala	-110.0	  70.0	7.466609e-004	7.199899e+000
ala	-100.0	  70.0	9.024867e-004	7.010357e+000
ala	 -90.0	  70.0	1.027363e-003	6.880760e+000
ala	 -80.0	  70.0	9.670276e-004	6.941284e+000
ala	 -70.0	  70.0	7.081829e-004	7.252808e+000
ala	 -60.0	  70.0	3.988733e-004	7.826867e+000
ala	 -50.0	  70.0	1.761353e-004	8.644258e+000
ala	 -40.0	  70.0	6.401859e-005	9.656337e+000
ala	 -30.0	  70.0	2.121891e-005	1.076062e+001
ala	 -20.0	  70.0	8.337711e-006	1.169472e+001
ala	 -10.0	  70.0	6.916582e-006	1.188159e+001
ala	   0.0	  70.0	1.363260e-005	1.120305e+001
ala	  10.0	  70.0	3.504570e-005	1.025886e+001
ala	  20.0	  70.0	8.515480e-005	9.371040e+000
ala	  30.0	  70.0	1.743871e-004	8.654233e+000
ala	  40.0	  70.0	2.834910e-004	8.168330e+000
ala	  50.0	  70.0	3.526847e-004	7.949936e+000
ala	  60.0	  70.0	3.296078e-004	8.017607e+000
ala	  70.0	  70.0	2.311693e-004	8.372360e+000
ala	  80.0	  70.0	1.240724e-004	8.994645e+000
ala	  90.0	  70.0	5.354346e-005	9.835017e+000
ala	 100.0	  70.0	2.051679e-005	1.079427e+001
ala	 110.0	  70.0	8.318966e-006	1.169697e+001
ala	 120.0	  70.0	4.548294e-006	1.230076e+001
ala	 130.0	  70.0	4.082759e-006	1.240874e+001
ala	 140.0	  70.0	5.926256e-006	1.203612e+001
ala	 150.0	  70.0	1.141232e-005	1.138082e+001
ala	 160.0	  70.0	2.435535e-005	1.062276e+001
ala	 170.0	  70.0	5.209353e-005	9.862470e+000
ala	-180.0	  80.0	1.027333e-004	9.183375e+000
ala	-170.0	  80.0	1.887637e-004	8.575015e+000
ala	-160.0	  80.0	3.093679e-004	8.080979e+000
ala	-150.0	  80.0	4.442449e-004	7.719135e+000
ala	-140.0	  80.0	5.567327e-004	7.493425e+000
ala	-130.0	  80.0	6.235135e-004	7.380140e+000
ala	-120.0	  80.0	6.705495e-004	7.307413e+000
ala	-110.0	  80.0	7.614119e-004	7.180336e+000
ala	-100.0	  80.0	9.114825e-004	7.000438e+000
ala	 -90.0	  80.0	1.017528e-003	6.890379e+000
ala	 -80.0	  80.0	9.421749e-004	6.967320e+000
ala	 -70.0	  80.0	6.843756e-004	7.287004e+000
ala	 -60.0	  80.0	3.865261e-004	7.858311e+000
ala	 -50.0	  80.0	1.739521e-004	8.656730e+000
ala	 -40.0	  80.0	6.630813e-005	9.621198e+000
ala	 -30.0	  80.0	2.409424e-005	1.063354e+001
ala	 -20.0	  80.0	1.026730e-005	1.148655e+001
ala	 -10.0	  80.0	7.095056e-006	1.185611e+001
ala	   0.0	  80.0	1.001874e-005	1.151105e+001
ala	  10.0	  80.0	2.132075e-005	1.075583e+001
ala	  20.0	  80.0	4.665281e-005	9.972777e+000
ala	  30.0	  80.0	8.879723e-005	9.329155e+000
ala	  40.0	  80.0	1.367366e-004	8.897454e+000
ala	  50.0	  80.0	1.638209e-004	8.716737e+000
ala	  60.0	  80.0	1.499765e-004	8.805032e+000
ala	  70.0	  80.0	1.051706e-004	9.159927e+000
ala	  80.0	  80.0	5.806424e-005	9.753961e+000
ala	  90.0	  80.0	2.690748e-005	1.052311e+001
ala	 100.0	  80.0	1.178184e-005	1.134895e+001
ala	 110.0	  80.0	5.817034e-006	1.205472e+001
ala	 120.0	  80.0	3.905850e-006	1.245304e+001
ala	 130.0	  80.0	3.996151e-006	1.243018e+001
ala	 140.0	  80.0	6.034134e-006	1.201808e+001
ala	 150.0	  80.0	1.156041e-005	1.136792e+001
ala	 160.0	  80.0	2.430118e-005	1.062499e+001
ala	 170.0	  80.0	5.124198e-005	9.878951e+000
ala	-180.0	  90.0	1.008740e-004	9.201638e+000
ala	-170.0	  90.0	1.825061e-004	8.608727e+000
ala	-160.0	  90.0	2.948556e-004	8.129025e+000
ala	-150.0	  90.0	4.201987e-004	7.774783e+000
ala	-140.0	  90.0	5.297291e-004	7.543145e+000
ala	-130.0	  90.0	6.078721e-004	7.405546e+000
ala	-120.0	  90.0	6.768367e-004	7.298080e+000
ala	-110.0	  90.0	7.800593e-004	7.156141e+000
ala	-100.0	  90.0	9.135220e-004	6.998203e+000
ala	 -90.0	  90.0	9.848114e-004	6.923060e+000
ala	 -80.0	  90.0	8.932716e-004	7.020620e+000
ala	 -70.0	  90.0	6.542742e-004	7.331984e+000
ala	 -60.0	  90.0	3.872310e-004	7.856489e+000
ala	 -50.0	  90.0	1.902134e-004	8.567364e+000
ala	 -40.0	  90.0	8.143226e-005	9.415739e+000
ala	 -30.0	  90.0	3.332756e-005	1.030913e+001
ala	 -20.0	  90.0	1.496836e-005	1.110957e+001
ala	 -10.0	  90.0	8.630836e-006	1.166017e+001
ala	   0.0	  90.0	7.981258e-006	1.173841e+001
ala	  10.0	  90.0	1.239489e-005	1.129823e+001
ala	  20.0	  90.0	2.325038e-005	1.066919e+001
ala	  30.0	  90.0	4.055399e-005	1.011288e+001
ala	  40.0	  90.0	5.902785e-005	9.737501e+000
ala	  50.0	  90.0	6.846751e-005	9.589151e+000
ala	  60.0	  90.0	6.222838e-005	9.684699e+000
ala	  70.0	  90.0	4.468574e-005	1.001586e+001
ala	  80.0	  90.0	2.635304e-005	1.054393e+001
ala	  90.0	  90.0	1.381037e-005	1.119009e+001
ala	 100.0	  90.0	7.270068e-006	1.183174e+001
ala	 110.0	  90.0	4.434333e-006	1.232613e+001
ala	 120.0	  90.0	3.536373e-006	1.255241e+001
ala	 130.0	  90.0	3.964905e-006	1.243803e+001
ala	 140.0	  90.0	6.139237e-006	1.200081e+001
ala	 150.0	  90.0	1.173010e-005	1.135335e+001
ala	 160.0	  90.0	2.444189e-005	1.061921e+001
ala	 170.0	  90.0	5.098966e-005	9.883888e+000
ala	-180.0	 100.0	1.110342e-004	9.105672e+000
ala	-170.0	 100.0	1.981341e-004	8.526567e+000
ala	-160.0	 100.0	3.118474e-004	8.072997e+000
ala	-150.0	 100.0	4.327432e-004	7.745366e+000
ala	-140.0	 100.0	5.400290e-004	7.523888e+000
ala	-130.0	 100.0	6.317022e-004	7.367092e+000
ala	-120.0	 100.0	7.321790e-004	7.219486e+000
ala	-110.0	 100.0	8.663571e-004	7.051213e+000
ala	-100.0	 100.0	1.010370e-003	6.897438e+000
ala	 -90.0	 100.0	1.083863e-003	6.827224e+000
ala	 -80.0	 100.0	1.023203e-003	6.884817e+000
ala	 -70.0	 100.0	8.491263e-004	7.071303e+000
ala	 -60.0	 100.0	6.201747e-004	7.385509e+000
ala	 -50.0	 100.0	3.747080e-004	7.889364e+000
ala	 -40.0	 100.0	1.754144e-004	8.648359e+000
ala	 -30.0	 100.0	6.762836e-005	9.601483e+000
ala	 -20.0	 100.0	2.614561e-005	1.055183e+001
ala	 -10.0	 100.0	1.212361e-005	1.132036e+001
ala	   0.0	 100.0	7.681047e-006	1.177675e+001
ala	  10.0	 100.0	7.863328e-006	1.175330e+001
ala	  20.0	 100.0	1.158901e-005	1.136545e+001
ala	  30.0	 100.0	1.798015e-005	1.092624e+001
ala	  40.0	 100.0	2.461851e-005	1.061201e+001
ala	  50.0	 100.0	2.785104e-005	1.048864e+001
ala	  60.0	 100.0	2.558326e-005	1.057357e+001
ala	  70.0	 100.0	1.937069e-005	1.085175e+001
ala	  80.0	 100.0	1.268805e-005	1.127485e+001
ala	  90.0	 100.0	7.803467e-006	1.176094e+001
ala	 100.0	 100.0	4.989432e-006	1.220819e+001
ala	 110.0	 100.0	3.649151e-006	1.252102e+001
ala	 120.0	 100.0	3.308925e-006	1.261889e+001
ala	 130.0	 100.0	3.974106e-006	1.243571e+001
ala	 140.0	 100.0	6.354418e-006	1.196636e+001
ala	 150.0	 100.0	1.241628e-005	1.129650e+001
ala	 160.0	 100.0	2.642918e-005	1.054104e+001
ala	 170.0	 100.0	5.599137e-005	9.790313e+000
ala	-180.0	 110.0	1.493746e-004	8.809053e+000
ala	-170.0	 110.0	2.687963e-004	8.221557e+000
ala	-160.0	 110.0	4.140797e-004	7.789452e+000
ala	-150.0	 110.0	5.513309e-004	7.503175e+000
ala	-140.0	 110.0	6.616339e-004	7.320798e+000
ala	-130.0	 110.0	7.625058e-004	7.178900e+000
ala	-120.0	 110.0	8.917646e-004	7.022308e+000
ala	-110.0	 110.0	1.069121e-003	6.840918e+000
ala	-100.0	 110.0	1.269946e-003	6.668781e+000
ala	 -90.0	 110.0	1.453244e-003	6.533957e+000
ala	 -80.0	 110.0	1.633272e-003	6.417170e+000
ala	 -70.0	 110.0	1.836302e-003	6.300001e+000
ala	 -60.0	 110.0	1.817623e-003	6.310226e+000
ala	 -50.0	 110.0	1.270067e-003	6.668685e+000
ala	 -40.0	 110.0	5.655724e-004	7.477672e+000
ala	 -30.0	 110.0	1.735659e-004	8.658953e+000
ala	 -20.0	 110.0	4.836771e-005	9.936678e+000
ala	 -10.0	 110.0	1.701373e-005	1.098149e+001
ala	   0.0	 110.0	8.270470e-006	1.170282e+001
ala	  10.0	 110.0	5.940635e-006	1.203369e+001
ala	  20.0	 110.0	6.500092e-006	1.194369e+001
ala	  30.0	 110.0	8.604914e-006	1.166318e+001
ala	  40.0	 110.0	1.096813e-005	1.142052e+001
ala	  50.0	 110.0	1.219201e-005	1.131473e+001
ala	  60.0	 110.0	1.153635e-005	1.137001e+001
ala	  70.0	 110.0	9.454052e-006	1.156907e+001
ala	  80.0	 110.0	7.039291e-006	1.186400e+001
ala	  90.0	 110.0	5.093784e-006	1.218749e+001
ala	 100.0	 110.0	3.839232e-006	1.247024e+001
ala	 110.0	 110.0	3.207347e-006	1.265007e+001
ala	 120.0	 110.0	3.179566e-006	1.265877e+001
ala	 130.0	 110.0	4.047008e-006	1.241753e+001
ala	 140.0	 110.0	6.825248e-006	1.189488e+001
ala	 150.0	 110.0	1.420628e-005	1.116183e+001
ala	 160.0	 110.0	3.233820e-005	1.033926e+001
ala	 170.0	 110.0	7.258938e-005	9.530692e+000
ala	-180.0	 120.0	2.372048e-004	8.346586e+000
ala	-170.0	 120.0	4.409033e-004	7.726685e+000
ala	-160.0	 120.0	6.774032e-004	7.297244e+000
ala	-150.0	 120.0	8.690566e-004	7.048102e+000
ala	-140.0	 120.0	9.833630e-004	6.924532e+000
ala	-130.0	 120.0	1.068594e-003	6.841411e+000
ala	-120.0	 120.0	1.196812e-003	6.728094e+000
ala	-110.0	 120.0	1.408356e-003	6.565332e+000
ala	-100.0	 120.0	1.724843e-003	6.362619e+000
ala	 -90.0	 120.0	2.245289e-003	6.098921e+000
ala	 -80.0	 120.0	3.297185e-003	5.714686e+000
ala	 -70.0	 120.0	5.036921e-003	5.290960e+000
ala	 -60.0	 120.0	5.884979e-003	5.135352e+000
ala	 -50.0	 120.0	4.116125e-003	5.492843e+000
ala	 -40.0	 120.0	1.639285e-003	6.413495e+000
ala	 -30.0	 120.0	4.064089e-004	7.808151e+000
ala	 -20.0	 120.0	8.116659e-005	9.419007e+000
ala	 -10.0	 120.0	2.095028e-005	1.077336e+001
ala	   0.0	 120.0	8.477773e-006	1.167806e+001
ala	  10.0	 120.0	5.031237e-006	1.219984e+001
ala	  20.0	 120.0	4.411284e-006	1.233134e+001
ala	  30.0	 120.0	4.986450e-006	1.220879e+001
ala	  40.0	 120.0	5.888884e-006	1.204244e+001
ala	  50.0	 120.0	6.460223e-006	1.194985e+001
ala	  60.0	 120.0	6.359185e-006	1.196561e+001
ala	  70.0	 120.0	5.675774e-006	1.207930e+001
ala	  80.0	 120.0	4.756023e-006	1.225610e+001
ala	  90.0	 120.0	3.911169e-006	1.245167e+001
ala	 100.0	 120.0	3.298611e-006	1.262201e+001
ala	 110.0	 120.0	2.993784e-006	1.271897e+001
ala	 120.0	 120.0	3.143907e-006	1.267004e+001
ala	 130.0	 120.0	4.229123e-006	1.237352e+001
ala	 140.0	 120.0	7.708272e-006	1.177322e+001
ala	 150.0	 120.0	1.768541e-005	1.094277e+001
ala	 160.0	 120.0	4.439221e-005	1.002245e+001
ala	 170.0	 120.0	1.083717e-004	9.129944e+000
ala	-180.0	 130.0	4.000456e-004	7.823932e+000
ala	-170.0	 130.0	7.705864e-004	7.168359e+000
ala	-160.0	 130.0	1.189443e-003	6.734270e+000
ala	-150.0	 130.0	1.480376e-003	6.515459e+000
ala	-140.0	 130.0	1.573873e-003	6.454216e+000
ala	-130.0	 130.0	1.580047e-003	6.450301e+000
ala	-120.0	 130.0	1.646166e-003	6.409306e+000
ala	-110.0	 130.0	1.867288e-003	6.283268e+000
ala	-100.0	 130.0	2.382462e-003	6.039621e+000
ala	 -90.0	 130.0	3.647204e-003	5.613795e+000
ala	 -80.0	 130.0	6.864849e-003	4.981341e+000
ala	 -70.0	 130.0	1.236739e-002	4.392692e+000
ala	 -60.0	 130.0	1.459595e-002	4.227011e+000
ala	 -50.0	 130.0	9.270168e-003	4.680954e+000
ala	 -40.0	 130.0	3.170642e-003	5.753821e+000
ala	 -30.0	 130.0	6.565406e-004	7.328526e+000
ala	 -20.0	 130.0	1.030990e-004	9.179821e+000
ala	 -10.0	 130.0	2.067399e-005	1.078663e+001
ala	   0.0	 130.0	7.516691e-006	1.179838e+001
ala	  10.0	 130.0	4.304136e-006	1.235593e+001
ala	  20.0	 130.0	3.559024e-006	1.254602e+001
ala	  30.0	 130.0	3.738930e-006	1.249671e+001
ala	  40.0	 130.0	4.210727e-006	1.237788e+001
ala	  50.0	 130.0	4.584744e-006	1.229278e+001
ala	  60.0	 130.0	4.654272e-006	1.227772e+001
ala	  70.0	 130.0	4.409974e-006	1.233164e+001
ala	  80.0	 130.0	3.977642e-006	1.243482e+001
ala	  90.0	 130.0	3.510876e-006	1.255964e+001
ala	 100.0	 130.0	3.132386e-006	1.267372e+001
ala	 110.0	 130.0	2.958927e-006	1.273068e+001
ala	 120.0	 130.0	3.218719e-006	1.264653e+001
ala	 130.0	 130.0	4.580951e-006	1.229360e+001
ala	 140.0	 130.0	9.157216e-006	1.160097e+001
ala	 150.0	 130.0	2.339672e-005	1.066291e+001
ala	 160.0	 130.0	6.486899e-005	9.643141e+000
ala	 170.0	 130.0	1.719255e-004	8.668450e+000
ala	-180.0	 140.0	6.484456e-004	7.340932e+000
ala	-170.0	 140.0	1.273221e-003	6.666205e+000
ala	-160.0	 140.0	1.955015e-003	6.237357e+000
ala	-150.0	 140.0	2.354402e-003	6.051469e+000
ala	-140.0	 140.0	2.353899e-003	6.051682e+000
ala	-130.0	 140.0	2.183268e-003	6.126932e+000
ala	-120.0	 140.0	2.117689e-003	6.157430e+000
ala	-110.0	 140.0	2.328059e-003	6.062721e+000
ala	-100.0	 140.0	3.122114e-003	5.769245e+000
ala	 -90.0	 140.0	5.517787e-003	5.199778e+000
ala	 -80.0	 140.0	1.183907e-002	4.436350e+000
ala	 -70.0	 140.0	2.140891e-002	3.843948e+000
ala	 -60.0	 140.0	2.302768e-002	3.771058e+000
ala	 -50.0	 140.0	1.268947e-002	4.366983e+000
ala	 -40.0	 140.0	3.655015e-003	5.611655e+000
ala	 -30.0	 140.0	6.380538e-004	7.357088e+000
ala	 -20.0	 140.0	8.558372e-005	9.366015e+000
ala	 -10.0	 140.0	1.534241e-005	1.108489e+001
ala	   0.0	 140.0	5.738408e-006	1.206833e+001
ala	  10.0	 140.0	3.677612e-006	1.251325e+001
ala	  20.0	 140.0	3.329534e-006	1.261268e+001
ala	  30.0	 140.0	3.609823e-006	1.253185e+001
ala	  40.0	 140.0	4.076717e-006	1.241022e+001
ala	  50.0	 140.0	4.447820e-006	1.232310e+001
ala	  60.0	 140.0	4.561643e-006	1.229783e+001
ala	  70.0	 140.0	4.394665e-006	1.233512e+001
ala	  80.0	 140.0	4.033660e-006	1.242084e+001
ala	  90.0	 140.0	3.608976e-006	1.253209e+001
ala	 100.0	 140.0	3.247150e-006	1.263773e+001
ala	 110.0	 140.0	3.089305e-006	1.268756e+001
ala	 120.0	 140.0	3.424931e-006	1.258443e+001
ala	 130.0	 140.0	5.139454e-006	1.217856e+001
ala	 140.0	 140.0	1.121980e-005	1.139783e+001
ala	 150.0	 140.0	3.151063e-005	1.036519e+001
ala	 160.0	 140.0	9.478250e-005	9.263926e+000
ala	 170.0	 140.0	2.673723e-004	8.226869e+000
ala	-180.0	 150.0	9.134065e-004	6.998330e+000
ala	-170.0	 150.0	1.785976e-003	6.327790e+000
ala	-160.0	 150.0	2.687171e-003	5.919266e+000
ala	-150.0	 150.0	3.115937e-003	5.771225e+000
ala	-140.0	 150.0	2.941695e-003	5.828769e+000
ala	-130.0	 150.0	2.545911e-003	5.973267e+000
ala	-120.0	 150.0	2.332655e-003	6.060748e+000
ala	-110.0	 150.0	2.522612e-003	5.982460e+000
ala	-100.0	 150.0	3.515421e-003	5.650596e+000
ala	 -90.0	 150.0	6.564935e-003	5.026013e+000
ala	 -80.0	 150.0	1.381797e-002	4.281786e+000
ala	 -70.0	 150.0	2.243547e-002	3.797112e+000
ala	 -60.0	 150.0	2.084992e-002	3.870405e+000
ala	 -50.0	 150.0	9.862065e-003	4.619060e+000
ala	 -40.0	 150.0	2.427285e-003	6.020982e+000
ala	 -30.0	 150.0	3.652102e-004	7.915037e+000
ala	 -20.0	 150.0	4.512390e-005	1.000610e+001
ala	 -10.0	 150.0	8.849043e-006	1.163520e+001
ala	   0.0	 150.0	4.197801e-006	1.238095e+001
ala	  10.0	 150.0	3.442741e-006	1.257924e+001
ala	  20.0	 150.0	3.689077e-006	1.251013e+001
ala	  30.0	 150.0	4.342320e-006	1.234710e+001
ala	  40.0	 150.0	5.062420e-006	1.219367e+001
ala	  50.0	 150.0	5.563365e-006	1.209931e+001
ala	  60.0	 150.0	5.666625e-006	1.208092e+001
ala	  70.0	 150.0	5.364847e-006	1.213564e+001
ala	  80.0	 150.0	4.799408e-006	1.224702e+001
ala	  90.0	 150.0	4.166530e-006	1.238843e+001
ala	 100.0	 150.0	3.641306e-006	1.252317e+001
ala	 110.0	 150.0	3.393634e-006	1.259361e+001
ala	 120.0	 150.0	3.760317e-006	1.249101e+001
ala	 130.0	 150.0	5.830813e-006	1.205235e+001
ala	 140.0	 150.0	1.350680e-005	1.121232e+001
ala	 150.0	 150.0	4.036200e-005	1.011762e+001
ala	 160.0	 150.0	1.276235e-004	8.966426e+000
ala	 170.0	 150.0	3.717105e-004	7.897395e+000
ala	-180.0	 160.0	1.019670e-003	6.888276e+000
ala	-170.0	 160.0	1.946155e-003	6.241900e+000
ala	-160.0	 160.0	2.836903e-003	5.865042e+000
ala	-150.0	 160.0	3.164321e-003	5.755817e+000
ala	-140.0	 160.0	2.849341e-003	5.860668e+000
ala	-130.0	 160.0	2.341810e-003	6.056831e+000
ala	-120.0	 160.0	2.063535e-003	6.183335e+000
ala	-110.0	 160.0	2.210302e-003	6.114626e+000
ala	-100.0	 160.0	3.086279e-003	5.780789e+000
ala	 -90.0	 160.0	5.464415e-003	5.209498e+000
ala	 -80.0	 160.0	1.002947e-002	4.602227e+000
ala	 -70.0	 160.0	1.377481e-002	4.284914e+000
ala	 -60.0	 160.0	1.092236e-002	4.516943e+000
ala	 -50.0	 160.0	4.501750e-003	5.403289e+000
ala	 -40.0	 160.0	9.856028e-004	6.922257e+000
ala	 -30.0	 160.0	1.354526e-004	8.906888e+000
ala	 -20.0	 160.0	1.772395e-005	1.094059e+001
ala	 -10.0	 160.0	5.082209e-006	1.218976e+001
ala	   0.0	 160.0	3.621661e-006	1.252858e+001
ala	  10.0	 160.0	3.906002e-006	1.245300e+001
ala	  20.0	 160.0	4.889521e-006	1.222842e+001
ala	  30.0	 160.0	6.216990e-006	1.198822e+001
ala	  40.0	 160.0	7.492345e-006	1.180163e+001
ala	  50.0	 160.0	8.284292e-006	1.170115e+001
ala	  60.0	 160.0	8.316964e-006	1.169721e+001
ala	  70.0	 160.0	7.623218e-006	1.178431e+001
ala	  80.0	 160.0	6.503259e-006	1.194321e+001
ala	  90.0	 160.0	5.331297e-006	1.214192e+001
ala	 100.0	 160.0	4.395017e-006	1.233504e+001
ala	 110.0	 160.0	3.899611e-006	1.245463e+001
ala	 120.0	 160.0	4.188442e-006	1.238318e+001
ala	 130.0	 160.0	6.431203e-006	1.195435e+001
ala	 140.0	 160.0	1.499265e-005	1.110795e+001
ala	 150.0	 160.0	4.537764e-005	1.000049e+001
ala	 160.0	 160.0	1.447649e-004	8.840400e+000
ala	 170.0	 160.0	4.208461e-004	7.773243e+000
ala	-180.0	 170.0	8.567523e-004	7.062362e+000
ala	-170.0	 170.0	1.571956e-003	6.455435e+000
ala	-160.0	 170.0	2.204845e-003	6.117098e+000
ala	-150.0	 170.0	2.373526e-003	6.043379e+000
ala	-140.0	 170.0	2.070230e-003	6.180096e+000
ala	-130.0	 170.0	1.655740e-003	6.403507e+000
ala	-120.0	 170.0	1.430453e-003	6.549764e+000
ala	-110.0	 170.0	1.508975e-003	6.496325e+000
ala	-100.0	 170.0	2.023057e-003	6.203146e+000
ala	 -90.0	 170.0	3.178486e-003	5.751350e+000
ala	 -80.0	 170.0	4.801689e-003	5.338787e+000
ala	 -70.0	 170.0	5.413054e-003	5.218942e+000
ala	 -60.0	 170.0	3.684625e-003	5.603586e+000
ala	 -50.0	 170.0	1.378461e-003	6.586787e+000
ala	 -40.0	 170.0	2.918662e-004	8.139215e+000
ala	 -30.0	 170.0	4.301757e-005	1.005390e+001
ala	 -20.0	 170.0	8.179475e-006	1.171388e+001
ala	 -10.0	 170.0	4.103487e-006	1.240367e+001
ala	   0.0	 170.0	4.094920e-006	1.240576e+001
ala	  10.0	 170.0	5.328575e-006	1.214243e+001
ala	  20.0	 170.0	7.391426e-006	1.181519e+001
ala	  30.0	 170.0	9.912307e-006	1.152173e+001
ala	  40.0	 170.0	1.223411e-005	1.131128e+001
ala	  50.0	 170.0	1.357073e-005	1.120760e+001
ala	  60.0	 170.0	1.342741e-005	1.121821e+001
ala	  70.0	 170.0	1.191835e-005	1.133743e+001
ala	  80.0	 170.0	9.671532e-006	1.154632e+001
ala	  90.0	 170.0	7.420915e-006	1.181121e+001
ala	 100.0	 170.0	5.669027e-006	1.208049e+001
ala	 110.0	 170.0	4.661694e-006	1.227613e+001
ala	 120.0	 170.0	4.671804e-006	1.227397e+001
ala	 130.0	 170.0	6.715380e-006	1.191111e+001
ala	 140.0	 170.0	1.472691e-005	1.112583e+001
ala	 150.0	 170.0	4.252126e-005	1.006551e+001
ala	 160.0	 170.0	1.307842e-004	8.941962e+000
ala	 170.0	 170.0	3.671545e-004	7.909728e+000
