arg	-180.0	-180.0	4.945487e-004	7.611865e+000
arg	-170.0	-180.0	1.009437e-003	6.898362e+000
arg	-160.0	-180.0	1.568022e-003	6.457940e+000
arg	-150.0	-180.0	1.906585e-003	6.262442e+000
arg	-140.0	-180.0	1.931422e-003	6.249499e+000
arg	-130.0	-180.0	1.704093e-003	6.374722e+000
arg	-120.0	-180.0	1.375660e-003	6.588822e+000
arg	-110.0	-180.0	1.133430e-003	6.782507e+000
arg	-100.0	-180.0	1.119496e-003	6.794877e+000
arg	 -90.0	-180.0	1.316812e-003	6.632542e+000
arg	 -80.0	-180.0	1.472616e-003	6.520715e+000
arg	 -70.0	-180.0	1.268359e-003	6.670032e+000
arg	 -60.0	-180.0	7.355698e-004	7.214865e+000
arg	 -50.0	-180.0	2.708660e-004	8.213886e+000
arg	 -40.0	-180.0	6.522446e-005	9.637676e+000
arg	 -30.0	-180.0	1.287449e-005	1.126026e+001
arg	 -20.0	-180.0	4.352210e-006	1.234483e+001
arg	 -10.0	-180.0	3.708852e-006	1.250479e+001
arg	   0.0	-180.0	4.445885e-006	1.232353e+001
arg	  10.0	-180.0	5.715759e-006	1.207228e+001
arg	  20.0	-180.0	7.315886e-006	1.182546e+001
arg	  30.0	-180.0	8.961589e-006	1.162256e+001
arg	  40.0	-180.0	1.023759e-005	1.148944e+001
arg	  50.0	-180.0	1.074794e-005	1.144080e+001
arg	  60.0	-180.0	1.032003e-005	1.148142e+001
arg	  70.0	-180.0	9.098205e-006	1.160743e+001
arg	  80.0	-180.0	7.450449e-006	1.180724e+001
arg	  90.0	-180.0	5.773210e-006	1.206228e+001
arg	 100.0	-180.0	4.348167e-006	1.234576e+001
arg	 110.0	-180.0	3.337493e-006	1.261029e+001
arg	 120.0	-180.0	2.927056e-006	1.274151e+001
arg	 130.0	-180.0	3.674998e-006	1.251396e+001
arg	 140.0	-180.0	7.446500e-006	1.180777e+001
arg	 150.0	-180.0	2.055531e-005	1.079239e+001
arg	 160.0	-180.0	6.367105e-005	9.661781e+000
arg	 170.0	-180.0	1.913265e-004	8.561529e+000
arg	-180.0	-170.0	2.226901e-004	8.409729e+000
arg	-170.0	-170.0	4.165348e-004	7.783540e+000
arg	-160.0	-170.0	6.026315e-004	7.414205e+000
arg	-150.0	-170.0	6.883695e-004	7.281185e+000
arg	-140.0	-170.0	6.714056e-004	7.306137e+000
arg	-130.0	-170.0	5.990172e-004	7.420220e+000
arg	-120.0	-170.0	5.074235e-004	7.586165e+000
arg	-110.0	-170.0	4.405658e-004	7.727451e+000
arg	-100.0	-170.0	4.365256e-004	7.736664e+000
arg	 -90.0	-170.0	4.761699e-004	7.649736e+000
arg	 -80.0	-170.0	4.742759e-004	7.653721e+000
arg	 -70.0	-170.0	3.661350e-004	7.912508e+000
arg	 -60.0	-170.0	2.002341e-004	8.516023e+000
arg	 -50.0	-170.0	7.603192e-005	9.484357e+000
arg	 -40.0	-170.0	2.193536e-005	1.072741e+001
arg	 -30.0	-170.0	6.763632e-006	1.190395e+001
arg	 -20.0	-170.0	3.885864e-006	1.245817e+001
arg	 -10.0	-170.0	4.070583e-006	1.241172e+001
arg	   0.0	-170.0	5.360924e-006	1.213637e+001
arg	  10.0	-170.0	7.416186e-006	1.181185e+001
arg	  20.0	-170.0	1.000527e-005	1.151240e+001
arg	  30.0	-170.0	1.266280e-005	1.127684e+001
arg	  40.0	-170.0	1.470712e-005	1.112718e+001
arg	  50.0	-170.0	1.550085e-005	1.107462e+001
arg	  60.0	-170.0	1.478370e-005	1.112199e+001
arg	  70.0	-170.0	1.281681e-005	1.126475e+001
arg	  80.0	-170.0	1.021775e-005	1.149138e+001
arg	  90.0	-170.0	7.631300e-006	1.178325e+001
arg	 100.0	-170.0	5.488504e-006	1.211285e+001
arg	 110.0	-170.0	3.983084e-006	1.243345e+001
arg	 120.0	-170.0	3.234785e-006	1.264155e+001
arg	 130.0	-170.0	3.593661e-006	1.253634e+001
arg	 140.0	-170.0	6.194529e-006	1.199184e+001
arg	 150.0	-170.0	1.434305e-005	1.115225e+001
arg	 160.0	-170.0	3.729822e-005	1.019656e+001
arg	 170.0	-170.0	9.658805e-005	9.245056e+000
arg	-180.0	-160.0	8.767110e-005	9.341918e+000
arg	-170.0	-160.0	1.479506e-004	8.818632e+000
arg	-160.0	-160.0	2.026706e-004	8.503929e+000
arg	-150.0	-160.0	2.294263e-004	8.379929e+000
arg	-140.0	-160.0	2.317866e-004	8.369693e+000
arg	-130.0	-160.0	2.228542e-004	8.408993e+000
arg	-120.0	-160.0	2.070974e-004	8.482321e+000
arg	-110.0	-160.0	1.914129e-004	8.561078e+000
arg	-100.0	-160.0	1.838214e-004	8.601546e+000
arg	 -90.0	-160.0	1.791759e-004	8.627142e+000
arg	 -80.0	-160.0	1.592191e-004	8.745230e+000
arg	 -70.0	-160.0	1.151113e-004	9.069611e+000
arg	 -60.0	-160.0	6.392930e-005	9.657733e+000
arg	 -50.0	-160.0	2.786055e-005	1.048830e+001
arg	 -40.0	-160.0	1.093969e-005	1.142311e+001
arg	 -30.0	-160.0	5.232680e-006	1.216059e+001
arg	 -20.0	-160.0	4.063419e-006	1.241349e+001
arg	 -10.0	-160.0	4.783968e-006	1.225024e+001
arg	   0.0	-160.0	6.739284e-006	1.190756e+001
arg	  10.0	-160.0	9.773836e-006	1.153580e+001
arg	  20.0	-160.0	1.359279e-005	1.120597e+001
arg	  30.0	-160.0	1.750683e-005	1.095292e+001
arg	  40.0	-160.0	2.050012e-005	1.079508e+001
arg	  50.0	-160.0	2.162929e-005	1.074146e+001
arg	  60.0	-160.0	2.052210e-005	1.079401e+001
arg	  70.0	-160.0	1.758794e-005	1.094830e+001
arg	  80.0	-160.0	1.376205e-005	1.119360e+001
arg	  90.0	-160.0	1.000472e-005	1.151245e+001
arg	 100.0	-160.0	6.934981e-006	1.187893e+001
arg	 110.0	-160.0	4.781927e-006	1.225067e+001
arg	 120.0	-160.0	3.578052e-006	1.254069e+001
arg	 130.0	-160.0	3.450542e-006	1.257698e+001
arg	 140.0	-160.0	4.957029e-006	1.221470e+001
arg	 150.0	-160.0	9.559407e-006	1.155798e+001
arg	 160.0	-160.0	2.054535e-005	1.079288e+001
arg	 170.0	-160.0	4.420390e-005	1.002670e+001
arg	-180.0	-150.0	3.681915e-005	1.020949e+001
arg	-170.0	-150.0	5.658818e-005	9.779710e+000
arg	-160.0	-150.0	7.615997e-005	9.482675e+000
arg	-150.0	-150.0	9.141696e-005	9.300080e+000
arg	-140.0	-150.0	1.028264e-004	9.182468e+000
arg	-130.0	-150.0	1.111453e-004	9.104672e+000
arg	-120.0	-150.0	1.141910e-004	9.077638e+000
arg	-110.0	-150.0	1.109532e-004	9.106402e+000
arg	-100.0	-150.0	1.027711e-004	9.183006e+000
arg	 -90.0	-150.0	9.025210e-005	9.312904e+000
arg	 -80.0	-150.0	7.250318e-005	9.531880e+000
arg	 -70.0	-150.0	5.060969e-005	9.891368e+000
arg	 -60.0	-150.0	2.989937e-005	1.041767e+001
arg	 -50.0	-150.0	1.547622e-005	1.107621e+001
arg	 -40.0	-150.0	7.905841e-006	1.174791e+001
arg	 -30.0	-150.0	4.899238e-006	1.222643e+001
arg	 -20.0	-150.0	4.434045e-006	1.232620e+001
arg	 -10.0	-150.0	5.628208e-006	1.208772e+001
arg	   0.0	-150.0	8.290331e-006	1.170042e+001
arg	  10.0	-150.0	1.236040e-005	1.130101e+001
arg	  20.0	-150.0	1.747447e-005	1.095477e+001
arg	  30.0	-150.0	2.271126e-005	1.069265e+001
arg	  40.0	-150.0	2.670429e-005	1.053069e+001
arg	  50.0	-150.0	2.818691e-005	1.047665e+001
arg	  60.0	-150.0	2.666668e-005	1.053210e+001
arg	  70.0	-150.0	2.270692e-005	1.069284e+001
arg	  80.0	-150.0	1.757642e-005	1.094895e+001
arg	  90.0	-150.0	1.256851e-005	1.128432e+001
arg	 100.0	-150.0	8.502188e-006	1.167519e+001
arg	 110.0	-150.0	5.646234e-006	1.208452e+001
arg	 120.0	-150.0	3.947660e-006	1.244239e+001
arg	 130.0	-150.0	3.338269e-006	1.261006e+001
arg	 140.0	-150.0	3.987618e-006	1.243232e+001
arg	 150.0	-150.0	6.463726e-006	1.194930e+001
arg	 160.0	-150.0	1.181102e-005	1.134648e+001
arg	 170.0	-150.0	2.151757e-005	1.074664e+001
arg	-180.0	-140.0	1.928232e-005	1.085632e+001
arg	-170.0	-140.0	2.841173e-005	1.046871e+001
arg	-160.0	-140.0	3.925730e-005	1.014537e+001
arg	-150.0	-140.0	5.143738e-005	9.875145e+000
arg	-140.0	-140.0	6.438871e-005	9.650572e+000
arg	-130.0	-140.0	7.610315e-005	9.483421e+000
arg	-120.0	-140.0	8.322274e-005	9.393990e+000
arg	-110.0	-140.0	8.330358e-005	9.393019e+000
arg	-100.0	-140.0	7.626567e-005	9.481288e+000
arg	 -90.0	-140.0	6.388229e-005	9.658468e+000
arg	 -80.0	-140.0	4.869750e-005	9.929883e+000
arg	 -70.0	-140.0	3.345289e-005	1.030537e+001
arg	 -60.0	-140.0	2.071610e-005	1.078460e+001
arg	 -50.0	-140.0	1.194727e-005	1.133501e+001
arg	 -40.0	-140.0	6.998186e-006	1.186986e+001
arg	 -30.0	-140.0	4.883615e-006	1.222962e+001
arg	 -20.0	-140.0	4.774057e-006	1.225231e+001
arg	 -10.0	-140.0	6.335285e-006	1.196938e+001
arg	   0.0	-140.0	9.572753e-006	1.155659e+001
arg	  10.0	-140.0	1.448300e-005	1.114253e+001
arg	  20.0	-140.0	2.064784e-005	1.078790e+001
arg	  30.0	-140.0	2.696206e-005	1.052108e+001
arg	  40.0	-140.0	3.177883e-005	1.035671e+001
arg	  50.0	-140.0	3.357059e-005	1.030186e+001
arg	  60.0	-140.0	3.174315e-005	1.035783e+001
arg	  70.0	-140.0	2.697517e-005	1.052059e+001
arg	  80.0	-140.0	2.079622e-005	1.078074e+001
arg	  90.0	-140.0	1.476572e-005	1.112320e+001
arg	 100.0	-140.0	9.868368e-006	1.152618e+001
arg	 110.0	-140.0	6.413426e-006	1.195712e+001
arg	 120.0	-140.0	4.288893e-006	1.235948e+001
arg	 130.0	-140.0	3.288279e-006	1.262515e+001
arg	 140.0	-140.0	3.344041e-006	1.260833e+001
arg	 150.0	-140.0	4.621965e-006	1.228469e+001
arg	 160.0	-140.0	7.471687e-006	1.180439e+001
arg	 170.0	-140.0	1.227694e-005	1.130779e+001
arg	-180.0	-130.0	1.303093e-005	1.124818e+001
arg	-170.0	-130.0	1.955809e-005	1.084212e+001
arg	-160.0	-130.0	2.835660e-005	1.047065e+001
arg	-150.0	-130.0	3.953011e-005	1.013845e+001
arg	-140.0	-130.0	5.220270e-005	9.860376e+000
arg	-130.0	-130.0	6.397945e-005	9.656949e+000
arg	-120.0	-130.0	7.157002e-005	9.544834e+000
arg	-110.0	-130.0	7.247942e-005	9.532208e+000
arg	-100.0	-130.0	6.634868e-005	9.620587e+000
arg	 -90.0	-130.0	5.499968e-005	9.808183e+000
arg	 -80.0	-130.0	4.141628e-005	1.009184e+001
arg	 -70.0	-130.0	2.847365e-005	1.046653e+001
arg	 -60.0	-130.0	1.808699e-005	1.092032e+001
arg	 -50.0	-130.0	1.094314e-005	1.142280e+001
arg	 -40.0	-130.0	6.771122e-006	1.190284e+001
arg	 -30.0	-130.0	4.937404e-006	1.221867e+001
arg	 -20.0	-130.0	4.953473e-006	1.221542e+001
arg	 -10.0	-130.0	6.665096e-006	1.191863e+001
arg	   0.0	-130.0	1.015628e-005	1.149742e+001
arg	  10.0	-130.0	1.545021e-005	1.107789e+001
arg	  20.0	-130.0	2.210642e-005	1.071964e+001
arg	  30.0	-130.0	2.894003e-005	1.045028e+001
arg	  40.0	-130.0	3.418097e-005	1.028384e+001
arg	  50.0	-130.0	3.618170e-005	1.022696e+001
arg	  60.0	-130.0	3.428907e-005	1.028068e+001
arg	  70.0	-130.0	2.921185e-005	1.044094e+001
arg	  80.0	-130.0	2.257736e-005	1.069856e+001
arg	  90.0	-130.0	1.605903e-005	1.103924e+001
arg	 100.0	-130.0	1.072690e-005	1.144276e+001
arg	 110.0	-130.0	6.927024e-006	1.188008e+001
arg	 120.0	-130.0	4.534463e-006	1.230380e+001
arg	 130.0	-130.0	3.280224e-006	1.262760e+001
arg	 140.0	-130.0	2.978003e-006	1.272426e+001
arg	 150.0	-130.0	3.618360e-006	1.252949e+001
arg	 160.0	-130.0	5.350759e-006	1.213827e+001
arg	 170.0	-130.0	8.402543e-006	1.168698e+001
arg	-180.0	-120.0	1.070433e-005	1.144486e+001
arg	-170.0	-120.0	1.665425e-005	1.100285e+001
arg	-160.0	-120.0	2.507717e-005	1.059355e+001
arg	-150.0	-120.0	3.597148e-005	1.023278e+001
arg	-140.0	-120.0	4.826480e-005	9.938808e+000
arg	-130.0	-120.0	5.955802e-005	9.728560e+000
arg	-120.0	-120.0	6.680746e-005	9.613696e+000
arg	-110.0	-120.0	6.775701e-005	9.599583e+000
arg	-100.0	-120.0	6.211729e-005	9.686486e+000
arg	 -90.0	-120.0	5.164061e-005	9.871202e+000
arg	 -80.0	-120.0	3.915050e-005	1.014810e+001
arg	 -70.0	-120.0	2.729412e-005	1.050884e+001
arg	 -60.0	-120.0	1.774038e-005	1.093967e+001
arg	 -50.0	-120.0	1.104356e-005	1.141366e+001
arg	 -40.0	-120.0	6.990070e-006	1.187102e+001
arg	 -30.0	-120.0	5.094942e-006	1.218726e+001
arg	 -20.0	-120.0	4.981082e-006	1.220986e+001
arg	 -10.0	-120.0	6.537532e-006	1.193795e+001
arg	   0.0	-120.0	9.851577e-006	1.152788e+001
arg	  10.0	-120.0	1.494278e-005	1.111128e+001
arg	  20.0	-120.0	2.138649e-005	1.075275e+001
arg	  30.0	-120.0	2.804742e-005	1.048161e+001
arg	  40.0	-120.0	3.322732e-005	1.031214e+001
arg	  50.0	-120.0	3.533187e-005	1.025073e+001
arg	  60.0	-120.0	3.369758e-005	1.029808e+001
arg	  70.0	-120.0	2.895157e-005	1.044989e+001
arg	  80.0	-120.0	2.261148e-005	1.069705e+001
arg	  90.0	-120.0	1.627389e-005	1.102595e+001
arg	 100.0	-120.0	1.099519e-005	1.141805e+001
arg	 110.0	-120.0	7.155435e-006	1.184764e+001
arg	 120.0	-120.0	4.671860e-006	1.227395e+001
arg	 130.0	-120.0	3.291241e-006	1.262425e+001
arg	 140.0	-120.0	2.800401e-006	1.278575e+001
arg	 150.0	-120.0	3.128700e-006	1.267489e+001
arg	 160.0	-120.0	4.371428e-006	1.234042e+001
arg	 170.0	-120.0	6.771970e-006	1.190272e+001
arg	-180.0	-110.0	9.951876e-006	1.151775e+001
arg	-170.0	-110.0	1.589798e-005	1.104932e+001
arg	-160.0	-110.0	2.444308e-005	1.061916e+001
arg	-150.0	-110.0	3.544488e-005	1.024753e+001
arg	-140.0	-110.0	4.766426e-005	9.951329e+000
arg	-130.0	-110.0	5.867334e-005	9.743525e+000
arg	-120.0	-110.0	6.560914e-005	9.631796e+000
arg	-110.0	-110.0	6.652044e-005	9.618001e+000
arg	-100.0	-110.0	6.134113e-005	9.699060e+000
arg	 -90.0	-110.0	5.173705e-005	9.869336e+000
arg	 -80.0	-110.0	4.014271e-005	1.012307e+001
arg	 -70.0	-110.0	2.883942e-005	1.045377e+001
arg	 -60.0	-110.0	1.939981e-005	1.085025e+001
arg	 -50.0	-110.0	1.248121e-005	1.129129e+001
arg	 -40.0	-110.0	8.023633e-006	1.173312e+001
arg	 -30.0	-110.0	5.663273e-006	1.208151e+001
arg	 -20.0	-110.0	5.072362e-006	1.219170e+001
arg	 -10.0	-110.0	6.120503e-006	1.200387e+001
arg	   0.0	-110.0	8.839978e-006	1.163623e+001
arg	  10.0	-110.0	1.321270e-005	1.123433e+001
arg	  20.0	-110.0	1.885464e-005	1.087875e+001
arg	  30.0	-110.0	2.478447e-005	1.060529e+001
arg	  40.0	-110.0	2.953520e-005	1.042993e+001
arg	  50.0	-110.0	3.170316e-005	1.035909e+001
arg	  60.0	-110.0	3.064370e-005	1.039308e+001
arg	  70.0	-110.0	2.679609e-005	1.052725e+001
arg	  80.0	-110.0	2.138592e-005	1.075278e+001
arg	  90.0	-110.0	1.577211e-005	1.105727e+001
arg	 100.0	-110.0	1.092124e-005	1.142480e+001
arg	 110.0	-110.0	7.255122e-006	1.183380e+001
arg	 120.0	-110.0	4.786715e-006	1.224967e+001
arg	 130.0	-110.0	3.343180e-006	1.260859e+001
arg	 140.0	-110.0	2.747367e-006	1.280487e+001
arg	 150.0	-110.0	2.927984e-006	1.274120e+001
arg	 160.0	-110.0	3.975569e-006	1.243534e+001
arg	 170.0	-110.0	6.165359e-006	1.199656e+001
arg	-180.0	-100.0	1.004084e-005	1.150885e+001
arg	-170.0	-100.0	1.637130e-005	1.101998e+001
arg	-160.0	-100.0	2.554593e-005	1.057503e+001
arg	-150.0	-100.0	3.733766e-005	1.019551e+001
arg	-140.0	-100.0	5.032991e-005	9.896911e+000
arg	-130.0	-100.0	6.192801e-005	9.689538e+000
arg	-120.0	-100.0	6.928817e-005	9.577236e+000
arg	-110.0	-100.0	7.075956e-005	9.556223e+000
arg	-100.0	-100.0	6.658248e-005	9.617069e+000
arg	 -90.0	-100.0	5.818095e-005	9.751953e+000
arg	 -80.0	-100.0	4.722265e-005	9.960637e+000
arg	 -70.0	-100.0	3.557636e-005	1.024383e+001
arg	 -60.0	-100.0	2.512233e-005	1.059175e+001
arg	 -50.0	-100.0	1.691264e-005	1.098745e+001
arg	 -40.0	-100.0	1.107786e-005	1.141056e+001
arg	 -30.0	-100.0	7.423666e-006	1.181084e+001
arg	 -20.0	-100.0	5.726198e-006	1.207046e+001
arg	 -10.0	-100.0	5.814825e-006	1.205510e+001
arg	   0.0	-100.0	7.593661e-006	1.178820e+001
arg	  10.0	-100.0	1.093906e-005	1.142317e+001
arg	  20.0	-100.0	1.548830e-005	1.107543e+001
arg	  30.0	-100.0	2.045144e-005	1.079746e+001
arg	  40.0	-100.0	2.466268e-005	1.061022e+001
arg	  50.0	-100.0	2.696397e-005	1.052101e+001
arg	  60.0	-100.0	2.672315e-005	1.052998e+001
arg	  70.0	-100.0	2.411443e-005	1.063270e+001
arg	  80.0	-100.0	1.996199e-005	1.082168e+001
arg	  90.0	-100.0	1.530374e-005	1.108741e+001
arg	 100.0	-100.0	1.099265e-005	1.141828e+001
arg	 110.0	-100.0	7.519408e-006	1.179802e+001
arg	 120.0	-100.0	5.039791e-006	1.219815e+001
arg	 130.0	-100.0	3.504314e-006	1.256152e+001
arg	 140.0	-100.0	2.804900e-006	1.278414e+001
arg	 150.0	-100.0	2.897071e-006	1.275181e+001
arg	 160.0	-100.0	3.888372e-006	1.245752e+001
arg	 170.0	-100.0	6.093614e-006	1.200827e+001
arg	-180.0	 -90.0	1.078493e-005	1.143736e+001
arg	-170.0	 -90.0	1.804017e-005	1.092291e+001
arg	-160.0	 -90.0	2.877342e-005	1.045606e+001
arg	-150.0	 -90.0	4.282368e-005	1.005842e+001
arg	-140.0	 -90.0	5.860035e-005	9.744770e+000
arg	-130.0	 -90.0	7.309122e-005	9.523802e+000
arg	-120.0	 -90.0	8.311216e-005	9.395320e+000
arg	-110.0	 -90.0	8.716337e-005	9.347726e+000
arg	-100.0	 -90.0	8.580109e-005	9.363479e+000
arg	 -90.0	 -90.0	7.976328e-005	9.436447e+000
arg	 -80.0	 -90.0	6.911339e-005	9.579762e+000
arg	 -70.0	 -90.0	5.550976e-005	9.798952e+000
arg	 -60.0	 -90.0	4.228914e-005	1.007098e+001
arg	 -50.0	 -90.0	3.074551e-005	1.038977e+001
arg	 -40.0	 -90.0	2.056131e-005	1.079210e+001
arg	 -30.0	 -90.0	1.268764e-005	1.127488e+001
arg	 -20.0	 -90.0	7.991202e-006	1.173717e+001
arg	 -10.0	 -90.0	6.185555e-006	1.199329e+001
arg	   0.0	 -90.0	6.645103e-006	1.192163e+001
arg	  10.0	 -90.0	8.852490e-006	1.163481e+001
arg	  20.0	 -90.0	1.232915e-005	1.130354e+001
arg	  30.0	 -90.0	1.642488e-005	1.101671e+001
arg	  40.0	 -90.0	2.025037e-005	1.080734e+001
arg	  50.0	 -90.0	2.286609e-005	1.068586e+001
arg	  60.0	 -90.0	2.361266e-005	1.065373e+001
arg	  70.0	 -90.0	2.235110e-005	1.070863e+001
arg	  80.0	 -90.0	1.946587e-005	1.084685e+001
arg	  90.0	 -90.0	1.566743e-005	1.106393e+001
arg	 100.0	 -90.0	1.172687e-005	1.135363e+001
arg	 110.0	 -90.0	8.255709e-006	1.170461e+001
arg	 120.0	 -90.0	5.597870e-006	1.209312e+001
arg	 130.0	 -90.0	3.851645e-006	1.246701e+001
arg	 140.0	 -90.0	2.985888e-006	1.272161e+001
arg	 150.0	 -90.0	2.987037e-006	1.272123e+001
arg	 160.0	 -90.0	3.990208e-006	1.243167e+001
arg	 170.0	 -90.0	6.373101e-006	1.196342e+001
arg	-180.0	 -80.0	1.209510e-005	1.132271e+001
arg	-170.0	 -80.0	2.098959e-005	1.077148e+001
arg	-160.0	 -80.0	3.472121e-005	1.026816e+001
arg	-150.0	 -80.0	5.357505e-005	9.834427e+000
arg	-140.0	 -80.0	7.595038e-005	9.485430e+000
arg	-130.0	 -80.0	9.809726e-005	9.229551e+000
arg	-120.0	 -80.0	1.158281e-004	9.063403e+000
arg	-110.0	 -80.0	1.274251e-004	8.967982e+000
arg	-100.0	 -80.0	1.339905e-004	8.917741e+000
arg	 -90.0	 -80.0	1.353465e-004	8.907672e+000
arg	 -80.0	 -80.0	1.288774e-004	8.956649e+000
arg	 -70.0	 -80.0	1.170224e-004	9.053145e+000
arg	 -60.0	 -80.0	1.053650e-004	9.158080e+000
arg	 -50.0	 -80.0	8.738708e-005	9.345163e+000
arg	 -40.0	 -80.0	5.774283e-005	9.759511e+000
arg	 -30.0	 -80.0	3.011339e-005	1.041054e+001
arg	 -20.0	 -80.0	1.440110e-005	1.114821e+001
arg	 -10.0	 -80.0	7.925190e-006	1.174546e+001
arg	   0.0	 -80.0	6.351545e-006	1.196681e+001
arg	  10.0	 -80.0	7.397336e-006	1.181439e+001
arg	  20.0	 -80.0	1.001997e-005	1.151093e+001
arg	  30.0	 -80.0	1.356100e-005	1.120831e+001
arg	  40.0	 -80.0	1.732755e-005	1.096321e+001
arg	  50.0	 -80.0	2.053008e-005	1.079362e+001
arg	  60.0	 -80.0	2.242313e-005	1.070542e+001
arg	  70.0	 -80.0	2.251140e-005	1.070149e+001
arg	  80.0	 -80.0	2.072451e-005	1.078419e+001
arg	  90.0	 -80.0	1.747550e-005	1.095471e+001
arg	 100.0	 -80.0	1.352756e-005	1.121078e+001
arg	 110.0	 -80.0	9.698961e-006	1.154349e+001
arg	 120.0	 -80.0	6.580185e-006	1.193145e+001
arg	 130.0	 -80.0	4.434053e-006	1.232620e+001
arg	 140.0	 -80.0	3.295355e-006	1.262300e+001
arg	 150.0	 -80.0	3.166188e-006	1.266298e+001
arg	 160.0	 -80.0	4.209110e-006	1.237826e+001
arg	 170.0	 -80.0	6.897347e-006	1.188437e+001
arg	-180.0	 -70.0	1.373966e-005	1.119522e+001
arg	-170.0	 -70.0	2.499993e-005	1.059664e+001
arg	-160.0	 -70.0	4.348794e-005	1.004303e+001
arg	-150.0	 -70.0	7.067873e-005	9.557366e+000
arg	-140.0	 -70.0	1.054858e-004	9.156934e+000
arg	-130.0	 -70.0	1.431504e-004	8.851615e+000
arg	-120.0	 -70.0	1.774377e-004	8.636891e+000
arg	-110.0	 -70.0	2.060994e-004	8.487152e+000
arg	-100.0	 -70.0	2.334875e-004	8.362382e+000
arg	 -90.0	 -70.0	2.638870e-004	8.239990e+000
arg	 -80.0	 -70.0	2.990187e-004	8.115005e+000
arg	 -70.0	 -70.0	3.490134e-004	7.960400e+000
arg	 -60.0	 -70.0	3.981893e-004	7.828583e+000
arg	 -50.0	 -70.0	3.590342e-004	7.932093e+000
arg	 -40.0	 -70.0	2.160909e-004	8.439811e+000
arg	 -30.0	 -70.0	8.857532e-005	9.331657e+000
arg	 -20.0	 -70.0	3.028096e-005	1.040499e+001
arg	 -10.0	 -70.0	1.158198e-005	1.136606e+001
arg	   0.0	 -70.0	6.701177e-006	1.191323e+001
arg	  10.0	 -70.0	6.605565e-006	1.192760e+001
arg	  20.0	 -70.0	8.680524e-006	1.165443e+001
arg	  30.0	 -70.0	1.205977e-005	1.132564e+001
arg	  40.0	 -70.0	1.618068e-005	1.103169e+001
arg	  50.0	 -70.0	2.034880e-005	1.080249e+001
arg	  60.0	 -70.0	2.366425e-005	1.065155e+001
arg	  70.0	 -70.0	2.518916e-005	1.058910e+001
arg	  80.0	 -70.0	2.433122e-005	1.062375e+001
arg	  90.0	 -70.0	2.122243e-005	1.076045e+001
arg	 100.0	 -70.0	1.673323e-005	1.099811e+001
arg	 110.0	 -70.0	1.203601e-005	1.132761e+001
arg	 120.0	 -70.0	8.065079e-006	1.172797e+001
arg	 130.0	 -70.0	5.267941e-006	1.215387e+001
arg	 140.0	 -70.0	3.715979e-006	1.250287e+001
arg	 150.0	 -70.0	3.388235e-006	1.259520e+001
arg	 160.0	 -70.0	4.454819e-006	1.232152e+001
arg	 170.0	 -70.0	7.507870e-006	1.179956e+001
arg	-180.0	 -60.0	1.528974e-005	1.108833e+001
arg	-170.0	 -60.0	2.938404e-005	1.043506e+001
arg	-160.0	 -60.0	5.425461e-005	9.821823e+000
arg	-150.0	 -60.0	9.375720e-005	9.274802e+000
arg	-140.0	 -60.0	1.484378e-004	8.815345e+000
arg	-130.0	 -60.0	2.123980e-004	8.457049e+000
arg	-120.0	 -60.0	2.756359e-004	8.196430e+000
arg	-110.0	 -60.0	3.361045e-004	7.998088e+000
arg	-100.0	 -60.0	4.141488e-004	7.789285e+000
arg	 -90.0	 -60.0	5.525314e-004	7.501000e+000
arg	 -80.0	 -60.0	8.243917e-004	7.100865e+000
arg	 -70.0	 -60.0	1.304007e-003	6.642314e+000
arg	 -60.0	 -60.0	1.741128e-003	6.353222e+000
arg	 -50.0	 -60.0	1.519562e-003	6.489333e+000
arg	 -40.0	 -60.0	7.767756e-004	7.160359e+000
arg	 -30.0	 -60.0	2.452158e-004	8.313372e+000
arg	 -20.0	 -60.0	5.978620e-005	9.724736e+000
arg	 -10.0	 -60.0	1.624866e-005	1.102750e+001
arg	   0.0	 -60.0	7.149541e-006	1.184846e+001
arg	  10.0	 -60.0	6.191211e-006	1.199238e+001
arg	  20.0	 -60.0	8.085849e-006	1.172540e+001
arg	  30.0	 -60.0	1.172017e-005	1.135420e+001
arg	  40.0	 -60.0	1.669924e-005	1.100015e+001
arg	  50.0	 -60.0	2.242793e-005	1.070520e+001
arg	  60.0	 -60.0	2.775641e-005	1.049204e+001
arg	  70.0	 -60.0	3.108779e-005	1.037870e+001
arg	  80.0	 -60.0	3.109480e-005	1.037847e+001
arg	  90.0	 -60.0	2.760830e-005	1.049739e+001
arg	 100.0	 -60.0	2.181311e-005	1.073300e+001
arg	 110.0	 -60.0	1.550831e-005	1.107413e+001
arg	 120.0	 -60.0	1.013900e-005	1.149912e+001
arg	 130.0	 -60.0	6.359881e-006	1.196550e+001
arg	 140.0	 -60.0	4.218248e-006	1.237609e+001
arg	 150.0	 -60.0	3.594996e-006	1.253597e+001
arg	 160.0	 -60.0	4.614160e-006	1.228638e+001
arg	 170.0	 -60.0	7.976462e-006	1.173902e+001
arg	-180.0	 -50.0	1.627292e-005	1.102601e+001
arg	-170.0	 -50.0	3.319863e-005	1.031300e+001
arg	-160.0	 -50.0	6.550376e-005	9.633403e+000
arg	-150.0	 -50.0	1.211950e-004	9.018110e+000
arg	-140.0	 -50.0	2.046398e-004	8.494259e+000
arg	-130.0	 -50.0	3.091068e-004	8.081824e+000
arg	-120.0	 -50.0	4.180928e-004	7.779807e+000
arg	-110.0	 -50.0	5.335411e-004	7.535974e+000
arg	-100.0	 -50.0	7.293249e-004	7.223391e+000
arg	 -90.0	 -50.0	1.191709e-003	6.732367e+000
arg	 -80.0	 -50.0	2.293177e-003	6.077817e+000
arg	 -70.0	 -50.0	4.407448e-003	5.424459e+000
arg	 -60.0	 -50.0	6.151556e-003	5.091050e+000
arg	 -50.0	 -50.0	4.864265e-003	5.325840e+000
arg	 -40.0	 -50.0	2.059033e-003	6.185519e+000
arg	 -30.0	 -50.0	5.050221e-004	7.590908e+000
arg	 -20.0	 -50.0	9.009880e-005	9.314604e+000
arg	 -10.0	 -50.0	1.830127e-005	1.090854e+001
arg	   0.0	 -50.0	6.852891e-006	1.189084e+001
arg	  10.0	 -50.0	5.815094e-006	1.205505e+001
arg	  20.0	 -50.0	7.956264e-006	1.174155e+001
arg	  30.0	 -50.0	1.231865e-005	1.130440e+001
arg	  40.0	 -50.0	1.888934e-005	1.087691e+001
arg	  50.0	 -50.0	2.725807e-005	1.051016e+001
arg	  60.0	 -50.0	3.581898e-005	1.023703e+001
arg	  70.0	 -50.0	4.178954e-005	1.008286e+001
arg	  80.0	 -50.0	4.262932e-005	1.006297e+001
arg	  90.0	 -50.0	3.787948e-005	1.018110e+001
arg	 100.0	 -50.0	2.950892e-005	1.043082e+001
arg	 110.0	 -50.0	2.045086e-005	1.079749e+001
arg	 120.0	 -50.0	1.290323e-005	1.125803e+001
arg	 130.0	 -50.0	7.711695e-006	1.177277e+001
arg	 140.0	 -50.0	4.772281e-006	1.225269e+001
arg	 150.0	 -50.0	3.739729e-006	1.249650e+001
arg	 160.0	 -50.0	4.597082e-006	1.229009e+001
arg	 170.0	 -50.0	8.094579e-006	1.172432e+001
arg	-180.0	 -40.0	1.647630e-005	1.101359e+001
arg	-170.0	 -40.0	3.582512e-005	1.023686e+001
arg	-160.0	 -40.0	7.603453e-005	9.484323e+000
arg	-150.0	 -40.0	1.518817e-004	8.792408e+000
arg	-140.0	 -40.0	2.758355e-004	8.195706e+000
arg	-130.0	 -40.0	4.429217e-004	7.722117e+000
arg	-120.0	 -40.0	6.286979e-004	7.371860e+000
arg	-110.0	 -40.0	8.489814e-004	7.071473e+000
arg	-100.0	 -40.0	1.299197e-003	6.646009e+000
arg	 -90.0	 -40.0	2.464658e-003	6.005702e+000
arg	 -80.0	 -40.0	5.286880e-003	5.242527e+000
arg	 -70.0	 -40.0	1.061804e-002	4.545201e+000
arg	 -60.0	 -40.0	1.406098e-002	4.264351e+000
arg	 -50.0	 -40.0	9.572446e-003	4.648866e+000
arg	 -40.0	 -40.0	3.285216e-003	5.718323e+000
arg	 -30.0	 -40.0	6.389715e-004	7.355651e+000
arg	 -20.0	 -40.0	8.831086e-005	9.334647e+000
arg	 -10.0	 -40.0	1.471968e-005	1.112633e+001
arg	   0.0	 -40.0	5.576799e-006	1.209690e+001
arg	  10.0	 -40.0	5.369540e-006	1.213477e+001
arg	  20.0	 -40.0	8.176507e-006	1.171425e+001
arg	  30.0	 -40.0	1.392075e-005	1.118213e+001
arg	  40.0	 -40.0	2.340019e-005	1.066277e+001
arg	  50.0	 -40.0	3.655957e-005	1.021657e+001
arg	  60.0	 -40.0	5.077244e-005	9.888157e+000
arg	  70.0	 -40.0	6.080910e-005	9.707771e+000
arg	  80.0	 -40.0	6.201745e-005	9.688095e+000
arg	  90.0	 -40.0	5.401931e-005	9.826169e+000
arg	 100.0	 -40.0	4.073591e-005	1.010840e+001
arg	 110.0	 -40.0	2.712621e-005	1.051501e+001
arg	 120.0	 -40.0	1.635422e-005	1.102102e+001
arg	 130.0	 -40.0	9.262540e-006	1.158953e+001
arg	 140.0	 -40.0	5.333241e-006	1.214155e+001
arg	 150.0	 -40.0	3.803941e-006	1.247947e+001
arg	 160.0	 -40.0	4.395120e-006	1.233502e+001
arg	 170.0	 -40.0	7.814528e-006	1.175953e+001
arg	-180.0	 -30.0	1.619577e-005	1.103076e+001
arg	-170.0	 -30.0	3.753537e-005	1.019023e+001
arg	-160.0	 -30.0	8.599924e-005	9.361172e+000
arg	-150.0	 -30.0	1.867155e-004	8.585925e+000
arg	-140.0	 -30.0	3.680566e-004	7.907274e+000
arg	-130.0	 -30.0	6.370965e-004	7.358589e+000
arg	-120.0	 -30.0	9.708438e-004	6.937345e+000
arg	-110.0	 -30.0	1.418507e-003	6.558151e+000
arg	-100.0	 -30.0	2.355446e-003	6.051025e+000
arg	 -90.0	 -30.0	4.636712e-003	5.373750e+000
arg	 -80.0	 -30.0	9.672727e-003	4.638445e+000
arg	 -70.0	 -30.0	1.766879e-002	4.035956e+000
arg	 -60.0	 -30.0	1.998989e-002	3.912529e+000
arg	 -50.0	 -30.0	1.102119e-002	4.507936e+000
arg	 -40.0	 -30.0	2.929573e-003	5.832899e+000
arg	 -30.0	 -30.0	4.445242e-004	7.718506e+000
arg	 -20.0	 -30.0	5.060576e-005	9.891445e+000
arg	 -10.0	 -30.0	8.241215e-006	1.170636e+001
arg	   0.0	 -30.0	4.047823e-006	1.241733e+001
arg	  10.0	 -30.0	5.003914e-006	1.220529e+001
arg	  20.0	 -30.0	8.880970e-006	1.163160e+001
arg	  30.0	 -30.0	1.717308e-005	1.097217e+001
arg	  40.0	 -30.0	3.230020e-005	1.034044e+001
arg	  50.0	 -30.0	5.479974e-005	9.811825e+000
arg	  60.0	 -30.0	7.941005e-005	9.440886e+000
arg	  70.0	 -30.0	9.547991e-005	9.256595e+000
arg	  80.0	 -30.0	9.483229e-005	9.263401e+000
arg	  90.0	 -30.0	7.888121e-005	9.447567e+000
arg	 100.0	 -30.0	5.628004e-005	9.785171e+000
arg	 110.0	 -30.0	3.539400e-005	1.024897e+001
arg	 120.0	 -30.0	2.017632e-005	1.081100e+001
arg	 130.0	 -30.0	1.079202e-005	1.143670e+001
arg	 140.0	 -30.0	5.805691e-006	1.205667e+001
arg	 150.0	 -30.0	3.792559e-006	1.248247e+001
arg	 160.0	 -30.0	4.106348e-006	1.240298e+001
arg	 170.0	 -30.0	7.340427e-006	1.182211e+001
arg	-180.0	 -20.0	1.621669e-005	1.102947e+001
arg	-170.0	 -20.0	3.958706e-005	1.013701e+001
arg	-160.0	 -20.0	9.718930e-005	9.238850e+000
arg	-150.0	 -20.0	2.289301e-004	8.382094e+000
arg	-140.0	 -20.0	4.921799e-004	7.616666e+000
arg	-130.0	 -20.0	9.329818e-004	6.977125e+000
arg	-120.0	 -20.0	1.562937e-003	6.461188e+000
arg	-110.0	 -20.0	2.477063e-003	6.000682e+000
arg	-100.0	 -20.0	4.166299e-003	5.480727e+000
arg	 -90.0	 -20.0	7.569438e-003	4.883636e+000
arg	 -80.0	 -20.0	1.363074e-002	4.295427e+000
arg	 -70.0	 -20.0	2.019431e-002	3.902355e+000
arg	 -60.0	 -20.0	1.790332e-002	4.022769e+000
arg	 -50.0	 -20.0	7.636117e-003	4.874866e+000
arg	 -40.0	 -20.0	1.527910e-003	6.483855e+000
arg	 -30.0	 -20.0	1.745067e-004	8.653547e+000
arg	 -20.0	 -20.0	1.729541e-005	1.096507e+001
arg	 -10.0	 -20.0	3.704016e-006	1.250609e+001
arg	   0.0	 -20.0	2.986475e-006	1.272142e+001
arg	  10.0	 -20.0	4.929526e-006	1.222027e+001
arg	  20.0	 -20.0	1.052961e-005	1.146132e+001
arg	  30.0	 -20.0	2.384890e-005	1.064377e+001
arg	  40.0	 -20.0	5.064586e-005	9.890653e+000
arg	  50.0	 -20.0	9.209603e-005	9.292679e+000
arg	  60.0	 -20.0	1.358507e-004	8.903954e+000
arg	  70.0	 -20.0	1.594260e-004	8.743931e+000
arg	  80.0	 -20.0	1.499148e-004	8.805443e+000
arg	  90.0	 -20.0	1.158711e-004	9.063032e+000
arg	 100.0	 -20.0	7.628049e-005	9.481093e+000
arg	 110.0	 -20.0	4.439823e-005	1.002231e+001
arg	 120.0	 -20.0	2.362644e-005	1.065314e+001
arg	 130.0	 -20.0	1.189423e-005	1.133946e+001
arg	 140.0	 -20.0	6.037514e-006	1.201752e+001
arg	 150.0	 -20.0	3.719888e-006	1.250182e+001
arg	 160.0	 -20.0	3.904484e-006	1.245338e+001
arg	 170.0	 -20.0	7.084899e-006	1.185754e+001
arg	-180.0	 -10.0	1.756079e-005	1.094984e+001
arg	-170.0	 -10.0	4.395781e-005	1.003228e+001
arg	-160.0	 -10.0	1.130739e-004	9.087469e+000
arg	-150.0	 -10.0	2.849813e-004	8.163087e+000
arg	-140.0	 -10.0	6.646144e-004	7.316303e+000
arg	-130.0	 -10.0	1.378045e-003	6.587089e+000
arg	-120.0	 -10.0	2.499649e-003	5.991605e+000
arg	-110.0	 -10.0	4.049421e-003	5.509181e+000
arg	-100.0	 -10.0	6.229490e-003	5.078461e+000
arg	 -90.0	 -10.0	9.370467e-003	4.670192e+000
arg	 -80.0	 -10.0	1.312899e-002	4.332932e+000
arg	 -70.0	 -10.0	1.462903e-002	4.224747e+000
arg	 -60.0	 -10.0	9.832069e-003	4.622106e+000
arg	 -50.0	 -10.0	3.246558e-003	5.730160e+000
arg	 -40.0	 -10.0	5.061978e-004	7.588583e+000
arg	 -30.0	 -10.0	4.496655e-005	1.000959e+001
arg	 -20.0	 -10.0	4.508424e-006	1.230956e+001
arg	 -10.0	 -10.0	1.870810e-006	1.318914e+001
arg	   0.0	 -10.0	2.497958e-006	1.290004e+001
arg	  10.0	 -10.0	5.386444e-006	1.213163e+001
arg	  20.0	 -10.0	1.423564e-005	1.115976e+001
arg	  30.0	 -10.0	3.814897e-005	1.017401e+001
arg	  40.0	 -10.0	8.965560e-005	9.319535e+000
arg	  50.0	 -10.0	1.689227e-004	8.686069e+000
arg	  60.0	 -10.0	2.450743e-004	8.313949e+000
arg	  70.0	 -10.0	2.724415e-004	8.208087e+000
arg	  80.0	 -10.0	2.365481e-004	8.349359e+000
arg	  90.0	 -10.0	1.661908e-004	8.702374e+000
arg	 100.0	 -10.0	9.888520e-005	9.221551e+000
arg	 110.0	 -10.0	5.229036e-005	9.858699e+000
arg	 120.0	 -10.0	2.563948e-005	1.057138e+001
arg	 130.0	 -10.0	1.210679e-005	1.132174e+001
arg	 140.0	 -10.0	5.883628e-006	1.204334e+001
arg	 150.0	 -10.0	3.608154e-006	1.253231e+001
arg	 160.0	 -10.0	3.971393e-006	1.243639e+001
arg	 170.0	 -10.0	7.514719e-006	1.179865e+001
arg	-180.0	   0.0	2.113810e-005	1.076443e+001
arg	-170.0	   0.0	5.280225e-005	9.848957e+000
arg	-160.0	   0.0	1.378870e-004	8.889076e+000
arg	-150.0	   0.0	3.611359e-004	7.926256e+000
arg	-140.0	   0.0	8.871208e-004	7.027529e+000
arg	-130.0	   0.0	1.928685e-003	6.250917e+000
arg	-120.0	   0.0	3.543691e-003	5.642586e+000
arg	-110.0	   0.0	5.374325e-003	5.226122e+000
arg	-100.0	   0.0	6.914586e-003	4.974122e+000
arg	 -90.0	   0.0	7.953241e-003	4.834176e+000
arg	 -80.0	   0.0	8.159761e-003	4.808540e+000
arg	 -70.0	   0.0	6.587149e-003	5.022635e+000
arg	 -60.0	   0.0	3.329104e-003	5.705052e+000
arg	 -50.0	   0.0	8.810586e-004	7.034386e+000
arg	 -40.0	   0.0	1.184867e-004	9.040710e+000
arg	 -30.0	   0.0	1.006095e-005	1.150685e+001
arg	 -20.0	   0.0	1.615395e-006	1.333593e+001
arg	 -10.0	   0.0	1.359288e-006	1.350855e+001
arg	   0.0	   0.0	2.494450e-006	1.290144e+001
arg	  10.0	   0.0	6.934970e-006	1.187893e+001
arg	  20.0	   0.0	2.273862e-005	1.069145e+001
arg	  30.0	   0.0	6.972241e-005	9.570989e+000
arg	  40.0	   0.0	1.729322e-004	8.662611e+000
arg	  50.0	   0.0	3.232705e-004	8.037021e+000
arg	  60.0	   0.0	4.449723e-004	7.717498e+000
arg	  70.0	   0.0	4.548362e-004	7.695573e+000
arg	  80.0	   0.0	3.560024e-004	7.940573e+000
arg	  90.0	   0.0	2.232225e-004	8.407341e+000
arg	 100.0	   0.0	1.183380e-004	9.041966e+000
arg	 110.0	   0.0	5.617225e-005	9.787088e+000
arg	 120.0	   0.0	2.516481e-005	1.059006e+001
arg	 130.0	   0.0	1.114763e-005	1.140428e+001
arg	 140.0	   0.0	5.305427e-006	1.214678e+001
arg	 150.0	   0.0	3.494982e-006	1.256418e+001
arg	 160.0	   0.0	4.425555e-006	1.232811e+001
arg	 170.0	   0.0	8.968093e-006	1.162184e+001
arg	-180.0	  10.0	2.728711e-005	1.050910e+001
arg	-170.0	  10.0	6.719171e-005	9.607961e+000
arg	-160.0	  10.0	1.726179e-004	8.664430e+000
arg	-150.0	  10.0	4.484401e-004	7.709736e+000
arg	-140.0	  10.0	1.094824e-003	6.817161e+000
arg	-130.0	  10.0	2.325115e-003	6.063986e+000
arg	-120.0	  10.0	4.015888e-003	5.517497e+000
arg	-110.0	  10.0	5.381815e-003	5.224730e+000
arg	-100.0	  10.0	5.606840e-003	5.183768e+000
arg	 -90.0	  10.0	4.805354e-003	5.338025e+000
arg	 -80.0	  10.0	3.533629e-003	5.645430e+000
arg	 -70.0	  10.0	2.071333e-003	6.179563e+000
arg	 -60.0	  10.0	8.130554e-004	7.114711e+000
arg	 -50.0	  10.0	1.881653e-004	8.578190e+000
arg	 -40.0	  10.0	2.670602e-005	1.053062e+001
arg	 -30.0	  10.0	3.513019e-006	1.255903e+001
arg	 -20.0	  10.0	1.266247e-006	1.357945e+001
arg	 -10.0	  10.0	1.407174e-006	1.347393e+001
arg	   0.0	  10.0	3.131033e-006	1.267415e+001
arg	  10.0	  10.0	1.090997e-005	1.142583e+001
arg	  20.0	  10.0	4.171176e-005	1.008473e+001
arg	  30.0	  10.0	1.365943e-004	8.898495e+000
arg	  40.0	  10.0	3.399028e-004	7.986851e+000
arg	  50.0	  10.0	6.098683e-004	7.402268e+000
arg	  60.0	  10.0	7.777265e-004	7.159136e+000
arg	  70.0	  10.0	7.153705e-004	7.242710e+000
arg	  80.0	  10.0	4.937773e-004	7.613426e+000
arg	  90.0	  10.0	2.708533e-004	8.213933e+000
arg	 100.0	  10.0	1.261094e-004	8.978361e+000
arg	 110.0	  10.0	5.330857e-005	9.839413e+000
arg	 120.0	  10.0	2.178219e-005	1.073442e+001
arg	 130.0	  10.0	9.132588e-006	1.160366e+001
arg	 140.0	  10.0	4.424015e-006	1.232846e+001
arg	 150.0	  10.0	3.424742e-006	1.258448e+001
arg	 160.0	  10.0	5.262103e-006	1.215498e+001
arg	 170.0	  10.0	1.148345e-005	1.137460e+001
arg	-180.0	  20.0	3.543579e-005	1.024779e+001
arg	-170.0	  20.0	8.569888e-005	9.364671e+000
arg	-160.0	  20.0	2.106802e-004	8.465169e+000
arg	-150.0	  20.0	5.146295e-004	7.572063e+000
arg	-140.0	  20.0	1.167864e-003	6.752579e+000
arg	-130.0	  20.0	2.268330e-003	6.088712e+000
arg	-120.0	  20.0	3.500707e-003	5.654790e+000
arg	-110.0	  20.0	4.064281e-003	5.505519e+000
arg	-100.0	  20.0	3.494298e-003	5.656623e+000
arg	 -90.0	  20.0	2.324734e-003	6.064150e+000
arg	 -80.0	  20.0	1.283211e-003	6.658390e+000
arg	 -70.0	  20.0	5.837688e-004	7.446006e+000
arg	 -60.0	  20.0	1.992444e-004	8.520978e+000
arg	 -50.0	  20.0	4.925863e-005	9.918426e+000
arg	 -40.0	  20.0	1.038034e-005	1.147560e+001
arg	 -30.0	  20.0	2.873412e-006	1.276001e+001
arg	 -20.0	  20.0	1.591863e-006	1.335061e+001
arg	 -10.0	  20.0	1.892628e-006	1.317754e+001
arg	   0.0	  20.0	4.810794e-006	1.224465e+001
arg	  10.0	  20.0	1.907665e-005	1.086705e+001
arg	  20.0	  20.0	7.708643e-005	9.470583e+000
arg	  30.0	  20.0	2.531733e-004	8.281436e+000
arg	  40.0	  20.0	6.120274e-004	7.398733e+000
arg	  50.0	  20.0	1.040837e-003	6.867730e+000
arg	  60.0	  20.0	1.227328e-003	6.702916e+000
arg	  70.0	  20.0	1.016012e-003	6.891870e+000
arg	  80.0	  20.0	6.149354e-004	7.393993e+000
arg	  90.0	  20.0	2.910096e-004	8.142154e+000
arg	 100.0	  20.0	1.171019e-004	9.052466e+000
arg	 110.0	  20.0	4.367034e-005	1.003884e+001
arg	 120.0	  20.0	1.631753e-005	1.102327e+001
arg	 130.0	  20.0	6.615713e-006	1.192606e+001
arg	 140.0	  20.0	3.475997e-006	1.256963e+001
arg	 150.0	  20.0	3.423835e-006	1.258475e+001
arg	 160.0	  20.0	6.342412e-006	1.196825e+001
arg	 170.0	  20.0	1.474290e-005	1.112475e+001
arg	-180.0	  30.0	4.451423e-005	1.001970e+001
arg	-170.0	  30.0	1.053035e-004	9.158663e+000
arg	-160.0	  30.0	2.425309e-004	8.324381e+000
arg	-150.0	  30.0	5.338077e-004	7.535475e+000
arg	-140.0	  30.0	1.066934e-003	6.842966e+000
arg	-130.0	  30.0	1.808288e-003	6.315375e+000
arg	-120.0	  30.0	2.428491e-003	6.020485e+000
arg	-110.0	  30.0	2.454490e-003	6.009836e+000
arg	-100.0	  30.0	1.831634e-003	6.302547e+000
arg	 -90.0	  30.0	1.047404e-003	6.861440e+000
arg	 -80.0	  30.0	5.015949e-004	7.597718e+000
arg	 -70.0	  30.0	2.141237e-004	8.448957e+000
arg	 -60.0	  30.0	8.111963e-005	9.419586e+000
arg	 -50.0	  30.0	2.771195e-005	1.049365e+001
arg	 -40.0	  30.0	9.401746e-006	1.157462e+001
arg	 -30.0	  30.0	3.789576e-006	1.248326e+001
arg	 -20.0	  30.0	2.327819e-006	1.297058e+001
arg	 -10.0	  30.0	2.850209e-006	1.276812e+001
arg	   0.0	  30.0	7.665254e-006	1.177881e+001
arg	  10.0	  30.0	3.101162e-005	1.038115e+001
arg	  20.0	  30.0	1.232615e-004	9.001203e+000
arg	  30.0	  30.0	3.913865e-004	7.845815e+000
arg	  40.0	  30.0	9.055615e-004	7.006955e+000
arg	  50.0	  30.0	1.459565e-003	6.529617e+000
arg	  60.0	  30.0	1.609550e-003	6.431801e+000
arg	  70.0	  30.0	1.221950e-003	6.707307e+000
arg	  80.0	  30.0	6.608556e-004	7.321975e+000
arg	  90.0	  30.0	2.722483e-004	8.208796e+000
arg	 100.0	  30.0	9.427171e-005	9.269329e+000
arg	 110.0	  30.0	3.078480e-005	1.038849e+001
arg	 120.0	  30.0	1.058737e-005	1.145585e+001
arg	 130.0	  30.0	4.318676e-006	1.235256e+001
arg	 140.0	  30.0	2.692191e-006	1.282516e+001
arg	 150.0	  30.0	3.492533e-006	1.256488e+001
arg	 160.0	  30.0	7.483328e-006	1.180283e+001
arg	 170.0	  30.0	1.829035e-005	1.090914e+001
arg	-180.0	  40.0	5.395353e-005	9.827387e+000
arg	-170.0	  40.0	1.252340e-004	8.985327e+000
arg	-160.0	  40.0	2.698362e-004	8.217695e+000
arg	-150.0	  40.0	5.281875e-004	7.546059e+000
arg	-140.0	  40.0	9.055555e-004	7.006962e+000
arg	-130.0	  40.0	1.301973e-003	6.643874e+000
arg	-120.0	  40.0	1.504054e-003	6.499591e+000
arg	-110.0	  40.0	1.354662e-003	6.604203e+000
arg	-100.0	  40.0	9.547822e-004	6.954027e+000
arg	 -90.0	  40.0	5.613263e-004	7.485208e+000
arg	 -80.0	  40.0	3.058924e-004	8.092277e+000
arg	 -70.0	  40.0	1.611947e-004	8.732898e+000
arg	 -60.0	  40.0	7.827014e-005	9.455344e+000
arg	 -50.0	  40.0	3.369425e-005	1.029818e+001
arg	 -40.0	  40.0	1.334083e-005	1.122468e+001
arg	 -30.0	  40.0	5.645113e-006	1.208472e+001
arg	 -20.0	  40.0	3.426569e-006	1.258395e+001
arg	 -10.0	  40.0	4.161822e-006	1.238956e+001
arg	   0.0	  40.0	1.084537e-005	1.143177e+001
arg	  10.0	  40.0	4.146206e-005	1.009073e+001
arg	  20.0	  40.0	1.555218e-004	8.768725e+000
arg	  30.0	  40.0	4.677761e-004	7.667521e+000
arg	  40.0	  40.0	1.027685e-003	6.880447e+000
arg	  50.0	  40.0	1.572771e-003	6.454916e+000
arg	  60.0	  40.0	1.641115e-003	6.412380e+000
arg	  70.0	  40.0	1.168450e-003	6.752077e+000
arg	  80.0	  40.0	5.828436e-004	7.447592e+000
arg	  90.0	  40.0	2.162272e-004	8.439181e+000
arg	 100.0	  40.0	6.600706e-005	9.625749e+000
arg	 110.0	  40.0	1.910046e-005	1.086580e+001
arg	 120.0	  40.0	6.174038e-006	1.199516e+001
arg	 130.0	  40.0	2.709074e-006	1.281890e+001
arg	 140.0	  40.0	2.187077e-006	1.303294e+001
arg	 150.0	  40.0	3.617770e-006	1.252965e+001
arg	 160.0	  40.0	8.567849e-006	1.166749e+001
arg	 170.0	  40.0	2.183943e-005	1.073179e+001
arg	-180.0	  50.0	6.346230e-005	9.665065e+000
arg	-170.0	  50.0	1.471594e-004	8.823994e+000
arg	-160.0	  50.0	3.057651e-004	8.092693e+000
arg	-150.0	  50.0	5.517665e-004	7.502386e+000
arg	-140.0	  50.0	8.345982e-004	7.088560e+000
arg	-130.0	  50.0	1.030950e-003	6.877274e+000
arg	-120.0	  50.0	1.033938e-003	6.874380e+000
arg	-110.0	  50.0	8.634241e-004	7.054605e+000
arg	-100.0	  50.0	6.433386e-004	7.348839e+000
arg	 -90.0	  50.0	4.660513e-004	7.671215e+000
arg	 -80.0	  50.0	3.310034e-004	8.013382e+000
arg	 -70.0	  50.0	2.123010e-004	8.457505e+000
arg	 -60.0	  50.0	1.144348e-004	9.075506e+000
arg	 -50.0	  50.0	5.121740e-005	9.879431e+000
arg	 -40.0	  50.0	2.011335e-005	1.081413e+001
arg	 -30.0	  50.0	8.166017e-006	1.171553e+001
arg	 -20.0	  50.0	4.758279e-006	1.225562e+001
arg	 -10.0	  50.0	5.496058e-006	1.211148e+001
arg	   0.0	  50.0	1.282940e-005	1.126377e+001
arg	  10.0	  50.0	4.374214e-005	1.003720e+001
arg	  20.0	  50.0	1.502148e-004	8.803444e+000
arg	  30.0	  50.0	4.214589e-004	7.771788e+000
arg	  40.0	  50.0	8.734636e-004	7.043044e+000
arg	  50.0	  50.0	1.270105e-003	6.668655e+000
arg	  60.0	  50.0	1.264884e-003	6.672775e+000
arg	  70.0	  50.0	8.607503e-004	7.057706e+000
arg	  80.0	  50.0	4.090509e-004	7.801671e+000
arg	  90.0	  50.0	1.432025e-004	8.851251e+000
arg	 100.0	  50.0	4.070780e-005	1.010909e+001
arg	 110.0	  50.0	1.098903e-005	1.141861e+001
arg	 120.0	  50.0	3.535861e-006	1.255255e+001
arg	 130.0	  50.0	1.823139e-006	1.321495e+001
arg	 140.0	  50.0	1.939362e-006	1.315315e+001
arg	 150.0	  50.0	3.768844e-006	1.248874e+001
arg	 160.0	  50.0	9.506764e-006	1.156351e+001
arg	 170.0	  50.0	2.513703e-005	1.059117e+001
arg	-180.0	  60.0	7.121403e-005	9.549821e+000
arg	-170.0	  60.0	1.681509e-004	8.690649e+000
arg	-160.0	  60.0	3.506419e-004	7.955745e+000
arg	-150.0	  60.0	6.204469e-004	7.385071e+000
arg	-140.0	  60.0	8.940240e-004	7.019778e+000
arg	-130.0	  60.0	1.024742e-003	6.883314e+000
arg	-120.0	  60.0	9.498446e-004	6.959212e+000
arg	-110.0	  60.0	7.735756e-004	7.164487e+000
arg	-100.0	  60.0	6.335746e-004	7.364133e+000
arg	 -90.0	  60.0	5.463280e-004	7.512291e+000
arg	 -80.0	  60.0	4.443038e-004	7.719002e+000
arg	 -70.0	  60.0	3.029898e-004	8.101811e+000
arg	 -60.0	  60.0	1.652941e-004	8.707784e+000
arg	 -50.0	  60.0	7.280160e-005	9.527773e+000
arg	 -40.0	  60.0	2.761189e-005	1.049726e+001
arg	 -30.0	  60.0	1.075453e-005	1.144018e+001
arg	 -20.0	  60.0	6.086951e-006	1.200936e+001
arg	 -10.0	  60.0	6.539890e-006	1.193759e+001
arg	   0.0	  60.0	1.287363e-005	1.126033e+001
arg	  10.0	  60.0	3.699357e-005	1.020477e+001
arg	  20.0	  60.0	1.125544e-004	9.092074e+000
arg	  30.0	  60.0	2.897876e-004	8.146362e+000
arg	  40.0	  60.0	5.627033e-004	7.482758e+000
arg	  50.0	  60.0	7.777594e-004	7.159093e+000
arg	  60.0	  60.0	7.451859e-004	7.201877e+000
arg	  70.0	  60.0	4.934501e-004	7.614089e+000
arg	  80.0	  60.0	2.307307e-004	8.374259e+000
arg	  90.0	  60.0	8.028499e-005	9.429928e+000
arg	 100.0	  60.0	2.288846e-005	1.068488e+001
arg	 110.0	  60.0	6.314263e-006	1.197270e+001
arg	 120.0	  60.0	2.233754e-006	1.301183e+001
arg	 130.0	  60.0	1.433307e-006	1.345553e+001
arg	 140.0	  60.0	1.854572e-006	1.319786e+001
arg	 150.0	  60.0	3.886766e-006	1.245793e+001
arg	 160.0	  60.0	1.012554e-005	1.150045e+001
arg	 170.0	  60.0	2.751371e-005	1.050083e+001
arg	-180.0	  70.0	7.410126e-005	9.510078e+000
arg	-170.0	  70.0	1.784410e-004	8.631253e+000
arg	-160.0	  70.0	3.798114e-004	7.875836e+000
arg	-150.0	  70.0	6.830501e-004	7.288942e+000
arg	-140.0	  70.0	9.923709e-004	6.915414e+000
arg	-130.0	  70.0	1.137575e-003	6.778856e+000
arg	-120.0	  70.0	1.053684e-003	6.855463e+000
arg	-110.0	  70.0	8.750794e-004	7.041196e+000
arg	-100.0	  70.0	7.569908e-004	7.186159e+000
arg	 -90.0	  70.0	6.903923e-004	7.278251e+000
arg	 -80.0	  70.0	5.754438e-004	7.460369e+000
arg	 -70.0	  70.0	3.913402e-004	7.845933e+000
arg	 -60.0	  70.0	2.094851e-004	8.470858e+000
arg	 -50.0	  70.0	8.969678e-005	9.319076e+000
arg	 -40.0	  70.0	3.301280e-005	1.031862e+001
arg	 -30.0	  70.0	1.268040e-005	1.127545e+001
arg	 -20.0	  70.0	7.218019e-006	1.183893e+001
arg	 -10.0	  70.0	7.239511e-006	1.183596e+001
arg	   0.0	  70.0	1.164286e-005	1.136082e+001
arg	  10.0	  70.0	2.662921e-005	1.053350e+001
arg	  20.0	  70.0	6.872459e-005	9.585404e+000
arg	  30.0	  70.0	1.587861e-004	8.747952e+000
arg	  40.0	  70.0	2.864430e-004	8.157971e+000
arg	  50.0	  70.0	3.767572e-004	7.883910e+000
arg	  60.0	  70.0	3.507713e-004	7.955376e+000
arg	  70.0	  70.0	2.306698e-004	8.374523e+000
arg	  80.0	  70.0	1.097737e-004	9.117089e+000
arg	  90.0	  70.0	3.996493e-005	1.012751e+001
arg	 100.0	  70.0	1.229747e-005	1.130612e+001
arg	 110.0	  70.0	3.829354e-006	1.247281e+001
arg	 120.0	  70.0	1.644186e-006	1.331827e+001
arg	 130.0	  70.0	1.296598e-006	1.355577e+001
arg	 140.0	  70.0	1.845096e-006	1.320298e+001
arg	 150.0	  70.0	3.931972e-006	1.244637e+001
arg	 160.0	  70.0	1.028560e-005	1.148477e+001
arg	 170.0	  70.0	2.820253e-005	1.047610e+001
arg	-180.0	  80.0	7.192096e-005	9.539943e+000
arg	-170.0	  80.0	1.735246e-004	8.659191e+000
arg	-160.0	  80.0	3.736080e-004	7.892303e+000
arg	-150.0	  80.0	6.855089e-004	7.285349e+000
arg	-140.0	  80.0	1.024324e-003	6.883722e+000
arg	-130.0	  80.0	1.218685e-003	6.709983e+000
arg	-120.0	  80.0	1.184968e-003	6.738040e+000
arg	-110.0	  80.0	1.040475e-003	6.868078e+000
arg	-100.0	  80.0	9.344023e-004	6.975603e+000
arg	 -90.0	  80.0	8.521324e-004	7.067769e+000
arg	 -80.0	  80.0	6.943437e-004	7.272543e+000
arg	 -70.0	  80.0	4.583154e-004	7.687953e+000
arg	 -60.0	  80.0	2.377838e-004	8.344149e+000
arg	 -50.0	  80.0	9.911753e-005	9.219204e+000
arg	 -40.0	  80.0	3.616056e-005	1.022754e+001
arg	 -30.0	  80.0	1.427567e-005	1.115695e+001
arg	 -20.0	  80.0	8.354915e-006	1.169266e+001
arg	 -10.0	  80.0	7.810769e-006	1.176001e+001
arg	   0.0	  80.0	1.025984e-005	1.148727e+001
arg	  10.0	  80.0	1.794308e-005	1.092831e+001
arg	  20.0	  80.0	3.719153e-005	1.019943e+001
arg	  30.0	  80.0	7.454053e-005	9.504168e+000
arg	  40.0	  80.0	1.232118e-004	9.001606e+000
arg	  50.0	  80.0	1.542125e-004	8.777179e+000
arg	  60.0	  80.0	1.410022e-004	8.866735e+000
arg	  70.0	  80.0	9.396829e-005	9.272553e+000
arg	  80.0	  80.0	4.688777e-005	9.967754e+000
arg	  90.0	  80.0	1.859498e-005	1.089262e+001
arg	 100.0	  80.0	6.543100e-006	1.193710e+001
arg	 110.0	  80.0	2.501152e-006	1.289876e+001
arg	 120.0	  80.0	1.377653e-006	1.349513e+001
arg	 130.0	  80.0	1.270411e-006	1.357617e+001
arg	 140.0	  80.0	1.873303e-006	1.318781e+001
arg	 150.0	  80.0	3.956962e-006	1.244003e+001
arg	 160.0	  80.0	1.019067e-005	1.149404e+001
arg	 170.0	  80.0	2.756840e-005	1.049884e+001
arg	-180.0	  90.0	7.017308e-005	9.564546e+000
arg	-170.0	  90.0	1.657191e-004	8.705216e+000
arg	-160.0	  90.0	3.529801e-004	7.949099e+000
arg	-150.0	  90.0	6.522154e-004	7.335136e+000
arg	-140.0	  90.0	1.003722e-003	6.904040e+000
arg	-130.0	  90.0	1.260667e-003	6.676115e+000
arg	-120.0	  90.0	1.325961e-003	6.625617e+000
arg	-110.0	  90.0	1.270048e-003	6.668700e+000
arg	-100.0	  90.0	1.199382e-003	6.725949e+000
arg	 -90.0	  90.0	1.088599e-003	6.822864e+000
arg	 -80.0	  90.0	8.643516e-004	7.053531e+000
arg	 -70.0	  90.0	5.593216e-004	7.488786e+000
arg	 -60.0	  90.0	2.896217e-004	8.146935e+000
arg	 -50.0	  90.0	1.239168e-004	8.995900e+000
arg	 -40.0	  90.0	4.764283e-005	9.951778e+000
arg	 -30.0	  90.0	1.949256e-005	1.084548e+001
arg	 -20.0	  90.0	1.072942e-005	1.144252e+001
arg	 -10.0	  90.0	8.689452e-006	1.165340e+001
arg	   0.0	  90.0	9.373355e-006	1.157764e+001
arg	  10.0	  90.0	1.256423e-005	1.128466e+001
arg	  20.0	  90.0	1.998262e-005	1.082065e+001
arg	  30.0	  90.0	3.311583e-005	1.031550e+001
arg	  40.0	  90.0	4.885442e-005	9.926666e+000
arg	  50.0	  90.0	5.773600e-005	9.759630e+000
arg	  60.0	  90.0	5.209055e-005	9.862527e+000
arg	  70.0	  90.0	3.565578e-005	1.024160e+001
arg	  80.0	  90.0	1.905358e-005	1.086826e+001
arg	  90.0	  90.0	8.521573e-006	1.167291e+001
arg	 100.0	  90.0	3.645282e-006	1.252208e+001
arg	 110.0	  90.0	1.830359e-006	1.321100e+001
arg	 120.0	  90.0	1.278314e-006	1.356997e+001
arg	 130.0	  90.0	1.296897e-006	1.355554e+001
arg	 140.0	  90.0	1.937514e-006	1.315410e+001
arg	 150.0	  90.0	4.082355e-006	1.240884e+001
arg	 160.0	  90.0	1.039897e-005	1.147380e+001
arg	 170.0	  90.0	2.756328e-005	1.049903e+001
arg	-180.0	 100.0	7.719054e-005	9.469234e+000
arg	-170.0	 100.0	1.782528e-004	8.632308e+000
arg	-160.0	 100.0	3.723995e-004	7.895543e+000
arg	-150.0	 100.0	6.856035e-004	7.285211e+000
arg	-140.0	 100.0	1.075085e-003	6.835355e+000
arg	-130.0	 100.0	1.411957e-003	6.562778e+000
arg	-120.0	 100.0	1.596053e-003	6.440222e+000
arg	-110.0	 100.0	1.664563e-003	6.398192e+000
arg	-100.0	 100.0	1.670286e-003	6.394761e+000
arg	 -90.0	 100.0	1.566623e-003	6.458833e+000
arg	 -80.0	 100.0	1.305871e-003	6.640885e+000
arg	 -70.0	 100.0	9.284209e-004	6.982025e+000
arg	 -60.0	 100.0	5.551174e-004	7.496331e+000
arg	 -50.0	 100.0	2.770056e-004	8.191473e+000
arg	 -40.0	 100.0	1.143801e-004	9.075983e+000
arg	 -30.0	 100.0	4.222693e-005	1.007245e+001
arg	 -20.0	 100.0	1.754549e-005	1.095071e+001
arg	 -10.0	 100.0	1.052769e-005	1.146150e+001
arg	   0.0	 100.0	9.100990e-006	1.160713e+001
arg	  10.0	 100.0	9.759044e-006	1.153732e+001
arg	  20.0	 100.0	1.198205e-005	1.133210e+001
arg	  30.0	 100.0	1.577923e-005	1.105682e+001
arg	  40.0	 100.0	1.995737e-005	1.082191e+001
arg	  50.0	 100.0	2.178008e-005	1.073451e+001
arg	  60.0	 100.0	1.928760e-005	1.085605e+001
arg	  70.0	 100.0	1.369171e-005	1.119872e+001
arg	  80.0	 100.0	8.064632e-006	1.172802e+001
arg	  90.0	 100.0	4.304871e-006	1.235576e+001
arg	 100.0	 100.0	2.394077e-006	1.294251e+001
arg	 110.0	 100.0	1.574819e-006	1.336137e+001
arg	 120.0	 100.0	1.283618e-006	1.356583e+001
arg	 130.0	 100.0	1.351766e-006	1.351410e+001
arg	 140.0	 100.0	2.036189e-006	1.310443e+001
arg	 150.0	 100.0	4.402660e-006	1.233330e+001
arg	 160.0	 100.0	1.149494e-005	1.137360e+001
arg	 170.0	 100.0	3.067584e-005	1.039204e+001
arg	-180.0	 110.0	1.019180e-004	9.191342e+000
arg	-170.0	 110.0	2.365102e-004	8.349519e+000
arg	-160.0	 110.0	4.973098e-004	7.606297e+000
arg	-150.0	 110.0	9.229353e-004	6.987951e+000
arg	-140.0	 110.0	1.443751e-003	6.540511e+000
arg	-130.0	 110.0	1.877789e-003	6.277660e+000
arg	-120.0	 110.0	2.129779e-003	6.151737e+000
arg	-110.0	 110.0	2.290330e-003	6.079060e+000
arg	-100.0	 110.0	2.431950e-003	6.019062e+000
arg	 -90.0	 110.0	2.529703e-003	5.979653e+000
arg	 -80.0	 110.0	2.517620e-003	5.984441e+000
arg	 -70.0	 110.0	2.259914e-003	6.092429e+000
arg	 -60.0	 110.0	1.700551e-003	6.376803e+000
arg	 -50.0	 110.0	9.676239e-004	6.940667e+000
arg	 -40.0	 110.0	3.899729e-004	7.849433e+000
arg	 -30.0	 110.0	1.181554e-004	9.043510e+000
arg	 -20.0	 110.0	3.403565e-005	1.028810e+001
arg	 -10.0	 110.0	1.376533e-005	1.119336e+001
arg	   0.0	 110.0	9.226333e-006	1.159345e+001
arg	  10.0	 110.0	8.348077e-006	1.169348e+001
arg	  20.0	 110.0	8.490414e-006	1.167657e+001
arg	  30.0	 110.0	9.090202e-006	1.160831e+001
arg	  40.0	 110.0	9.689933e-006	1.154442e+001
arg	  50.0	 110.0	9.567847e-006	1.155710e+001
arg	  60.0	 110.0	8.287759e-006	1.170073e+001
arg	  70.0	 110.0	6.233415e-006	1.198559e+001
arg	  80.0	 110.0	4.240413e-006	1.237085e+001
arg	  90.0	 110.0	2.829419e-006	1.277544e+001
arg	 100.0	 110.0	2.004359e-006	1.312019e+001
arg	 110.0	 110.0	1.558624e-006	1.337171e+001
arg	 120.0	 110.0	1.351854e-006	1.351403e+001
arg	 130.0	 110.0	1.424780e-006	1.346149e+001
arg	 140.0	 110.0	2.181070e-006	1.303570e+001
arg	 150.0	 110.0	5.037771e-006	1.219855e+001
arg	 160.0	 110.0	1.415320e-005	1.116557e+001
arg	 170.0	 110.0	3.967051e-005	1.013490e+001
arg	-180.0	 120.0	1.599456e-004	8.740677e+000
arg	-170.0	 120.0	3.766729e-004	7.884133e+000
arg	-160.0	 120.0	8.054126e-004	7.124156e+000
arg	-150.0	 120.0	1.510826e-003	6.495099e+000
arg	-140.0	 120.0	2.310532e-003	6.070277e+000
arg	-130.0	 120.0	2.824551e-003	5.869406e+000
arg	-120.0	 120.0	2.977076e-003	5.816814e+000
arg	-110.0	 120.0	3.095596e-003	5.777775e+000
arg	-100.0	 120.0	3.458425e-003	5.666942e+000
arg	 -90.0	 120.0	4.196323e-003	5.473547e+000
arg	 -80.0	 120.0	5.205297e-003	5.258079e+000
arg	 -70.0	 120.0	5.815416e-003	5.147243e+000
arg	 -60.0	 120.0	5.084320e-003	5.281594e+000
arg	 -50.0	 120.0	2.998023e-003	5.809802e+000
arg	 -40.0	 120.0	1.124649e-003	6.790284e+000
arg	 -30.0	 120.0	2.870816e-004	8.155744e+000
arg	 -20.0	 120.0	6.124221e-005	9.700674e+000
arg	 -10.0	 120.0	1.730323e-005	1.096462e+001
arg	   0.0	 120.0	9.216473e-006	1.159452e+001
arg	  10.0	 120.0	7.448616e-006	1.180748e+001
arg	  20.0	 120.0	6.857728e-006	1.189013e+001
arg	  30.0	 120.0	6.511667e-006	1.194192e+001
arg	  40.0	 120.0	6.177674e-006	1.199457e+001
arg	  50.0	 120.0	5.673174e-006	1.207976e+001
arg	  60.0	 120.0	4.909768e-006	1.222428e+001
arg	  70.0	 120.0	3.997604e-006	1.242982e+001
arg	  80.0	 120.0	3.145468e-006	1.266955e+001
arg	  90.0	 120.0	2.479135e-006	1.290760e+001
arg	 100.0	 120.0	1.998283e-006	1.312322e+001
arg	 110.0	 120.0	1.658559e-006	1.330956e+001
arg	 120.0	 120.0	1.458484e-006	1.343811e+001
arg	 130.0	 120.0	1.535728e-006	1.338651e+001
arg	 140.0	 120.0	2.478296e-006	1.290794e+001
arg	 150.0	 120.0	6.421400e-006	1.195587e+001
arg	 160.0	 120.0	2.006556e-005	1.081651e+001
arg	 170.0	 120.0	6.024085e-005	9.717160e+000
arg	-180.0	 130.0	2.802514e-004	8.179823e+000
arg	-170.0	 130.0	6.561419e-004	7.329133e+000
arg	-160.0	 130.0	1.386019e-003	6.581320e+000
arg	-150.0	 130.0	2.574677e-003	5.962031e+000
arg	-140.0	 130.0	3.824991e-003	5.566199e+000
arg	-130.0	 130.0	4.376377e-003	5.431534e+000
arg	-120.0	 130.0	4.196602e-003	5.473480e+000
arg	-110.0	 130.0	4.071424e-003	5.503762e+000
arg	-100.0	 130.0	4.642428e-003	5.372518e+000
arg	 -90.0	 130.0	6.287331e-003	5.069219e+000
arg	 -80.0	 130.0	9.044700e-003	4.705576e+000
arg	 -70.0	 130.0	1.150176e-002	4.465256e+000
arg	 -60.0	 130.0	1.066871e-002	4.540440e+000
arg	 -50.0	 130.0	6.159901e-003	5.089695e+000
arg	 -40.0	 130.0	2.126868e-003	6.153105e+000
arg	 -30.0	 130.0	4.758645e-004	7.650377e+000
arg	 -20.0	 130.0	8.234994e-005	9.404533e+000
arg	 -10.0	 130.0	1.803907e-005	1.092297e+001
arg	   0.0	 130.0	8.461560e-006	1.167998e+001
arg	  10.0	 130.0	6.588446e-006	1.193019e+001
arg	  20.0	 130.0	5.905114e-006	1.203969e+001
arg	  30.0	 130.0	5.419514e-006	1.212550e+001
arg	  40.0	 130.0	4.977759e-006	1.221053e+001
arg	  50.0	 130.0	4.524038e-006	1.230611e+001
arg	  60.0	 130.0	4.027480e-006	1.242237e+001
arg	  70.0	 130.0	3.504745e-006	1.256139e+001
arg	  80.0	 130.0	2.999693e-006	1.271700e+001
arg	  90.0	 130.0	2.542918e-006	1.288220e+001
arg	 100.0	 130.0	2.143188e-006	1.305322e+001
arg	 110.0	 130.0	1.811073e-006	1.322159e+001
arg	 120.0	 130.0	1.602363e-006	1.334403e+001
arg	 130.0	 130.0	1.747264e-006	1.325746e+001
arg	 140.0	 130.0	3.173706e-006	1.266061e+001
arg	 150.0	 130.0	9.463704e-006	1.156805e+001
arg	 160.0	 130.0	3.257083e-005	1.033209e+001
arg	 170.0	 130.0	1.033664e-004	9.177231e+000
arg	-180.0	 140.0	4.954290e-004	7.610086e+000
arg	-170.0	 140.0	1.142476e-003	6.774557e+000
arg	-160.0	 140.0	2.318528e-003	6.066823e+000
arg	-150.0	 140.0	4.143244e-003	5.486276e+000
arg	-140.0	 140.0	5.912618e-003	5.130666e+000
arg	-130.0	 140.0	6.388314e-003	5.053285e+000
arg	-120.0	 140.0	5.677170e-003	5.171302e+000
arg	-110.0	 140.0	5.131894e-003	5.272280e+000
arg	-100.0	 140.0	5.686259e-003	5.169703e+000
arg	 -90.0	 140.0	7.856389e-003	4.846428e+000
arg	 -80.0	 140.0	1.190061e-002	4.431166e+000
arg	 -70.0	 140.0	1.556829e-002	4.162519e+000
arg	 -60.0	 140.0	1.402924e-002	4.266611e+000
arg	 -50.0	 140.0	7.570874e-003	4.883447e+000
arg	 -40.0	 140.0	2.388393e-003	6.037134e+000
arg	 -30.0	 140.0	4.806478e-004	7.640376e+000
arg	 -20.0	 140.0	7.289872e-005	9.526439e+000
arg	 -10.0	 140.0	1.431290e-005	1.115435e+001
arg	   0.0	 140.0	6.960114e-006	1.187531e+001
arg	  10.0	 140.0	5.693064e-006	1.207626e+001
arg	  20.0	 140.0	5.245428e-006	1.215815e+001
arg	  30.0	 140.0	4.926959e-006	1.222079e+001
arg	  40.0	 140.0	4.640451e-006	1.228070e+001
arg	  50.0	 140.0	4.346988e-006	1.234603e+001
arg	  60.0	 140.0	4.012869e-006	1.242600e+001
arg	  70.0	 140.0	3.627689e-006	1.252691e+001
arg	  80.0	 140.0	3.205682e-006	1.265059e+001
arg	  90.0	 140.0	2.772036e-006	1.279593e+001
arg	 100.0	 140.0	2.355136e-006	1.295891e+001
arg	 110.0	 140.0	1.995892e-006	1.312442e+001
arg	 120.0	 140.0	1.796883e-006	1.322946e+001
arg	 130.0	 140.0	2.128456e-006	1.306011e+001
arg	 140.0	 140.0	4.491983e-006	1.231322e+001
arg	 150.0	 140.0	1.490751e-005	1.111365e+001
arg	 160.0	 140.0	5.444507e-005	9.818318e+000
arg	 170.0	 140.0	1.795660e-004	8.624967e+000
arg	-180.0	 150.0	7.816950e-004	7.154046e+000
arg	-170.0	 150.0	1.787281e-003	6.327060e+000
arg	-160.0	 150.0	3.427969e-003	5.675787e+000
arg	-150.0	 150.0	5.664258e-003	5.173579e+000
arg	-140.0	 150.0	7.534936e-003	4.888205e+000
arg	-130.0	 150.0	7.665310e-003	4.871050e+000
arg	-120.0	 150.0	6.448408e-003	5.043922e+000
arg	-110.0	 150.0	5.506789e-003	5.201774e+000
arg	-100.0	 150.0	5.813941e-003	5.147497e+000
arg	 -90.0	 150.0	7.860585e-003	4.845894e+000
arg	 -80.0	 150.0	1.168334e-002	4.449592e+000
arg	 -70.0	 150.0	1.436481e-002	4.242974e+000
arg	 -60.0	 150.0	1.165260e-002	4.452226e+000
arg	 -50.0	 150.0	5.625797e-003	5.180393e+000
arg	 -40.0	 150.0	1.600691e-003	6.437320e+000
arg	 -30.0	 150.0	2.920919e-004	8.138442e+000
arg	 -20.0	 150.0	4.138614e-005	1.009256e+001
arg	 -10.0	 150.0	8.953846e-006	1.162343e+001
arg	   0.0	 150.0	5.415721e-006	1.212620e+001
arg	  10.0	 150.0	4.949807e-006	1.221616e+001
arg	  20.0	 150.0	4.870914e-006	1.223223e+001
arg	  30.0	 150.0	4.853015e-006	1.223591e+001
arg	  40.0	 150.0	4.820994e-006	1.224253e+001
arg	  50.0	 150.0	4.711328e-006	1.226554e+001
arg	  60.0	 150.0	4.474770e-006	1.231706e+001
arg	  70.0	 150.0	4.104178e-006	1.240350e+001
arg	  80.0	 150.0	3.634841e-006	1.252495e+001
arg	  90.0	 150.0	3.122881e-006	1.267675e+001
arg	 100.0	 150.0	2.627095e-006	1.284963e+001
arg	 110.0	 150.0	2.217039e-006	1.301934e+001
arg	 120.0	 150.0	2.047766e-006	1.309876e+001
arg	 130.0	 150.0	2.665920e-006	1.283496e+001
arg	 140.0	 150.0	6.264354e-006	1.198064e+001
arg	 150.0	 150.0	2.176663e-005	1.073513e+001
arg	 160.0	 150.0	8.160728e-005	9.413592e+000
arg	 170.0	 150.0	2.769701e-004	8.191601e+000
arg	-180.0	 160.0	9.568338e-004	6.951881e+000
arg	-170.0	 160.0	2.156047e-003	6.139479e+000
arg	-160.0	 160.0	3.870539e-003	5.554361e+000
arg	-150.0	 160.0	5.753126e-003	5.158012e+000
arg	-140.0	 160.0	6.959926e-003	4.967586e+000
arg	-130.0	 160.0	6.659270e-003	5.011745e+000
arg	-120.0	 160.0	5.404812e-003	5.220466e+000
arg	-110.0	 160.0	4.432931e-003	5.418694e+000
arg	-100.0	 160.0	4.477201e-003	5.408757e+000
arg	 -90.0	 160.0	5.841622e-003	5.142747e+000
arg	 -80.0	 160.0	8.125948e-003	4.812693e+000
arg	 -70.0	 160.0	9.000560e-003	4.710468e+000
arg	 -60.0	 160.0	6.446617e-003	5.044200e+000
arg	 -50.0	 160.0	2.755749e-003	5.894066e+000
arg	 -40.0	 160.0	7.034181e-004	7.259559e+000
arg	 -30.0	 160.0	1.168489e-004	9.054629e+000
arg	 -20.0	 160.0	1.696282e-005	1.098449e+001
arg	 -10.0	 160.0	5.378798e-006	1.213305e+001
arg	   0.0	 160.0	4.425890e-006	1.232804e+001
arg	  10.0	 160.0	4.590191e-006	1.229159e+001
arg	  20.0	 160.0	4.938024e-006	1.221855e+001
arg	  30.0	 160.0	5.315452e-006	1.214489e+001
arg	  40.0	 160.0	5.605288e-006	1.209180e+001
arg	  50.0	 160.0	5.684040e-006	1.207785e+001
arg	  60.0	 160.0	5.478140e-006	1.211474e+001
arg	  70.0	 160.0	5.004670e-006	1.220514e+001
arg	  80.0	 160.0	4.356643e-006	1.234381e+001
arg	  90.0	 160.0	3.652704e-006	1.252004e+001
arg	 100.0	 160.0	2.997841e-006	1.271762e+001
arg	 110.0	 160.0	2.492484e-006	1.290223e+001
arg	 120.0	 160.0	2.336608e-006	1.296681e+001
arg	 130.0	 160.0	3.210987e-006	1.264893e+001
arg	 140.0	 160.0	7.749656e-006	1.176786e+001
arg	 150.0	 160.0	2.652333e-005	1.053749e+001
arg	 160.0	 160.0	9.848041e-005	9.225653e+000
arg	 170.0	 160.0	3.361782e-004	7.997869e+000
arg	-180.0	 170.0	8.243460e-004	7.100920e+000
arg	-170.0	 170.0	1.791421e-003	6.324746e+000
arg	-160.0	 170.0	2.995035e-003	5.810799e+000
arg	-150.0	 170.0	3.995871e-003	5.522494e+000
arg	-140.0	 170.0	4.384248e-003	5.429737e+000
arg	-130.0	 170.0	3.984631e-003	5.525311e+000
arg	-120.0	 170.0	3.184441e-003	5.749479e+000
arg	-110.0	 170.0	2.571788e-003	5.963154e+000
arg	-100.0	 170.0	2.532548e-003	5.978530e+000
arg	 -90.0	 170.0	3.148624e-003	5.760790e+000
arg	 -80.0	 170.0	3.959466e-003	5.531646e+000
arg	 -70.0	 170.0	3.881689e-003	5.551485e+000
arg	 -60.0	 170.0	2.484200e-003	5.997805e+000
arg	 -50.0	 170.0	9.640529e-004	6.944364e+000
arg	 -40.0	 170.0	2.281551e-004	8.385485e+000
arg	 -30.0	 170.0	3.704856e-005	1.020328e+001
arg	 -20.0	 170.0	7.034957e-006	1.186462e+001
arg	 -10.0	 170.0	3.950013e-006	1.244179e+001
arg	   0.0	 170.0	4.117933e-006	1.240016e+001
arg	  10.0	 170.0	4.796995e-006	1.224752e+001
arg	  20.0	 170.0	5.673390e-006	1.207972e+001
arg	  30.0	 170.0	6.579640e-006	1.193153e+001
arg	  40.0	 170.0	7.286496e-006	1.182949e+001
arg	  50.0	 170.0	7.565159e-006	1.179196e+001
arg	  60.0	 170.0	7.303467e-006	1.182716e+001
arg	  70.0	 170.0	6.566369e-006	1.193355e+001
arg	  80.0	 170.0	5.551475e-006	1.210145e+001
arg	  90.0	 170.0	4.484411e-006	1.231490e+001
arg	 100.0	 170.0	3.540821e-006	1.255115e+001
arg	 110.0	 170.0	2.852374e-006	1.276736e+001
arg	 120.0	 170.0	2.633380e-006	1.284724e+001
arg	 130.0	 170.0	3.571845e-006	1.254243e+001
arg	 140.0	 170.0	8.161337e-006	1.171610e+001
arg	 150.0	 170.0	2.584406e-005	1.056343e+001
arg	 160.0	 170.0	9.037191e-005	9.311577e+000
arg	 170.0	 170.0	2.974429e-004	8.120288e+000
