asn	-180.0	-180.0	7.034802e-004	7.259471e+000
asn	-170.0	-180.0	1.559004e-003	6.463708e+000
asn	-160.0	-180.0	2.433211e-003	6.018544e+000
asn	-150.0	-180.0	2.708831e-003	5.911238e+000
asn	-140.0	-180.0	2.328643e-003	6.062470e+000
asn	-130.0	-180.0	1.783345e-003	6.329264e+000
asn	-120.0	-180.0	1.426945e-003	6.552219e+000
asn	-110.0	-180.0	1.360934e-003	6.599584e+000
asn	-100.0	-180.0	1.591760e-003	6.442915e+000
asn	 -90.0	-180.0	1.939081e-003	6.245541e+000
asn	 -80.0	-180.0	2.002272e-003	6.213473e+000
asn	 -70.0	-180.0	1.543211e-003	6.473890e+000
asn	 -60.0	-180.0	8.340890e-004	7.089170e+000
asn	 -50.0	-180.0	3.085356e-004	8.083673e+000
asn	 -40.0	-180.0	7.869825e-005	9.449890e+000
asn	 -30.0	-180.0	1.503467e-005	1.110515e+001
asn	 -20.0	-180.0	3.525222e-006	1.255557e+001
asn	 -10.0	-180.0	2.661123e-006	1.283676e+001
asn	   0.0	-180.0	3.727503e-006	1.249977e+001
asn	  10.0	-180.0	5.595108e-006	1.209362e+001
asn	  20.0	-180.0	8.165906e-006	1.171554e+001
asn	  30.0	-180.0	1.127285e-005	1.139311e+001
asn	  40.0	-180.0	1.450140e-005	1.114127e+001
asn	  50.0	-180.0	1.722108e-005	1.096938e+001
asn	  60.0	-180.0	1.877353e-005	1.088306e+001
asn	  70.0	-180.0	1.873981e-005	1.088486e+001
asn	  80.0	-180.0	1.713346e-005	1.097448e+001
asn	  90.0	-180.0	1.439402e-005	1.114870e+001
asn	 100.0	-180.0	1.118794e-005	1.140067e+001
asn	 110.0	-180.0	8.154925e-006	1.171689e+001
asn	 120.0	-180.0	5.772510e-006	1.206240e+001
asn	 130.0	-180.0	4.498421e-006	1.231178e+001
asn	 140.0	-180.0	5.674707e-006	1.207949e+001
asn	 150.0	-180.0	1.568602e-005	1.106274e+001
asn	 160.0	-180.0	6.197878e-005	9.688718e+000
asn	 170.0	-180.0	2.331097e-004	8.364002e+000
asn	-180.0	-170.0	4.997590e-004	7.601385e+000
asn	-170.0	-170.0	1.081119e-003	6.829759e+000
asn	-160.0	-170.0	1.676362e-003	6.391129e+000
asn	-150.0	-170.0	1.914299e-003	6.258404e+000
asn	-140.0	-170.0	1.758444e-003	6.343326e+000
asn	-130.0	-170.0	1.455592e-003	6.532343e+000
asn	-120.0	-170.0	1.188211e-003	6.735307e+000
asn	-110.0	-170.0	1.056633e-003	6.852668e+000
asn	-100.0	-170.0	1.113958e-003	6.799836e+000
asn	 -90.0	-170.0	1.245707e-003	6.688052e+000
asn	 -80.0	-170.0	1.182510e-003	6.740116e+000
asn	 -70.0	-170.0	8.245687e-004	7.100650e+000
asn	 -60.0	-170.0	4.000175e-004	7.824002e+000
asn	 -50.0	-170.0	1.348711e-004	8.911191e+000
asn	 -40.0	-170.0	3.283237e-005	1.032410e+001
asn	 -30.0	-170.0	6.864530e-006	1.188914e+001
asn	 -20.0	-170.0	2.667148e-006	1.283450e+001
asn	 -10.0	-170.0	2.995473e-006	1.271841e+001
asn	   0.0	-170.0	4.479292e-006	1.231605e+001
asn	  10.0	-170.0	6.750013e-006	1.190597e+001
asn	  20.0	-170.0	9.759784e-006	1.153724e+001
asn	  30.0	-170.0	1.326569e-005	1.123033e+001
asn	  40.0	-170.0	1.673077e-005	1.099826e+001
asn	  50.0	-170.0	1.941904e-005	1.084926e+001
asn	  60.0	-170.0	2.065320e-005	1.078764e+001
asn	  70.0	-170.0	2.010671e-005	1.081446e+001
asn	  80.0	-170.0	1.794996e-005	1.092792e+001
asn	  90.0	-170.0	1.476001e-005	1.112359e+001
asn	 100.0	-170.0	1.126338e-005	1.139395e+001
asn	 110.0	-170.0	8.077890e-006	1.172638e+001
asn	 120.0	-170.0	5.600796e-006	1.209260e+001
asn	 130.0	-170.0	4.150284e-006	1.239233e+001
asn	 140.0	-170.0	4.726591e-006	1.226231e+001
asn	 150.0	-170.0	1.222773e-005	1.131180e+001
asn	 160.0	-170.0	4.693895e-005	9.966663e+000
asn	 170.0	-170.0	1.710026e-004	8.673832e+000
asn	-180.0	-160.0	2.669519e-004	8.228442e+000
asn	-170.0	-160.0	5.602691e-004	7.487093e+000
asn	-160.0	-160.0	8.753040e-004	7.040939e+000
asn	-150.0	-160.0	1.066921e-003	6.842978e+000
asn	-140.0	-160.0	1.108220e-003	6.805000e+000
asn	-130.0	-160.0	1.041908e-003	6.866702e+000
asn	-120.0	-160.0	9.022883e-004	7.010576e+000
asn	-110.0	-160.0	7.635956e-004	7.177472e+000
asn	-100.0	-160.0	7.036727e-004	7.259197e+000
asn	 -90.0	-160.0	6.893928e-004	7.279699e+000
asn	 -80.0	-160.0	5.957751e-004	7.425647e+000
asn	 -70.0	-160.0	3.878636e-004	7.854857e+000
asn	 -60.0	-160.0	1.783582e-004	8.631717e+000
asn	 -50.0	-160.0	5.820437e-005	9.751550e+000
asn	 -40.0	-160.0	1.459701e-005	1.113469e+001
asn	 -30.0	-160.0	4.007995e-006	1.242722e+001
asn	 -20.0	-160.0	2.674173e-006	1.283187e+001
asn	 -10.0	-160.0	3.554726e-006	1.254723e+001
asn	   0.0	-160.0	5.376148e-006	1.213354e+001
asn	  10.0	-160.0	8.055772e-006	1.172912e+001
asn	  20.0	-160.0	1.152875e-005	1.137067e+001
asn	  30.0	-160.0	1.544532e-005	1.107820e+001
asn	  40.0	-160.0	1.911875e-005	1.086484e+001
asn	  50.0	-160.0	2.169385e-005	1.073848e+001
asn	  60.0	-160.0	2.248604e-005	1.070262e+001
asn	  70.0	-160.0	2.129674e-005	1.075696e+001
asn	  80.0	-160.0	1.849439e-005	1.089804e+001
asn	  90.0	-160.0	1.481835e-005	1.111964e+001
asn	 100.0	-160.0	1.105476e-005	1.141265e+001
asn	 110.0	-160.0	7.783679e-006	1.176348e+001
asn	 120.0	-160.0	5.308693e-006	1.214616e+001
asn	 130.0	-160.0	3.800316e-006	1.248043e+001
asn	 140.0	-160.0	3.831652e-006	1.247221e+001
asn	 150.0	-160.0	8.287168e-006	1.170080e+001
asn	 160.0	-160.0	2.844633e-005	1.046749e+001
asn	 170.0	-160.0	9.636373e-005	9.247381e+000
asn	-180.0	-150.0	1.136111e-004	9.082729e+000
asn	-170.0	-150.0	2.316008e-004	8.370495e+000
asn	-160.0	-150.0	3.730434e-004	7.893816e+000
asn	-150.0	-150.0	5.029913e-004	7.594938e+000
asn	-140.0	-150.0	6.030039e-004	7.413587e+000
asn	-130.0	-150.0	6.414670e-004	7.351753e+000
asn	-120.0	-150.0	5.911661e-004	7.433414e+000
asn	-110.0	-150.0	4.883640e-004	7.624450e+000
asn	-100.0	-150.0	3.975344e-004	7.830229e+000
asn	 -90.0	-150.0	3.309596e-004	8.013514e+000
asn	 -80.0	-150.0	2.527737e-004	8.283016e+000
asn	 -70.0	-150.0	1.534494e-004	8.782139e+000
asn	 -60.0	-150.0	6.884921e-005	9.583592e+000
asn	 -50.0	-150.0	2.316824e-005	1.067273e+001
asn	 -40.0	-150.0	6.894014e-006	1.188486e+001
asn	 -30.0	-150.0	3.076035e-006	1.269187e+001
asn	 -20.0	-150.0	3.006783e-006	1.271464e+001
asn	 -10.0	-150.0	4.199600e-006	1.238052e+001
asn	   0.0	-150.0	6.300428e-006	1.197489e+001
asn	  10.0	-150.0	9.355619e-006	1.157953e+001
asn	  20.0	-150.0	1.326557e-005	1.123034e+001
asn	  30.0	-150.0	1.756834e-005	1.094941e+001
asn	  40.0	-150.0	2.142459e-005	1.075097e+001
asn	  50.0	-150.0	2.386019e-005	1.064330e+001
asn	  60.0	-150.0	2.418705e-005	1.062969e+001
asn	  70.0	-150.0	2.234028e-005	1.070912e+001
asn	  80.0	-150.0	1.889134e-005	1.087681e+001
asn	  90.0	-150.0	1.474332e-005	1.112472e+001
asn	 100.0	-150.0	1.073984e-005	1.144155e+001
asn	 110.0	-150.0	7.420573e-006	1.181125e+001
asn	 120.0	-150.0	4.998322e-006	1.220641e+001
asn	 130.0	-150.0	3.512850e-006	1.255908e+001
asn	 140.0	-150.0	3.180119e-006	1.265859e+001
asn	 150.0	-150.0	5.310754e-006	1.214578e+001
asn	 160.0	-150.0	1.476658e-005	1.112314e+001
asn	 170.0	-150.0	4.418873e-005	1.002704e+001
asn	-180.0	-140.0	4.416491e-005	1.002758e+001
asn	-170.0	-140.0	8.701048e-005	9.349482e+000
asn	-160.0	-140.0	1.461650e-004	8.830774e+000
asn	-150.0	-140.0	2.183420e-004	8.429448e+000
asn	-140.0	-140.0	2.937267e-004	8.132861e+000
asn	-130.0	-140.0	3.415634e-004	7.981977e+000
asn	-120.0	-140.0	3.321345e-004	8.009971e+000
asn	-110.0	-140.0	2.755824e-004	8.196624e+000
asn	-100.0	-140.0	2.079771e-004	8.478083e+000
asn	 -90.0	-140.0	1.497563e-004	8.806501e+000
asn	 -80.0	-140.0	9.942707e-005	9.216086e+000
asn	 -70.0	-140.0	5.575499e-005	9.794544e+000
asn	 -60.0	-140.0	2.514066e-005	1.059102e+001
asn	 -50.0	-140.0	9.747262e-006	1.153852e+001
asn	 -40.0	-140.0	4.308089e-006	1.235502e+001
asn	 -30.0	-140.0	3.135658e-006	1.267267e+001
asn	 -20.0	-140.0	3.537677e-006	1.255204e+001
asn	 -10.0	-140.0	4.843785e-006	1.223781e+001
asn	   0.0	-140.0	7.087635e-006	1.185716e+001
asn	  10.0	-140.0	1.037384e-005	1.147622e+001
asn	  20.0	-140.0	1.456928e-005	1.113660e+001
asn	  30.0	-140.0	1.912173e-005	1.086469e+001
asn	  40.0	-140.0	2.307350e-005	1.067683e+001
asn	  50.0	-140.0	2.536212e-005	1.058225e+001
asn	  60.0	-140.0	2.530265e-005	1.058460e+001
asn	  70.0	-140.0	2.293871e-005	1.068268e+001
asn	  80.0	-140.0	1.900056e-005	1.087104e+001
asn	  90.0	-140.0	1.451560e-005	1.114029e+001
asn	 100.0	-140.0	1.036674e-005	1.147691e+001
asn	 110.0	-140.0	7.057309e-006	1.186145e+001
asn	 120.0	-140.0	4.728498e-006	1.226190e+001
asn	 130.0	-140.0	3.328206e-006	1.261308e+001
asn	 140.0	-140.0	2.855697e-006	1.276619e+001
asn	 150.0	-140.0	3.769222e-006	1.248864e+001
asn	 160.0	-140.0	7.812545e-006	1.175978e+001
asn	 170.0	-140.0	1.916839e-005	1.086225e+001
asn	-180.0	-130.0	2.010691e-005	1.081445e+001
asn	-170.0	-130.0	3.703059e-005	1.020377e+001
asn	-160.0	-130.0	6.267285e-005	9.677582e+000
asn	-150.0	-130.0	9.804021e-005	9.230133e+000
asn	-140.0	-130.0	1.385432e-004	8.884328e+000
asn	-130.0	-130.0	1.683508e-004	8.689461e+000
asn	-120.0	-130.0	1.706444e-004	8.675929e+000
asn	-110.0	-130.0	1.455729e-004	8.834834e+000
asn	-100.0	-130.0	1.082843e-004	9.130750e+000
asn	 -90.0	-130.0	7.264162e-005	9.529973e+000
asn	 -80.0	-130.0	4.422693e-005	1.002618e+001
asn	 -70.0	-130.0	2.414182e-005	1.063157e+001
asn	 -60.0	-130.0	1.215003e-005	1.131818e+001
asn	 -50.0	-130.0	6.444411e-006	1.195230e+001
asn	 -40.0	-130.0	4.341192e-006	1.234736e+001
asn	 -30.0	-130.0	3.883994e-006	1.245865e+001
asn	 -20.0	-130.0	4.280371e-006	1.236147e+001
asn	 -10.0	-130.0	5.457286e-006	1.211856e+001
asn	   0.0	-130.0	7.598164e-006	1.178760e+001
asn	  10.0	-130.0	1.083616e-005	1.143262e+001
asn	  20.0	-130.0	1.501901e-005	1.110619e+001
asn	  30.0	-130.0	1.954918e-005	1.084258e+001
asn	  40.0	-130.0	2.341988e-005	1.066193e+001
asn	  50.0	-130.0	2.554314e-005	1.057514e+001
asn	  60.0	-130.0	2.525279e-005	1.058657e+001
asn	  70.0	-130.0	2.265215e-005	1.069526e+001
asn	  80.0	-130.0	1.854151e-005	1.089550e+001
asn	  90.0	-130.0	1.399140e-005	1.117707e+001
asn	 100.0	-130.0	9.884285e-006	1.152456e+001
asn	 110.0	-130.0	6.691020e-006	1.191474e+001
asn	 120.0	-130.0	4.511086e-006	1.230897e+001
asn	 130.0	-130.0	3.248615e-006	1.263728e+001
asn	 140.0	-130.0	2.808823e-006	1.278274e+001
asn	 150.0	-130.0	3.302501e-006	1.262083e+001
asn	 160.0	-130.0	5.319877e-006	1.214406e+001
asn	 170.0	-130.0	1.022839e-005	1.149034e+001
asn	-180.0	-120.0	1.346508e-005	1.121541e+001
asn	-170.0	-120.0	2.242022e-005	1.070555e+001
asn	-160.0	-120.0	3.578727e-005	1.023792e+001
asn	-150.0	-120.0	5.386471e-005	9.829035e+000
asn	-140.0	-120.0	7.418588e-005	9.508937e+000
asn	-130.0	-120.0	8.982795e-005	9.317614e+000
asn	-120.0	-120.0	9.313837e-005	9.281424e+000
asn	-110.0	-120.0	8.260112e-005	9.401487e+000
asn	-100.0	-120.0	6.377511e-005	9.660148e+000
asn	 -90.0	-120.0	4.395698e-005	1.003230e+001
asn	 -80.0	-120.0	2.781763e-005	1.048984e+001
asn	 -70.0	-120.0	1.683576e-005	1.099201e+001
asn	 -60.0	-120.0	1.046489e-005	1.146748e+001
asn	 -50.0	-120.0	7.282037e-006	1.183010e+001
asn	 -40.0	-120.0	5.871607e-006	1.204538e+001
asn	 -30.0	-120.0	5.340070e-006	1.214027e+001
asn	 -20.0	-120.0	5.389606e-006	1.213104e+001
asn	 -10.0	-120.0	6.132783e-006	1.200186e+001
asn	   0.0	-120.0	7.832585e-006	1.175722e+001
asn	  10.0	-120.0	1.065157e-005	1.144980e+001
asn	  20.0	-120.0	1.444021e-005	1.114549e+001
asn	  30.0	-120.0	1.860800e-005	1.089192e+001
asn	  40.0	-120.0	2.217972e-005	1.071633e+001
asn	  50.0	-120.0	2.411574e-005	1.063265e+001
asn	  60.0	-120.0	2.378622e-005	1.064640e+001
asn	  70.0	-120.0	2.129386e-005	1.075709e+001
asn	  80.0	-120.0	1.739977e-005	1.095905e+001
asn	  90.0	-120.0	1.311745e-005	1.124157e+001
asn	 100.0	-120.0	9.279313e-006	1.158772e+001
asn	 110.0	-120.0	6.327212e-006	1.197065e+001
asn	 120.0	-120.0	4.352687e-006	1.234472e+001
asn	 130.0	-120.0	3.261941e-006	1.263319e+001
asn	 140.0	-120.0	2.945207e-006	1.273533e+001
asn	 150.0	-120.0	3.410135e-006	1.258876e+001
asn	 160.0	-120.0	4.895329e-006	1.222723e+001
asn	 170.0	-120.0	7.959363e-006	1.174116e+001
asn	-180.0	-110.0	1.237934e-005	1.129948e+001
asn	-170.0	-110.0	1.912327e-005	1.086460e+001
asn	-160.0	-110.0	2.850638e-005	1.046538e+001
asn	-150.0	-110.0	4.021366e-005	1.012130e+001
asn	-140.0	-110.0	5.250306e-005	9.854639e+000
asn	-130.0	-110.0	6.190437e-005	9.689920e+000
asn	-120.0	-110.0	6.475657e-005	9.644875e+000
asn	-110.0	-110.0	5.987871e-005	9.723190e+000
asn	-100.0	-110.0	4.945248e-005	9.914498e+000
asn	 -90.0	-110.0	3.726048e-005	1.019758e+001
asn	 -80.0	-110.0	2.642570e-005	1.054117e+001
asn	 -70.0	-110.0	1.843271e-005	1.090138e+001
asn	 -60.0	-110.0	1.335189e-005	1.122385e+001
asn	 -50.0	-110.0	1.046534e-005	1.146744e+001
asn	 -40.0	-110.0	8.847637e-006	1.163536e+001
asn	 -30.0	-110.0	7.816539e-006	1.175927e+001
asn	 -20.0	-110.0	7.166470e-006	1.184610e+001
asn	 -10.0	-110.0	7.104049e-006	1.185485e+001
asn	   0.0	-110.0	7.980440e-006	1.173852e+001
asn	  10.0	-110.0	1.000576e-005	1.151235e+001
asn	  20.0	-110.0	1.305240e-005	1.124654e+001
asn	  30.0	-110.0	1.657447e-005	1.100765e+001
asn	  40.0	-110.0	1.968673e-005	1.083557e+001
asn	  50.0	-110.0	2.144920e-005	1.074982e+001
asn	  60.0	-110.0	2.127198e-005	1.075812e+001
asn	  70.0	-110.0	1.919645e-005	1.086079e+001
asn	  80.0	-110.0	1.584709e-005	1.105252e+001
asn	  90.0	-110.0	1.209640e-005	1.132260e+001
asn	 100.0	-110.0	8.690476e-006	1.165328e+001
asn	 110.0	-110.0	6.052087e-006	1.201511e+001
asn	 120.0	-110.0	4.297711e-006	1.235743e+001
asn	 130.0	-110.0	3.371670e-006	1.260010e+001
asn	 140.0	-110.0	3.191614e-006	1.265498e+001
asn	 150.0	-110.0	3.757275e-006	1.249182e+001
asn	 160.0	-110.0	5.221774e-006	1.216267e+001
asn	 170.0	-110.0	7.927404e-006	1.174518e+001
asn	-180.0	-100.0	1.280928e-005	1.126534e+001
asn	-170.0	-100.0	1.916834e-005	1.086225e+001
asn	-160.0	-100.0	2.768532e-005	1.049461e+001
asn	-150.0	-100.0	3.787939e-005	1.018110e+001
asn	-140.0	-100.0	4.829206e-005	9.938243e+000
asn	-130.0	-100.0	5.655614e-005	9.780277e+000
asn	-120.0	-100.0	6.030197e-005	9.716146e+000
asn	-110.0	-100.0	5.849314e-005	9.746601e+000
asn	-100.0	-100.0	5.200260e-005	9.864217e+000
asn	 -90.0	-100.0	4.297008e-005	1.005501e+001
asn	 -80.0	-100.0	3.370584e-005	1.029784e+001
asn	 -70.0	-100.0	2.590688e-005	1.056100e+001
asn	 -60.0	-100.0	2.031067e-005	1.080436e+001
asn	 -50.0	-100.0	1.666604e-005	1.100214e+001
asn	 -40.0	-100.0	1.411799e-005	1.116806e+001
asn	 -30.0	-100.0	1.194610e-005	1.133511e+001
asn	 -20.0	-100.0	1.001569e-005	1.151136e+001
asn	 -10.0	-100.0	8.661151e-006	1.165666e+001
asn	   0.0	-100.0	8.329227e-006	1.169574e+001
asn	  10.0	-100.0	9.268315e-006	1.158891e+001
asn	  20.0	-100.0	1.136479e-005	1.138499e+001
asn	  30.0	-100.0	1.412079e-005	1.116786e+001
asn	  40.0	-100.0	1.675435e-005	1.099685e+001
asn	  50.0	-100.0	1.843100e-005	1.090148e+001
asn	  60.0	-100.0	1.857807e-005	1.089353e+001
asn	  70.0	-100.0	1.712103e-005	1.097520e+001
asn	  80.0	-100.0	1.448382e-005	1.114248e+001
asn	  90.0	-100.0	1.135685e-005	1.138569e+001
asn	 100.0	-100.0	8.396451e-006	1.168770e+001
asn	 110.0	-100.0	6.030522e-006	1.201868e+001
asn	 120.0	-100.0	4.431173e-006	1.232685e+001
asn	 130.0	-100.0	3.603794e-006	1.253352e+001
asn	 140.0	-100.0	3.509394e-006	1.256007e+001
asn	 150.0	-100.0	4.166749e-006	1.238837e+001
asn	 160.0	-100.0	5.719152e-006	1.207169e+001
asn	 170.0	-100.0	8.461726e-006	1.167996e+001
asn	-180.0	 -90.0	1.341805e-005	1.121891e+001
asn	-170.0	 -90.0	1.995940e-005	1.082181e+001
asn	-160.0	 -90.0	2.880452e-005	1.045498e+001
asn	-150.0	 -90.0	3.960026e-005	1.013667e+001
asn	-140.0	 -90.0	5.112642e-005	9.881209e+000
asn	-130.0	 -90.0	6.138026e-005	9.698422e+000
asn	-120.0	 -90.0	6.825026e-005	9.592329e+000
asn	-110.0	 -90.0	7.038966e-005	9.561464e+000
asn	-100.0	 -90.0	6.761799e-005	9.601636e+000
asn	 -90.0	 -90.0	6.086772e-005	9.706808e+000
asn	 -80.0	 -90.0	5.198828e-005	9.864492e+000
asn	 -70.0	 -90.0	4.319114e-005	1.004988e+001
asn	 -60.0	 -90.0	3.599867e-005	1.023203e+001
asn	 -50.0	 -90.0	3.024401e-005	1.040621e+001
asn	 -40.0	 -90.0	2.477424e-005	1.060571e+001
asn	 -30.0	 -90.0	1.931964e-005	1.085439e+001
asn	 -20.0	 -90.0	1.454028e-005	1.113859e+001
asn	 -10.0	 -90.0	1.102540e-005	1.141531e+001
asn	   0.0	 -90.0	9.075785e-006	1.160990e+001
asn	  10.0	 -90.0	8.766494e-006	1.164457e+001
asn	  20.0	 -90.0	9.893547e-006	1.152363e+001
asn	  30.0	 -90.0	1.196066e-005	1.133389e+001
asn	  40.0	 -90.0	1.425824e-005	1.115818e+001
asn	  50.0	 -90.0	1.602096e-005	1.104161e+001
asn	  60.0	 -90.0	1.664605e-005	1.100334e+001
asn	  70.0	 -90.0	1.589453e-005	1.104954e+001
asn	  80.0	 -90.0	1.396100e-005	1.117924e+001
asn	  90.0	 -90.0	1.135956e-005	1.138545e+001
asn	 100.0	 -90.0	8.691608e-006	1.165315e+001
asn	 110.0	 -90.0	6.432160e-006	1.195420e+001
asn	 120.0	 -90.0	4.838290e-006	1.223895e+001
asn	 130.0	 -90.0	3.987050e-006	1.243246e+001
asn	 140.0	 -90.0	3.880379e-006	1.245958e+001
asn	 150.0	 -90.0	4.552481e-006	1.229984e+001
asn	 160.0	 -90.0	6.148193e-006	1.199935e+001
asn	 170.0	 -90.0	8.961770e-006	1.162254e+001
asn	-180.0	 -80.0	1.377632e-005	1.119256e+001
asn	-170.0	 -80.0	2.064949e-005	1.078782e+001
asn	-160.0	 -80.0	3.033013e-005	1.040337e+001
asn	-150.0	 -80.0	4.285269e-005	1.005774e+001
asn	-140.0	 -80.0	5.745056e-005	9.764586e+000
asn	-130.0	 -80.0	7.253080e-005	9.531499e+000
asn	-120.0	 -80.0	8.610462e-005	9.359948e+000
asn	-110.0	 -80.0	9.617911e-005	9.249298e+000
asn	-100.0	 -80.0	1.009487e-004	9.200898e+000
asn	 -90.0	 -80.0	9.972444e-005	9.213100e+000
asn	 -80.0	 -80.0	9.406328e-005	9.271543e+000
asn	 -70.0	 -80.0	8.701310e-005	9.349452e+000
asn	 -60.0	 -80.0	7.977109e-005	9.436349e+000
asn	 -50.0	 -80.0	6.896184e-005	9.581957e+000
asn	 -40.0	 -80.0	5.242403e-005	9.856145e+000
asn	 -30.0	 -80.0	3.499666e-005	1.026026e+001
asn	 -20.0	 -80.0	2.208923e-005	1.072042e+001
asn	 -10.0	 -80.0	1.430846e-005	1.115466e+001
asn	   0.0	 -80.0	1.016918e-005	1.149615e+001
asn	  10.0	 -80.0	8.586303e-006	1.166534e+001
asn	  20.0	 -80.0	8.906845e-006	1.162869e+001
asn	  30.0	 -80.0	1.052508e-005	1.146175e+001
asn	  40.0	 -80.0	1.275232e-005	1.126980e+001
asn	  50.0	 -80.0	1.484092e-005	1.111812e+001
asn	  60.0	 -80.0	1.609909e-005	1.103675e+001
asn	  70.0	 -80.0	1.607371e-005	1.103833e+001
asn	  80.0	 -80.0	1.471700e-005	1.112651e+001
asn	  90.0	 -80.0	1.240499e-005	1.129741e+001
asn	 100.0	 -80.0	9.753544e-006	1.153788e+001
asn	 110.0	 -80.0	7.345858e-006	1.182137e+001
asn	 120.0	 -80.0	5.553082e-006	1.210116e+001
asn	 130.0	 -80.0	4.523797e-006	1.230616e+001
asn	 140.0	 -80.0	4.285893e-006	1.236018e+001
asn	 150.0	 -80.0	4.871904e-006	1.223203e+001
asn	 160.0	 -80.0	6.418413e-006	1.195634e+001
asn	 170.0	 -80.0	9.227089e-006	1.159337e+001
asn	-180.0	 -70.0	1.380903e-005	1.119019e+001
asn	-170.0	 -70.0	2.106358e-005	1.076797e+001
asn	-160.0	 -70.0	3.191466e-005	1.035245e+001
asn	-150.0	 -70.0	4.710849e-005	9.963057e+000
asn	-140.0	 -70.0	6.684036e-005	9.613203e+000
asn	-130.0	 -70.0	9.057976e-005	9.309280e+000
asn	-120.0	 -70.0	1.169495e-004	9.053768e+000
asn	-110.0	 -70.0	1.430729e-004	8.852156e+000
asn	-100.0	 -70.0	1.649533e-004	8.709848e+000
asn	 -90.0	 -70.0	1.815811e-004	8.613808e+000
asn	 -80.0	 -70.0	1.976854e-004	8.528834e+000
asn	 -70.0	 -70.0	2.171690e-004	8.434835e+000
asn	 -60.0	 -70.0	2.267507e-004	8.391660e+000
asn	 -50.0	 -70.0	1.985757e-004	8.524340e+000
asn	 -40.0	 -70.0	1.347992e-004	8.911724e+000
asn	 -30.0	 -70.0	7.265654e-005	9.529767e+000
asn	 -20.0	 -70.0	3.543100e-005	1.024792e+001
asn	 -10.0	 -70.0	1.845313e-005	1.090028e+001
asn	   0.0	 -70.0	1.126148e-005	1.139412e+001
asn	  10.0	 -70.0	8.532252e-006	1.167166e+001
asn	  20.0	 -70.0	8.356562e-006	1.169246e+001
asn	  30.0	 -70.0	9.862438e-006	1.152678e+001
asn	  40.0	 -70.0	1.235364e-005	1.130156e+001
asn	  50.0	 -70.0	1.507212e-005	1.110266e+001
asn	  60.0	 -70.0	1.717704e-005	1.097194e+001
asn	  70.0	 -70.0	1.792066e-005	1.092956e+001
asn	  80.0	 -70.0	1.697194e-005	1.098395e+001
asn	  90.0	 -70.0	1.462256e-005	1.113295e+001
asn	 100.0	 -70.0	1.162057e-005	1.136273e+001
asn	 110.0	 -70.0	8.753048e-006	1.164611e+001
asn	 120.0	 -70.0	6.536056e-006	1.193818e+001
asn	 130.0	 -70.0	5.174560e-006	1.217176e+001
asn	 140.0	 -70.0	4.693945e-006	1.226924e+001
asn	 150.0	 -70.0	5.100796e-006	1.218611e+001
asn	 160.0	 -70.0	6.508588e-006	1.194239e+001
asn	 170.0	 -70.0	9.225448e-006	1.159354e+001
asn	-180.0	 -60.0	1.363181e-005	1.120310e+001
asn	-170.0	 -60.0	2.139082e-005	1.075255e+001
asn	-160.0	 -60.0	3.386322e-005	1.029318e+001
asn	-150.0	 -60.0	5.293013e-005	9.846538e+000
asn	-140.0	 -60.0	8.054805e-005	9.426657e+000
asn	-130.0	 -60.0	1.183821e-004	9.041593e+000
asn	-120.0	 -60.0	1.665115e-004	8.700446e+000
asn	-110.0	 -60.0	2.213232e-004	8.415887e+000
asn	-100.0	 -60.0	2.794747e-004	8.182599e+000
asn	 -90.0	 -60.0	3.522588e-004	7.951144e+000
asn	 -80.0	 -60.0	4.676806e-004	7.667725e+000
asn	 -70.0	 -60.0	6.274918e-004	7.373780e+000
asn	 -60.0	 -60.0	7.192520e-004	7.237299e+000
asn	 -50.0	 -60.0	6.021552e-004	7.414995e+000
asn	 -40.0	 -60.0	3.540668e-004	7.946025e+000
asn	 -30.0	 -60.0	1.537560e-004	8.780143e+000
asn	 -20.0	 -60.0	5.677300e-005	9.776450e+000
asn	 -10.0	 -60.0	2.269490e-005	1.069337e+001
asn	   0.0	 -60.0	1.174958e-005	1.135169e+001
asn	  10.0	 -60.0	8.261998e-006	1.170384e+001
asn	  20.0	 -60.0	8.006634e-006	1.173524e+001
asn	  30.0	 -60.0	9.775927e-006	1.153559e+001
asn	  40.0	 -60.0	1.293027e-005	1.125594e+001
asn	  50.0	 -60.0	1.674210e-005	1.099758e+001
asn	  60.0	 -60.0	2.014821e-005	1.081239e+001
asn	  70.0	 -60.0	2.189398e-005	1.072930e+001
asn	  80.0	 -60.0	2.118394e-005	1.076227e+001
asn	  90.0	 -60.0	1.829462e-005	1.090890e+001
asn	 100.0	 -60.0	1.437013e-005	1.115036e+001
asn	 110.0	 -60.0	1.060729e-005	1.145397e+001
asn	 120.0	 -60.0	7.705253e-006	1.177361e+001
asn	 130.0	 -60.0	5.869825e-006	1.204569e+001
asn	 140.0	 -60.0	5.062784e-006	1.219359e+001
asn	 150.0	 -60.0	5.227883e-006	1.216150e+001
asn	 160.0	 -60.0	6.440528e-006	1.195290e+001
asn	 170.0	 -60.0	9.019038e-006	1.161617e+001
asn	-180.0	 -50.0	1.355299e-005	1.120890e+001
asn	-170.0	 -50.0	2.221552e-005	1.071472e+001
asn	-160.0	 -50.0	3.721927e-005	1.019868e+001
asn	-150.0	 -50.0	6.208785e-005	9.686960e+000
asn	-140.0	 -50.0	1.014631e-004	9.195816e+000
asn	-130.0	 -50.0	1.603128e-004	8.738384e+000
asn	-120.0	 -50.0	2.406104e-004	8.332331e+000
asn	-110.0	 -50.0	3.395437e-004	7.987908e+000
asn	-100.0	 -50.0	4.685368e-004	7.665896e+000
asn	 -90.0	 -50.0	6.922367e-004	7.275583e+000
asn	 -80.0	 -50.0	1.122287e-003	6.792387e+000
asn	 -70.0	 -50.0	1.742066e-003	6.352684e+000
asn	 -60.0	 -50.0	2.037919e-003	6.195826e+000
asn	 -50.0	 -50.0	1.542669e-003	6.474241e+000
asn	 -40.0	 -50.0	7.632444e-004	7.177932e+000
asn	 -30.0	 -50.0	2.710164e-004	8.213331e+000
asn	 -20.0	 -50.0	7.908583e-005	9.444977e+000
asn	 -10.0	 -50.0	2.470529e-005	1.060849e+001
asn	   0.0	 -50.0	1.100700e-005	1.141698e+001
asn	  10.0	 -50.0	7.526795e-006	1.179704e+001
asn	  20.0	 -50.0	7.645658e-006	1.178137e+001
asn	  30.0	 -50.0	1.007481e-005	1.150547e+001
asn	  40.0	 -50.0	1.448455e-005	1.114243e+001
asn	  50.0	 -50.0	2.038066e-005	1.080092e+001
asn	  60.0	 -50.0	2.634811e-005	1.054411e+001
asn	  70.0	 -50.0	2.995960e-005	1.041566e+001
asn	  80.0	 -50.0	2.928230e-005	1.043853e+001
asn	  90.0	 -50.0	2.471521e-005	1.060809e+001
asn	 100.0	 -50.0	1.857629e-005	1.089362e+001
asn	 110.0	 -50.0	1.303458e-005	1.124790e+001
asn	 120.0	 -50.0	9.016950e-006	1.161640e+001
asn	 130.0	 -50.0	6.543869e-006	1.193698e+001
asn	 140.0	 -50.0	5.356189e-006	1.213726e+001
asn	 150.0	 -50.0	5.260981e-006	1.215519e+001
asn	 160.0	 -50.0	6.278885e-006	1.197832e+001
asn	 170.0	 -50.0	8.760560e-006	1.164525e+001
asn	-180.0	 -40.0	1.413011e-005	1.116720e+001
asn	-170.0	 -40.0	2.471372e-005	1.060815e+001
asn	-160.0	 -40.0	4.431044e-005	1.002429e+001
asn	-150.0	 -40.0	7.881565e-005	9.448399e+000
asn	-140.0	 -40.0	1.366294e-004	8.898239e+000
asn	-130.0	 -40.0	2.270958e-004	8.390139e+000
asn	-120.0	 -40.0	3.540976e-004	7.945938e+000
asn	-110.0	 -40.0	5.191742e-004	7.563271e+000
asn	-100.0	 -40.0	7.791204e-004	7.157345e+000
asn	 -90.0	 -40.0	1.336506e-003	6.617696e+000
asn	 -80.0	 -40.0	2.500302e-003	5.991344e+000
asn	 -70.0	 -40.0	4.091755e-003	5.498781e+000
asn	 -60.0	 -40.0	4.520442e-003	5.399145e+000
asn	 -50.0	 -40.0	2.949212e-003	5.826217e+000
asn	 -40.0	 -40.0	1.182726e-003	6.739934e+000
asn	 -30.0	 -40.0	3.399100e-004	7.986830e+000
asn	 -20.0	 -40.0	8.232591e-005	9.404825e+000
asn	 -10.0	 -40.0	2.173131e-005	1.073676e+001
asn	   0.0	 -40.0	8.925783e-006	1.162657e+001
asn	  10.0	 -40.0	6.370450e-006	1.196384e+001
asn	  20.0	 -40.0	7.227221e-006	1.183766e+001
asn	  30.0	 -40.0	1.077500e-005	1.143828e+001
asn	  40.0	 -40.0	1.760584e-005	1.094728e+001
asn	  50.0	 -40.0	2.815389e-005	1.047782e+001
asn	  60.0	 -40.0	4.041868e-005	1.011622e+001
asn	  70.0	 -40.0	4.864332e-005	9.930996e+000
asn	  80.0	 -40.0	4.747868e-005	9.955230e+000
asn	  90.0	 -40.0	3.797585e-005	1.017856e+001
asn	 100.0	 -40.0	2.612721e-005	1.055253e+001
asn	 110.0	 -40.0	1.662438e-005	1.100464e+001
asn	 120.0	 -40.0	1.055891e-005	1.145854e+001
asn	 130.0	 -40.0	7.167235e-006	1.184599e+001
asn	 140.0	 -40.0	5.555581e-006	1.210071e+001
asn	 150.0	 -40.0	5.229959e-006	1.216111e+001
asn	 160.0	 -40.0	6.131572e-006	1.200206e+001
asn	 170.0	 -40.0	8.703951e-006	1.165173e+001
asn	-180.0	 -30.0	1.611342e-005	1.103586e+001
asn	-170.0	 -30.0	3.070848e-005	1.039097e+001
asn	-160.0	 -30.0	5.932833e-005	9.732424e+000
asn	-150.0	 -30.0	1.118322e-004	9.098511e+000
asn	-140.0	 -30.0	2.028123e-004	8.503229e+000
asn	-130.0	 -30.0	3.508826e-004	7.955059e+000
asn	-120.0	 -30.0	5.681715e-004	7.473087e+000
asn	-110.0	 -30.0	8.728525e-004	7.043744e+000
asn	-100.0	 -30.0	1.423214e-003	6.554837e+000
asn	 -90.0	 -30.0	2.693664e-003	5.916853e+000
asn	 -80.0	 -30.0	5.219078e-003	5.255435e+000
asn	 -70.0	 -30.0	7.885381e-003	4.842745e+000
asn	 -60.0	 -30.0	7.391810e-003	4.907383e+000
asn	 -50.0	 -30.0	3.925669e-003	5.540218e+000
asn	 -40.0	 -30.0	1.237776e-003	6.694439e+000
asn	 -30.0	 -30.0	2.813185e-004	8.176023e+000
asn	 -20.0	 -30.0	5.852691e-005	9.746024e+000
asn	 -10.0	 -30.0	1.459079e-005	1.113512e+001
asn	   0.0	 -30.0	6.238921e-006	1.198470e+001
asn	  10.0	 -30.0	5.082668e-006	1.218967e+001
asn	  20.0	 -30.0	6.836648e-006	1.189321e+001
asn	  30.0	 -30.0	1.215584e-005	1.131770e+001
asn	  40.0	 -30.0	2.405171e-005	1.063530e+001
asn	  50.0	 -30.0	4.623759e-005	9.981718e+000
asn	  60.0	 -30.0	7.569854e-005	9.488752e+000
asn	  70.0	 -30.0	9.622289e-005	9.248843e+000
asn	  80.0	 -30.0	9.210663e-005	9.292564e+000
asn	  90.0	 -30.0	6.795000e-005	9.596738e+000
asn	 100.0	 -30.0	4.120068e-005	1.009706e+001
asn	 110.0	 -30.0	2.262331e-005	1.069653e+001
asn	 120.0	 -30.0	1.256724e-005	1.128442e+001
asn	 130.0	 -30.0	7.744687e-006	1.176850e+001
asn	 140.0	 -30.0	5.655207e-006	1.208293e+001
asn	 150.0	 -30.0	5.173917e-006	1.217188e+001
asn	 160.0	 -30.0	6.122794e-006	1.200349e+001
asn	 170.0	 -30.0	9.156524e-006	1.160104e+001
asn	-180.0	 -20.0	2.013628e-005	1.081299e+001
asn	-170.0	 -20.0	4.221146e-005	1.007282e+001
asn	-160.0	 -20.0	8.792144e-005	9.339067e+000
asn	-150.0	 -20.0	1.745298e-004	8.653415e+000
asn	-140.0	 -20.0	3.295302e-004	8.017842e+000
asn	-130.0	 -20.0	5.984584e-004	7.421154e+000
asn	-120.0	 -20.0	1.038415e-003	6.870059e+000
asn	-110.0	 -20.0	1.773868e-003	6.334593e+000
asn	-100.0	 -20.0	3.183919e-003	5.749643e+000
asn	 -90.0	 -20.0	5.881661e-003	5.135916e+000
asn	 -80.0	 -20.0	9.814156e-003	4.623929e+000
asn	 -70.0	 -20.0	1.182577e-002	4.437474e+000
asn	 -60.0	 -20.0	8.472930e-003	4.770879e+000
asn	 -50.0	 -20.0	3.422061e-003	5.677512e+000
asn	 -40.0	 -20.0	8.300224e-004	7.094058e+000
asn	 -30.0	 -20.0	1.492787e-004	8.809695e+000
asn	 -20.0	 -20.0	2.814028e-005	1.047831e+001
asn	 -10.0	 -20.0	7.634354e-006	1.178285e+001
asn	   0.0	 -20.0	3.907593e-006	1.245259e+001
asn	  10.0	 -20.0	3.930792e-006	1.244667e+001
asn	  20.0	 -20.0	6.551222e-006	1.193586e+001
asn	  30.0	 -20.0	1.478986e-005	1.112157e+001
asn	  40.0	 -20.0	3.817250e-005	1.017340e+001
asn	  50.0	 -20.0	9.136098e-005	9.300692e+000
asn	  60.0	 -20.0	1.684023e-004	8.689155e+000
asn	  70.0	 -20.0	2.185682e-004	8.428412e+000
asn	  80.0	 -20.0	1.985931e-004	8.524252e+000
asn	  90.0	 -20.0	1.321954e-004	8.931229e+000
asn	 100.0	 -20.0	6.963983e-005	9.572174e+000
asn	 110.0	 -20.0	3.232315e-005	1.033973e+001
asn	 120.0	 -20.0	1.517920e-005	1.109558e+001
asn	 130.0	 -20.0	8.244671e-006	1.170594e+001
asn	 140.0	 -20.0	5.638262e-006	1.208593e+001
asn	 150.0	 -20.0	5.112125e-006	1.218390e+001
asn	 160.0	 -20.0	6.325889e-006	1.197086e+001
asn	 170.0	 -20.0	1.032326e-005	1.148111e+001
asn	-180.0	 -10.0	2.623775e-005	1.054831e+001
asn	-170.0	 -10.0	6.025409e-005	9.716940e+000
asn	-160.0	 -10.0	1.344617e-004	8.914231e+000
asn	-150.0	 -10.0	2.797829e-004	8.181497e+000
asn	-140.0	 -10.0	5.535246e-004	7.499204e+000
asn	-130.0	 -10.0	1.075667e-003	6.834814e+000
asn	-120.0	 -10.0	2.073286e-003	6.178621e+000
asn	-110.0	 -10.0	4.038249e-003	5.511944e+000
asn	-100.0	 -10.0	7.371149e-003	4.910182e+000
asn	 -90.0	 -10.0	1.132962e-002	4.480335e+000
asn	 -80.0	 -10.0	1.395782e-002	4.271716e+000
asn	 -70.0	 -10.0	1.227023e-002	4.400580e+000
asn	 -60.0	 -10.0	6.428544e-003	5.047007e+000
asn	 -50.0	 -10.0	1.889305e-003	6.271546e+000
asn	 -40.0	 -10.0	3.441158e-004	7.974532e+000
asn	 -30.0	 -10.0	5.068321e-005	9.889916e+000
asn	 -20.0	 -10.0	9.800698e-006	1.153306e+001
asn	 -10.0	 -10.0	3.427072e-006	1.258380e+001
asn	   0.0	 -10.0	2.329406e-006	1.296990e+001
asn	  10.0	 -10.0	2.997958e-006	1.271758e+001
asn	  20.0	 -10.0	6.418688e-006	1.195630e+001
asn	  30.0	 -10.0	2.026028e-005	1.080685e+001
asn	  40.0	 -10.0	7.326394e-005	9.521442e+000
asn	  50.0	 -10.0	2.152318e-004	8.443795e+000
asn	  60.0	 -10.0	4.209670e-004	7.772956e+000
asn	  70.0	 -10.0	5.230760e-004	7.555784e+000
asn	  80.0	 -10.0	4.282033e-004	7.755913e+000
asn	  90.0	 -10.0	2.489977e-004	8.298067e+000
asn	 100.0	 -10.0	1.129757e-004	9.088338e+000
asn	 110.0	 -10.0	4.467102e-005	1.001619e+001
asn	 120.0	 -10.0	1.779923e-005	1.093636e+001
asn	 130.0	 -10.0	8.472815e-006	1.167865e+001
asn	 140.0	 -10.0	5.451645e-006	1.211959e+001
asn	 150.0	 -10.0	5.018756e-006	1.220233e+001
asn	 160.0	 -10.0	6.693748e-006	1.191434e+001
asn	 170.0	 -10.0	1.211884e-005	1.132075e+001
asn	-180.0	   0.0	3.349954e-005	1.030398e+001
asn	-170.0	   0.0	8.325090e-005	9.393652e+000
asn	-160.0	   0.0	1.973654e-004	8.530454e+000
asn	-150.0	   0.0	4.307630e-004	7.749952e+000
asn	-140.0	   0.0	9.020740e-004	7.010814e+000
asn	-130.0	   0.0	1.887077e-003	6.272726e+000
asn	-120.0	   0.0	3.938799e-003	5.536879e+000
asn	-110.0	   0.0	7.941355e-003	4.835671e+000
asn	-100.0	   0.0	1.303283e-002	4.340283e+000
asn	 -90.0	   0.0	1.530381e-002	4.179653e+000
asn	 -80.0	   0.0	1.299369e-002	4.343292e+000
asn	 -70.0	   0.0	7.992662e-003	4.829231e+000
asn	 -60.0	   0.0	3.100205e-003	5.776287e+000
asn	 -50.0	   0.0	6.770223e-004	7.297806e+000
asn	 -40.0	   0.0	9.210588e-005	9.292572e+000
asn	 -30.0	   0.0	1.181522e-005	1.134612e+001
asn	 -20.0	   0.0	2.893730e-006	1.275296e+001
asn	 -10.0	   0.0	1.497125e-006	1.341196e+001
asn	   0.0	   0.0	1.393382e-006	1.348378e+001
asn	  10.0	   0.0	2.287244e-006	1.298816e+001
asn	  20.0	   0.0	6.917078e-006	1.188152e+001
asn	  30.0	   0.0	3.522880e-005	1.025365e+001
asn	  40.0	   0.0	1.766801e-004	8.641170e+000
asn	  50.0	   0.0	5.826133e-004	7.447987e+000
asn	  60.0	   0.0	1.108075e-003	6.805131e+000
asn	  70.0	   0.0	1.224606e-003	6.705136e+000
asn	  80.0	   0.0	8.498820e-004	7.070413e+000
asn	  90.0	   0.0	4.128077e-004	7.792529e+000
asn	 100.0	   0.0	1.579924e-004	8.752964e+000
asn	 110.0	   0.0	5.376981e-005	9.830798e+000
asn	 120.0	   0.0	1.875153e-005	1.088424e+001
asn	 130.0	   0.0	8.066871e-006	1.172774e+001
asn	 140.0	   0.0	5.023222e-006	1.220144e+001
asn	 150.0	   0.0	4.834865e-006	1.223966e+001
asn	 160.0	   0.0	7.064660e-006	1.186041e+001
asn	 170.0	   0.0	1.412426e-005	1.116762e+001
asn	-180.0	  10.0	4.039859e-005	1.011672e+001
asn	-170.0	  10.0	1.065934e-004	9.146489e+000
asn	-160.0	  10.0	2.657214e-004	8.233062e+000
asn	-150.0	  10.0	6.070373e-004	7.406920e+000
asn	-140.0	  10.0	1.326628e-003	6.625115e+000
asn	-130.0	  10.0	2.852113e-003	5.859695e+000
asn	-120.0	  10.0	5.837129e-003	5.143516e+000
asn	-110.0	  10.0	1.063465e-002	4.543638e+000
asn	-100.0	  10.0	1.444528e-002	4.237387e+000
asn	 -90.0	  10.0	1.279556e-002	4.358657e+000
asn	 -80.0	  10.0	7.602700e-003	4.879252e+000
asn	 -70.0	  10.0	3.268349e-003	5.723470e+000
asn	 -60.0	  10.0	9.676766e-004	6.940613e+000
asn	 -50.0	  10.0	1.704665e-004	8.676972e+000
asn	 -40.0	  10.0	1.878277e-005	1.088257e+001
asn	 -30.0	  10.0	2.429344e-006	1.292789e+001
asn	 -20.0	  10.0	9.291515e-007	1.388899e+001
asn	 -10.0	  10.0	7.227630e-007	1.414018e+001
asn	   0.0	  10.0	8.983291e-007	1.392273e+001
asn	  10.0	  10.0	2.020025e-006	1.311240e+001
asn	  20.0	  10.0	1.061655e-005	1.145310e+001
asn	  30.0	  10.0	8.214561e-005	9.407017e+000
asn	  40.0	  10.0	4.715474e-004	7.659491e+000
asn	  50.0	  10.0	1.537730e-003	6.477448e+000
asn	  60.0	  10.0	2.659251e-003	5.929711e+000
asn	  70.0	  10.0	2.505804e-003	5.989146e+000
asn	  80.0	  10.0	1.420526e-003	6.556728e+000
asn	  90.0	  10.0	5.570522e-004	7.492852e+000
asn	 100.0	  10.0	1.758577e-004	8.645835e+000
asn	 110.0	  10.0	5.185463e-005	9.867066e+000
asn	 120.0	  10.0	1.651445e-005	1.101127e+001
asn	 130.0	  10.0	6.824567e-006	1.189498e+001
asn	 140.0	  10.0	4.348073e-006	1.234578e+001
asn	 150.0	  10.0	4.531790e-006	1.230439e+001
asn	 160.0	  10.0	7.296401e-006	1.182813e+001
asn	 170.0	  10.0	1.587356e-005	1.105086e+001
asn	-180.0	  20.0	4.709698e-005	9.963302e+000
asn	-170.0	  20.0	1.276600e-004	8.966140e+000
asn	-160.0	  20.0	3.252756e-004	8.030838e+000
asn	-150.0	  20.0	7.561084e-004	7.187326e+000
asn	-140.0	  20.0	1.638235e-003	6.414136e+000
asn	-130.0	  20.0	3.344593e-003	5.700410e+000
asn	-120.0	  20.0	6.118408e-003	5.096453e+000
asn	-110.0	  20.0	9.154941e-003	4.693462e+000
asn	-100.0	  20.0	9.777210e-003	4.627701e+000
asn	 -90.0	  20.0	6.677805e-003	5.008966e+000
asn	 -80.0	  20.0	2.985448e-003	5.814005e+000
asn	 -70.0	  20.0	9.611598e-004	6.947370e+000
asn	 -60.0	  20.0	2.310905e-004	8.372701e+000
asn	 -50.0	  20.0	3.818171e-005	1.017315e+001
asn	 -40.0	  20.0	4.807055e-006	1.224543e+001
asn	 -30.0	  20.0	8.884155e-007	1.393383e+001
asn	 -20.0	  20.0	4.430866e-007	1.462950e+001
asn	 -10.0	  20.0	4.508603e-007	1.461211e+001
asn	   0.0	  20.0	8.067518e-007	1.403025e+001
asn	  10.0	  20.0	3.270941e-006	1.263043e+001
asn	  20.0	  20.0	2.606835e-005	1.055479e+001
asn	  30.0	  20.0	2.128022e-004	8.455147e+000
asn	  40.0	  20.0	1.142263e-003	6.774744e+000
asn	  50.0	  20.0	3.357166e-003	5.696658e+000
asn	  60.0	  20.0	5.068037e-003	5.284802e+000
asn	  70.0	  20.0	3.993138e-003	5.523178e+000
asn	  80.0	  20.0	1.817582e-003	6.310248e+000
asn	  90.0	  20.0	5.661372e-004	7.476674e+000
asn	 100.0	  20.0	1.463189e-004	8.829722e+000
asn	 110.0	  20.0	3.802749e-005	1.017720e+001
asn	 120.0	  20.0	1.171641e-005	1.135452e+001
asn	 130.0	  20.0	5.065962e-006	1.219297e+001
asn	 140.0	  20.0	3.565185e-006	1.254429e+001
asn	 150.0	  20.0	4.198415e-006	1.238080e+001
asn	 160.0	  20.0	7.533998e-006	1.179608e+001
asn	 170.0	  20.0	1.768423e-005	1.094284e+001
asn	-180.0	  30.0	5.891776e-005	9.739368e+000
asn	-170.0	  30.0	1.556948e-004	8.767613e+000
asn	-160.0	  30.0	3.801294e-004	7.874999e+000
asn	-150.0	  30.0	8.367625e-004	7.085970e+000
asn	-140.0	  30.0	1.657242e-003	6.402601e+000
asn	-130.0	  30.0	2.945292e-003	5.827547e+000
asn	-120.0	  30.0	4.525297e-003	5.398072e+000
asn	-110.0	  30.0	5.492337e-003	5.204401e+000
asn	-100.0	  30.0	4.734231e-003	5.352936e+000
asn	 -90.0	  30.0	2.747844e-003	5.896939e+000
asn	 -80.0	  30.0	1.124298e-003	6.790596e+000
asn	 -70.0	  30.0	3.585909e-004	7.933328e+000
asn	 -60.0	  30.0	9.690056e-005	9.241825e+000
asn	 -50.0	  30.0	2.258855e-005	1.069807e+001
asn	 -40.0	  30.0	4.686772e-006	1.227077e+001
asn	 -30.0	  30.0	1.002609e-006	1.381290e+001
asn	 -20.0	  30.0	3.800913e-007	1.478285e+001
asn	 -10.0	  30.0	4.447820e-007	1.462568e+001
asn	   0.0	  30.0	1.375984e-006	1.349634e+001
asn	  10.0	  30.0	8.672291e-006	1.165538e+001
asn	  20.0	  30.0	6.931398e-005	9.576864e+000
asn	  30.0	  30.0	4.856750e-004	7.629971e+000
asn	  40.0	  30.0	2.219333e-003	6.110549e+000
asn	  50.0	  30.0	5.592328e-003	5.186360e+000
asn	  60.0	  30.0	7.216241e-003	4.931421e+000
asn	  70.0	  30.0	4.738422e-003	5.352051e+000
asn	  80.0	  30.0	1.720950e-003	6.364879e+000
asn	  90.0	  30.0	4.186438e-004	7.778490e+000
asn	 100.0	  30.0	8.826686e-005	9.335146e+000
asn	 110.0	  30.0	2.098146e-005	1.077187e+001
asn	 120.0	  30.0	6.825955e-006	1.189478e+001
asn	 130.0	  30.0	3.439542e-006	1.258017e+001
asn	 140.0	  30.0	2.910163e-006	1.274730e+001
asn	 150.0	  30.0	4.089124e-006	1.240718e+001
asn	 160.0	  30.0	8.475220e-006	1.167836e+001
asn	 170.0	  30.0	2.167910e-005	1.073916e+001
asn	-180.0	  40.0	8.512582e-005	9.371380e+000
asn	-170.0	  40.0	2.110379e-004	8.463473e+000
asn	-160.0	  40.0	4.630556e-004	7.677663e+000
asn	-150.0	  40.0	8.874164e-004	7.027196e+000
asn	-140.0	  40.0	1.472302e-003	6.520928e+000
asn	-130.0	  40.0	2.101763e-003	6.164979e+000
asn	-120.0	  40.0	2.567395e-003	5.964863e+000
asn	-110.0	  40.0	2.608605e-003	5.948940e+000
asn	-100.0	  40.0	2.113885e-003	6.159228e+000
asn	 -90.0	  40.0	1.385504e-003	6.581691e+000
asn	 -80.0	  40.0	7.715470e-004	7.167113e+000
asn	 -70.0	  40.0	3.593675e-004	7.931165e+000
asn	 -60.0	  40.0	1.320059e-004	8.932664e+000
asn	 -50.0	  40.0	3.710656e-005	1.020172e+001
asn	 -40.0	  40.0	8.176075e-006	1.171430e+001
asn	 -30.0	  40.0	1.589444e-006	1.335213e+001
asn	 -20.0	  40.0	4.827137e-007	1.454384e+001
asn	 -10.0	  40.0	6.620933e-007	1.422786e+001
asn	   0.0	  40.0	2.924386e-006	1.274243e+001
asn	  10.0	  40.0	1.996009e-005	1.082178e+001
asn	  20.0	  40.0	1.407621e-004	8.868439e+000
asn	  30.0	  40.0	8.205772e-004	7.105503e+000
asn	  40.0	  40.0	3.127759e-003	5.767438e+000
asn	  50.0	  40.0	6.656213e-003	5.012205e+000
asn	  60.0	  40.0	7.344311e-003	4.913829e+000
asn	  70.0	  40.0	4.123325e-003	5.491095e+000
asn	  80.0	  40.0	1.244981e-003	6.688635e+000
asn	  90.0	  40.0	2.416275e-004	8.328113e+000
asn	 100.0	  40.0	4.154795e-005	1.008866e+001
asn	 110.0	  40.0	9.458248e-006	1.156862e+001
asn	 120.0	  40.0	3.642151e-006	1.252294e+001
asn	 130.0	  40.0	2.372750e-006	1.295146e+001
asn	 140.0	  40.0	2.577986e-006	1.286850e+001
asn	 150.0	  40.0	4.539184e-006	1.230276e+001
asn	 160.0	  40.0	1.118148e-005	1.140125e+001
asn	 170.0	  40.0	3.123770e-005	1.037388e+001
asn	-180.0	  50.0	1.291655e-004	8.954416e+000
asn	-170.0	  50.0	3.038339e-004	8.099029e+000
asn	-160.0	  50.0	6.042982e-004	7.411443e+000
asn	-150.0	  50.0	1.001773e-003	6.905984e+000
asn	-140.0	  50.0	1.367111e-003	6.595056e+000
asn	-130.0	  50.0	1.530621e-003	6.482082e+000
asn	-120.0	  50.0	1.457076e-003	6.531323e+000
asn	-110.0	  50.0	1.316336e-003	6.632903e+000
asn	-100.0	  50.0	1.270105e-003	6.668656e+000
asn	 -90.0	  50.0	1.231886e-003	6.699209e+000
asn	 -80.0	  50.0	9.817820e-004	6.926141e+000
asn	 -70.0	  50.0	5.594689e-004	7.488523e+000
asn	 -60.0	  50.0	2.194985e-004	8.424165e+000
asn	 -50.0	  50.0	6.076983e-005	9.708417e+000
asn	 -40.0	  50.0	1.268036e-005	1.127546e+001
asn	 -30.0	  50.0	2.311707e-006	1.297752e+001
asn	 -20.0	  50.0	6.864444e-007	1.419174e+001
asn	 -10.0	  50.0	1.045660e-006	1.377086e+001
asn	   0.0	  50.0	4.899813e-006	1.222631e+001
asn	  10.0	  50.0	3.115786e-005	1.037644e+001
asn	  20.0	  50.0	1.894865e-004	8.571193e+000
asn	  30.0	  50.0	9.258301e-004	6.984820e+000
asn	  40.0	  50.0	2.979616e-003	5.815961e+000
asn	  50.0	  50.0	5.429140e-003	5.215974e+000
asn	  60.0	  50.0	5.226752e-003	5.253965e+000
asn	  70.0	  50.0	2.624483e-003	5.942871e+000
asn	  80.0	  50.0	7.203408e-004	7.235786e+000
asn	  90.0	  50.0	1.256417e-004	8.982076e+000
asn	 100.0	  50.0	1.917152e-005	1.086208e+001
asn	 110.0	  50.0	4.436172e-006	1.232572e+001
asn	 120.0	  50.0	2.176707e-006	1.303770e+001
asn	 130.0	  50.0	1.875303e-006	1.318674e+001
asn	 140.0	  50.0	2.619861e-006	1.285239e+001
asn	 150.0	  50.0	5.700728e-006	1.207492e+001
asn	 160.0	  50.0	1.608277e-005	1.103776e+001
asn	 170.0	  50.0	4.755918e-005	9.953536e+000
asn	-180.0	  60.0	1.796224e-004	8.624654e+000
asn	-170.0	  60.0	4.118820e-004	7.794774e+000
asn	-160.0	  60.0	7.819809e-004	7.153680e+000
asn	-150.0	  60.0	1.204405e-003	6.721769e+000
asn	-140.0	  60.0	1.476204e-003	6.518281e+000
asn	-130.0	  60.0	1.432505e-003	6.548330e+000
asn	-120.0	  60.0	1.175301e-003	6.746231e+000
asn	-110.0	  60.0	1.054276e-003	6.854901e+000
asn	-100.0	  60.0	1.289553e-003	6.653460e+000
asn	 -90.0	  60.0	1.587985e-003	6.445289e+000
asn	 -80.0	  60.0	1.422401e-003	6.555409e+000
asn	 -70.0	  60.0	8.344581e-004	7.088728e+000
asn	 -60.0	  60.0	3.197705e-004	8.047907e+000
asn	 -50.0	  60.0	8.381918e-005	9.386849e+000
asn	 -40.0	  60.0	1.653237e-005	1.101019e+001
asn	 -30.0	  60.0	3.074971e-006	1.269222e+001
asn	 -20.0	  60.0	1.045934e-006	1.377060e+001
asn	 -10.0	  60.0	1.451306e-006	1.344305e+001
asn	   0.0	  60.0	5.770575e-006	1.206274e+001
asn	  10.0	  60.0	3.165896e-005	1.036049e+001
asn	  20.0	  60.0	1.633428e-004	8.719660e+000
asn	  30.0	  60.0	6.705730e-004	7.307378e+000
asn	  40.0	  60.0	1.852627e-003	6.291151e+000
asn	  50.0	  60.0	2.981043e-003	5.815482e+000
asn	  60.0	  60.0	2.610182e-003	5.948335e+000
asn	  70.0	  60.0	1.242723e-003	6.690450e+000
asn	  80.0	  60.0	3.410606e-004	7.983450e+000
asn	  90.0	  60.0	6.207869e-005	9.687108e+000
asn	 100.0	  60.0	1.011493e-005	1.150150e+001
asn	 110.0	  60.0	2.717744e-006	1.281571e+001
asn	 120.0	  60.0	1.663775e-006	1.330642e+001
asn	 130.0	  60.0	1.745943e-006	1.325822e+001
asn	 140.0	  60.0	2.933151e-006	1.273943e+001
asn	 150.0	  60.0	7.324161e-006	1.182433e+001
asn	 160.0	  60.0	2.208857e-005	1.072045e+001
asn	 170.0	  60.0	6.657321e-005	9.617208e+000
asn	-180.0	  70.0	2.204140e-004	8.420003e+000
asn	-170.0	  70.0	4.974732e-004	7.605969e+000
asn	-160.0	  70.0	9.300507e-004	6.980271e+000
asn	-150.0	  70.0	1.410332e-003	6.563930e+000
asn	-140.0	  70.0	1.699102e-003	6.377655e+000
asn	-130.0	  70.0	1.624462e-003	6.422579e+000
asn	-120.0	  70.0	1.336982e-003	6.617340e+000
asn	-110.0	  70.0	1.254645e-003	6.680903e+000
asn	-100.0	  70.0	1.635190e-003	6.415996e+000
asn	 -90.0	  70.0	2.086510e-003	6.172262e+000
asn	 -80.0	  70.0	1.881973e-003	6.275434e+000
asn	 -70.0	  70.0	1.085886e-003	6.825359e+000
asn	 -60.0	  70.0	4.007979e-004	7.822053e+000
asn	 -50.0	  70.0	1.003186e-004	9.207159e+000
asn	 -40.0	  70.0	1.995704e-005	1.082193e+001
asn	 -30.0	  70.0	4.639509e-006	1.228090e+001
asn	 -20.0	  70.0	1.971702e-006	1.313661e+001
asn	 -10.0	  70.0	1.918071e-006	1.316419e+001
asn	   0.0	  70.0	5.050088e-006	1.219610e+001
asn	  10.0	  70.0	2.174635e-005	1.073606e+001
asn	  20.0	  70.0	9.281957e-005	9.284853e+000
asn	  30.0	  70.0	3.184348e-004	8.052093e+000
asn	  40.0	  70.0	7.590154e-004	7.183488e+000
asn	  50.0	  70.0	1.104619e-003	6.808255e+000
asn	  60.0	  70.0	9.180832e-004	6.993223e+000
asn	  70.0	  70.0	4.384223e-004	7.732328e+000
asn	  80.0	  70.0	1.288373e-004	8.956960e+000
asn	  90.0	  70.0	2.693642e-005	1.052203e+001
asn	 100.0	  70.0	5.604735e-006	1.209190e+001
asn	 110.0	  70.0	2.090951e-006	1.307789e+001
asn	 120.0	  70.0	1.533254e-006	1.338812e+001
asn	 130.0	  70.0	1.789885e-006	1.323336e+001
asn	 140.0	  70.0	3.359220e-006	1.260380e+001
asn	 150.0	  70.0	9.006588e-006	1.161755e+001
asn	 160.0	  70.0	2.768151e-005	1.049475e+001
asn	 170.0	  70.0	8.287155e-005	9.398219e+000
asn	-180.0	  80.0	2.537741e-004	8.279066e+000
asn	-170.0	  80.0	5.588734e-004	7.489588e+000
asn	-160.0	  80.0	1.027000e-003	6.881113e+000
asn	-150.0	  80.0	1.555719e-003	6.465818e+000
asn	-140.0	  80.0	1.914628e-003	6.258232e+000
asn	-130.0	  80.0	1.935607e-003	6.247334e+000
asn	-120.0	  80.0	1.759236e-003	6.342876e+000
asn	-110.0	  80.0	1.771817e-003	6.335750e+000
asn	-100.0	  80.0	2.217649e-003	6.111308e+000
asn	 -90.0	  80.0	2.671691e-003	5.925044e+000
asn	 -80.0	  80.0	2.321788e-003	6.065418e+000
asn	 -70.0	  80.0	1.299858e-003	6.645500e+000
asn	 -60.0	  80.0	4.687727e-004	7.665393e+000
asn	 -50.0	  80.0	1.204250e-004	9.024484e+000
asn	 -40.0	  80.0	2.967132e-005	1.042533e+001
asn	 -30.0	  80.0	1.031670e-005	1.148175e+001
asn	 -20.0	  80.0	4.811934e-006	1.224441e+001
asn	 -10.0	  80.0	2.979042e-006	1.272391e+001
asn	   0.0	  80.0	4.027261e-006	1.242242e+001
asn	  10.0	  80.0	1.144274e-005	1.137816e+001
asn	  20.0	  80.0	3.787217e-005	1.018129e+001
asn	  30.0	  80.0	1.067052e-004	9.145441e+000
asn	  40.0	  80.0	2.187098e-004	8.427765e+000
asn	  50.0	  80.0	2.906814e-004	8.143283e+000
asn	  60.0	  80.0	2.354932e-004	8.353828e+000
asn	  70.0	  80.0	1.172605e-004	9.051112e+000
asn	  80.0	  80.0	3.881231e-005	1.015677e+001
asn	  90.0	  80.0	1.034651e-005	1.147886e+001
asn	 100.0	  80.0	3.373375e-006	1.259960e+001
asn	 110.0	  80.0	1.870630e-006	1.318924e+001
asn	 120.0	  80.0	1.546225e-006	1.337969e+001
asn	 130.0	  80.0	1.902428e-006	1.317238e+001
asn	 140.0	  80.0	3.823247e-006	1.247441e+001
asn	 150.0	  80.0	1.069653e-005	1.144559e+001
asn	 160.0	  80.0	3.305472e-005	1.031735e+001
asn	 170.0	  80.0	9.758357e-005	9.234801e+000
asn	-180.0	  90.0	2.941567e-004	8.131398e+000
asn	-170.0	  90.0	6.281270e-004	7.372768e+000
asn	-160.0	  90.0	1.120060e-003	6.794373e+000
asn	-150.0	  90.0	1.681528e-003	6.388052e+000
asn	-140.0	  90.0	2.135830e-003	6.148900e+000
asn	-130.0	  90.0	2.368152e-003	6.045646e+000
asn	-120.0	  90.0	2.502375e-003	5.990515e+000
asn	-110.0	  90.0	2.804906e-003	5.876385e+000
asn	-100.0	  90.0	3.400656e-003	5.683787e+000
asn	 -90.0	  90.0	3.800154e-003	5.572714e+000
asn	 -80.0	  90.0	3.136990e-003	5.764492e+000
asn	 -70.0	  90.0	1.717902e-003	6.366651e+000
asn	 -60.0	  90.0	6.464359e-004	7.344037e+000
asn	 -50.0	  90.0	2.036015e-004	8.499346e+000
asn	 -40.0	  90.0	7.198380e-005	9.539069e+000
asn	 -30.0	  90.0	2.997353e-005	1.041520e+001
asn	 -20.0	  90.0	1.267378e-005	1.127597e+001
asn	 -10.0	  90.0	5.588647e-006	1.209477e+001
asn	   0.0	  90.0	3.867914e-006	1.246280e+001
asn	  10.0	  90.0	6.025176e-006	1.201956e+001
asn	  20.0	  90.0	1.360135e-005	1.120534e+001
asn	  30.0	  90.0	2.946194e-005	1.043241e+001
asn	  40.0	  90.0	5.047595e-005	9.894014e+000
asn	  50.0	  90.0	6.092637e-005	9.705845e+000
asn	  60.0	  90.0	4.893452e-005	9.925028e+000
asn	  70.0	  90.0	2.667808e-005	1.053167e+001
asn	  80.0	  90.0	1.118885e-005	1.140059e+001
asn	  90.0	  90.0	4.744826e-006	1.225846e+001
asn	 100.0	  90.0	2.646642e-006	1.284222e+001
asn	 110.0	  90.0	1.886533e-006	1.318077e+001
asn	 120.0	  90.0	1.639919e-006	1.332086e+001
asn	 130.0	  90.0	2.072414e-006	1.308680e+001
asn	 140.0	  90.0	4.362215e-006	1.234253e+001
asn	 150.0	  90.0	1.259309e-005	1.128236e+001
asn	 160.0	  90.0	3.926685e-005	1.014513e+001
asn	 170.0	  90.0	1.152849e-004	9.068104e+000
asn	-180.0	 100.0	3.354164e-004	8.000138e+000
asn	-170.0	 100.0	7.037280e-004	7.259119e+000
asn	-160.0	 100.0	1.225415e-003	6.704475e+000
asn	-150.0	 100.0	1.818591e-003	6.309693e+000
asn	-140.0	 100.0	2.375011e-003	6.042753e+000
asn	-130.0	 100.0	2.873750e-003	5.852138e+000
asn	-120.0	 100.0	3.451358e-003	5.668988e+000
asn	-110.0	 100.0	4.248707e-003	5.461141e+000
asn	-100.0	 100.0	5.202004e-003	5.258711e+000
asn	 -90.0	 100.0	5.688200e-003	5.169361e+000
asn	 -80.0	 100.0	4.719404e-003	5.356073e+000
asn	 -70.0	 100.0	2.751281e-003	5.895689e+000
asn	 -60.0	 100.0	1.240176e-003	6.692502e+000
asn	 -50.0	 100.0	5.227226e-004	7.556460e+000
asn	 -40.0	 100.0	2.181214e-004	8.430459e+000
asn	 -30.0	 100.0	8.451465e-005	9.378586e+000
asn	 -20.0	 100.0	2.997867e-005	1.041502e+001
asn	 -10.0	 100.0	1.048520e-005	1.146555e+001
asn	   0.0	 100.0	4.671017e-006	1.227413e+001
asn	  10.0	 100.0	4.137438e-006	1.239543e+001
asn	  20.0	 100.0	6.134177e-006	1.200163e+001
asn	  30.0	 100.0	9.669095e-006	1.154658e+001
asn	  40.0	 100.0	1.324006e-005	1.123226e+001
asn	  50.0	 100.0	1.437963e-005	1.114970e+001
asn	  60.0	 100.0	1.204546e-005	1.132682e+001
asn	  70.0	 100.0	8.238488e-006	1.170669e+001
asn	  80.0	 100.0	5.291899e-006	1.214933e+001
asn	  90.0	 100.0	3.622276e-006	1.252841e+001
asn	 100.0	 100.0	2.671147e-006	1.283300e+001
asn	 110.0	 100.0	2.071949e-006	1.308702e+001
asn	 120.0	 100.0	1.830962e-006	1.321067e+001
asn	 130.0	 100.0	2.350825e-006	1.296074e+001
asn	 140.0	 100.0	5.043404e-006	1.219743e+001
asn	 150.0	 100.0	1.460645e-005	1.113405e+001
asn	 160.0	 100.0	4.534405e-005	1.000123e+001
asn	 170.0	 100.0	1.325316e-004	8.928690e+000
asn	-180.0	 110.0	3.526726e-004	7.949971e+000
asn	-170.0	 110.0	7.403446e-004	7.208395e+000
asn	-160.0	 110.0	1.281479e-003	6.659740e+000
asn	-150.0	 110.0	1.879902e-003	6.276536e+000
asn	-140.0	 110.0	2.459135e-003	6.007945e+000
asn	-130.0	 110.0	3.072858e-003	5.785147e+000
asn	-120.0	 110.0	3.879925e-003	5.551939e+000
asn	-110.0	 110.0	4.954778e-003	5.307403e+000
asn	-100.0	 110.0	6.145852e-003	5.091978e+000
asn	 -90.0	 110.0	6.907539e-003	4.975142e+000
asn	 -80.0	 110.0	6.289742e-003	5.068835e+000
asn	 -70.0	 110.0	4.440455e-003	5.416998e+000
asn	 -60.0	 110.0	2.639477e-003	5.937174e+000
asn	 -50.0	 110.0	1.365153e-003	6.596489e+000
asn	 -40.0	 110.0	5.742570e-004	7.462434e+000
asn	 -30.0	 110.0	1.945517e-004	8.544812e+000
asn	 -20.0	 110.0	5.730981e-005	9.767039e+000
asn	 -10.0	 110.0	1.671142e-005	1.099942e+001
asn	   0.0	 110.0	5.838519e-006	1.205103e+001
asn	  10.0	 110.0	3.593923e-006	1.253627e+001
asn	  20.0	 110.0	4.035768e-006	1.242031e+001
asn	  30.0	 110.0	5.276515e-006	1.215224e+001
asn	  40.0	 110.0	6.399575e-006	1.195928e+001
asn	  50.0	 110.0	6.824139e-006	1.189504e+001
asn	  60.0	 110.0	6.454066e-006	1.195080e+001
asn	  70.0	 110.0	5.636238e-006	1.208629e+001
asn	  80.0	 110.0	4.729036e-006	1.226179e+001
asn	  90.0	 110.0	3.864139e-006	1.246377e+001
asn	 100.0	 110.0	3.073061e-006	1.269284e+001
asn	 110.0	 110.0	2.438383e-006	1.292418e+001
asn	 120.0	 110.0	2.168902e-006	1.304129e+001
asn	 130.0	 110.0	2.797711e-006	1.278671e+001
asn	 140.0	 110.0	5.903386e-006	1.203998e+001
asn	 150.0	 110.0	1.640928e-005	1.101766e+001
asn	 160.0	 110.0	4.895576e-005	9.924594e+000
asn	 170.0	 110.0	1.400094e-004	8.873801e+000
asn	-180.0	 120.0	3.422047e-004	7.980101e+000
asn	-170.0	 120.0	7.268928e-004	7.226732e+000
asn	-160.0	 120.0	1.261848e-003	6.675178e+000
asn	-150.0	 120.0	1.810763e-003	6.314007e+000
asn	-140.0	 120.0	2.275897e-003	6.085381e+000
asn	-130.0	 120.0	2.739602e-003	5.899943e+000
asn	-120.0	 120.0	3.369658e-003	5.692944e+000
asn	-110.0	 120.0	4.223252e-003	5.467150e+000
asn	-100.0	 120.0	5.227600e-003	5.253803e+000
asn	 -90.0	 120.0	6.213802e-003	5.080982e+000
asn	 -80.0	 120.0	6.693453e-003	5.006625e+000
asn	 -70.0	 120.0	6.236101e-003	5.077400e+000
asn	 -60.0	 120.0	4.837597e-003	5.331337e+000
asn	 -50.0	 120.0	2.800341e-003	5.878014e+000
asn	 -40.0	 120.0	1.133526e-003	6.782422e+000
asn	 -30.0	 120.0	3.380496e-004	7.992318e+000
asn	 -20.0	 120.0	8.388901e-005	9.386016e+000
asn	 -10.0	 120.0	2.089263e-005	1.077611e+001
asn	   0.0	 120.0	6.441528e-006	1.195274e+001
asn	  10.0	 120.0	3.397362e-006	1.259251e+001
asn	  20.0	 120.0	3.391663e-006	1.259419e+001
asn	  30.0	 120.0	4.248973e-006	1.236883e+001
asn	  40.0	 120.0	5.201750e-006	1.216652e+001
asn	  50.0	 120.0	5.885024e-006	1.204310e+001
asn	  60.0	 120.0	6.151359e-006	1.199884e+001
asn	  70.0	 120.0	5.995773e-006	1.202446e+001
asn	  80.0	 120.0	5.478418e-006	1.211469e+001
asn	  90.0	 120.0	4.700477e-006	1.226785e+001
asn	 100.0	 120.0	3.816386e-006	1.247621e+001
asn	 110.0	 120.0	3.039857e-006	1.270370e+001
asn	 120.0	 120.0	2.689678e-006	1.282609e+001
asn	 130.0	 120.0	3.413519e-006	1.258777e+001
asn	 140.0	 120.0	6.882942e-006	1.188646e+001
asn	 150.0	 120.0	1.781407e-005	1.093552e+001
asn	 160.0	 120.0	4.963033e-005	9.910908e+000
asn	 170.0	 120.0	1.365130e-004	8.899091e+000
asn	-180.0	 130.0	3.349346e-004	8.001575e+000
asn	-170.0	 130.0	7.247324e-004	7.229708e+000
asn	-160.0	 130.0	1.257800e-003	6.678391e+000
asn	-150.0	 130.0	1.742057e-003	6.352688e+000
asn	-140.0	 130.0	2.042058e-003	6.193797e+000
asn	-130.0	 130.0	2.262738e-003	6.091180e+000
asn	-120.0	 130.0	2.593370e-003	5.954797e+000
asn	-110.0	 130.0	3.105705e-003	5.774515e+000
asn	-100.0	 130.0	3.829831e-003	5.564934e+000
asn	 -90.0	 130.0	4.908811e-003	5.316724e+000
asn	 -80.0	 130.0	6.404747e-003	5.050716e+000
asn	 -70.0	 130.0	7.587988e-003	4.881189e+000
asn	 -60.0	 130.0	6.872019e-003	4.980297e+000
asn	 -50.0	 130.0	4.103362e-003	5.495949e+000
asn	 -40.0	 130.0	1.572799e-003	6.454899e+000
asn	 -30.0	 130.0	4.226203e-004	7.769036e+000
asn	 -20.0	 130.0	9.130957e-005	9.301255e+000
asn	 -10.0	 130.0	1.998326e-005	1.082062e+001
asn	   0.0	 130.0	5.937447e-006	1.203423e+001
asn	  10.0	 130.0	3.261807e-006	1.263323e+001
asn	  20.0	 130.0	3.358499e-006	1.260402e+001
asn	  30.0	 130.0	4.315154e-006	1.235338e+001
asn	  40.0	 130.0	5.497550e-006	1.211121e+001
asn	  50.0	 130.0	6.556470e-006	1.193506e+001
asn	  60.0	 130.0	7.240212e-006	1.183586e+001
asn	  70.0	 130.0	7.386709e-006	1.181583e+001
asn	  80.0	 130.0	6.957896e-006	1.187563e+001
asn	  90.0	 130.0	6.063746e-006	1.201318e+001
asn	 100.0	 130.0	4.940610e-006	1.221802e+001
asn	 110.0	 130.0	3.904953e-006	1.245326e+001
asn	 120.0	 130.0	3.375157e-006	1.259907e+001
asn	 130.0	 130.0	4.092680e-006	1.240631e+001
asn	 140.0	 130.0	7.749338e-006	1.176790e+001
asn	 150.0	 130.0	1.869769e-005	1.088711e+001
asn	 160.0	 130.0	4.915338e-005	9.920565e+000
asn	 170.0	 130.0	1.321842e-004	8.931314e+000
asn	-180.0	 140.0	3.716477e-004	7.897564e+000
asn	-170.0	 140.0	8.169351e-004	7.109951e+000
asn	-160.0	 140.0	1.391291e-003	6.577523e+000
asn	-150.0	 140.0	1.833319e-003	6.301627e+000
asn	-140.0	 140.0	1.993012e-003	6.218108e+000
asn	-130.0	 140.0	2.029739e-003	6.199848e+000
asn	-120.0	 140.0	2.181953e-003	6.127535e+000
asn	-110.0	 140.0	2.547194e-003	5.972763e+000
asn	-100.0	 140.0	3.185330e-003	5.749199e+000
asn	 -90.0	 140.0	4.319495e-003	5.444617e+000
asn	 -80.0	 140.0	6.227704e-003	5.078748e+000
asn	 -70.0	 140.0	7.971757e-003	4.831850e+000
asn	 -60.0	 140.0	7.251859e-003	4.926497e+000
asn	 -50.0	 140.0	4.135794e-003	5.488076e+000
asn	 -40.0	 140.0	1.476381e-003	6.518162e+000
asn	 -30.0	 140.0	3.648628e-004	7.915989e+000
asn	 -20.0	 140.0	7.188203e-005	9.540484e+000
asn	 -10.0	 140.0	1.466374e-005	1.113013e+001
asn	   0.0	 140.0	4.718180e-006	1.226409e+001
asn	  10.0	 140.0	3.223710e-006	1.264498e+001
asn	  20.0	 140.0	3.764890e-006	1.248979e+001
asn	  30.0	 140.0	5.059181e-006	1.219431e+001
asn	  40.0	 140.0	6.633202e-006	1.192342e+001
asn	  50.0	 140.0	8.123309e-006	1.172077e+001
asn	  60.0	 140.0	9.175952e-006	1.159892e+001
asn	  70.0	 140.0	9.513563e-006	1.156279e+001
asn	  80.0	 140.0	9.040587e-006	1.161379e+001
asn	  90.0	 140.0	7.895447e-006	1.174922e+001
asn	 100.0	 140.0	6.403818e-006	1.195862e+001
asn	 110.0	 140.0	4.985339e-006	1.220901e+001
asn	 120.0	 140.0	4.140978e-006	1.239458e+001
asn	 130.0	 140.0	4.655023e-006	1.227756e+001
asn	 140.0	 140.0	8.175552e-006	1.171436e+001
asn	 150.0	 140.0	1.892383e-005	1.087509e+001
asn	 160.0	 140.0	4.991384e-005	9.905212e+000
asn	 170.0	 140.0	1.401992e-004	8.872446e+000
asn	-180.0	 150.0	4.769123e-004	7.648178e+000
asn	-170.0	 150.0	1.056105e-003	6.853168e+000
asn	-160.0	 150.0	1.735818e-003	6.356277e+000
asn	-150.0	 150.0	2.144083e-003	6.145043e+000
asn	-140.0	 150.0	2.147161e-003	6.143609e+000
asn	-130.0	 150.0	2.012843e-003	6.208207e+000
asn	-120.0	 150.0	2.046898e-003	6.191430e+000
asn	-110.0	 150.0	2.365259e-003	6.046868e+000
asn	-100.0	 150.0	3.003974e-003	5.807819e+000
asn	 -90.0	 150.0	4.078054e-003	5.502135e+000
asn	 -80.0	 150.0	5.693762e-003	5.168384e+000
asn	 -70.0	 150.0	6.821813e-003	4.987630e+000
asn	 -60.0	 150.0	5.653718e-003	5.175442e+000
asn	 -50.0	 150.0	2.925399e-003	5.834325e+000
asn	 -40.0	 150.0	9.545144e-004	6.954308e+000
asn	 -30.0	 150.0	2.177911e-004	8.431974e+000
asn	 -20.0	 150.0	4.060589e-005	1.011160e+001
asn	 -10.0	 150.0	8.540779e-006	1.167066e+001
asn	   0.0	 150.0	3.611474e-006	1.253139e+001
asn	  10.0	 150.0	3.414850e-006	1.258738e+001
asn	  20.0	 150.0	4.526988e-006	1.230545e+001
asn	  30.0	 150.0	6.282037e-006	1.197782e+001
asn	  40.0	 150.0	8.329396e-006	1.169572e+001
asn	  50.0	 150.0	1.026871e-005	1.148641e+001
asn	  60.0	 150.0	1.164629e-005	1.136052e+001
asn	  70.0	 150.0	1.209020e-005	1.132311e+001
asn	  80.0	 150.0	1.147245e-005	1.137556e+001
asn	  90.0	 150.0	9.977778e-006	1.151515e+001
asn	 100.0	 150.0	8.028368e-006	1.173253e+001
asn	 110.0	 150.0	6.139455e-006	1.200077e+001
asn	 120.0	 150.0	4.861421e-006	1.223418e+001
asn	 130.0	 150.0	4.954003e-006	1.221531e+001
asn	 140.0	 150.0	7.997407e-006	1.173639e+001
asn	 150.0	 150.0	1.863928e-005	1.089024e+001
asn	 160.0	 150.0	5.387381e-005	9.828866e+000
asn	 170.0	 150.0	1.688348e-004	8.686590e+000
asn	-180.0	 160.0	6.319387e-004	7.366718e+000
asn	-170.0	 160.0	1.409547e-003	6.564487e+000
asn	-160.0	 160.0	2.254102e-003	6.095003e+000
asn	-150.0	 160.0	2.620273e-003	5.944477e+000
asn	-140.0	 160.0	2.400143e-003	6.032227e+000
asn	-130.0	 160.0	2.030825e-003	6.199313e+000
asn	-120.0	 160.0	1.896459e-003	6.267767e+000
asn	-110.0	 160.0	2.110537e-003	6.160813e+000
asn	-100.0	 160.0	2.676300e-003	5.923320e+000
asn	 -90.0	 160.0	3.538130e-003	5.644157e+000
asn	 -80.0	 160.0	4.474310e-003	5.409403e+000
asn	 -70.0	 160.0	4.672404e-003	5.366082e+000
asn	 -60.0	 160.0	3.396725e-003	5.684943e+000
asn	 -50.0	 160.0	1.572009e-003	6.455401e+000
asn	 -40.0	 160.0	4.662811e-004	7.670722e+000
asn	 -30.0	 160.0	9.758244e-005	9.234813e+000
asn	 -20.0	 160.0	1.755466e-005	1.095019e+001
asn	 -10.0	 160.0	4.515701e-006	1.230795e+001
asn	   0.0	 160.0	3.111751e-006	1.268033e+001
asn	  10.0	 160.0	3.895816e-006	1.245561e+001
asn	  20.0	 160.0	5.555043e-006	1.210080e+001
asn	  30.0	 160.0	7.797229e-006	1.176174e+001
asn	  40.0	 160.0	1.031719e-005	1.148170e+001
asn	  50.0	 160.0	1.265419e-005	1.127752e+001
asn	  60.0	 160.0	1.426294e-005	1.115785e+001
asn	  70.0	 160.0	1.470633e-005	1.112723e+001
asn	  80.0	 160.0	1.385520e-005	1.118685e+001
asn	  90.0	 160.0	1.195798e-005	1.133411e+001
asn	 100.0	 160.0	9.530835e-006	1.156098e+001
asn	 110.0	 160.0	7.163483e-006	1.184651e+001
asn	 120.0	 160.0	5.416011e-006	1.212615e+001
asn	 130.0	 160.0	4.970665e-006	1.221196e+001
asn	 140.0	 160.0	7.366620e-006	1.181855e+001
asn	 150.0	 160.0	1.823239e-005	1.091231e+001
asn	 160.0	 160.0	6.085474e-005	9.707021e+000
asn	 170.0	 160.0	2.128392e-004	8.454974e+000
asn	-180.0	 170.0	7.461882e-004	7.200533e+000
asn	-170.0	 170.0	1.670427e-003	6.394676e+000
asn	-160.0	 170.0	2.634031e-003	5.939240e+000
asn	-150.0	 170.0	2.953064e-003	5.824912e+000
asn	-140.0	 170.0	2.543333e-003	5.974280e+000
asn	-130.0	 170.0	1.971161e-003	6.229133e+000
asn	-120.0	 170.0	1.664289e-003	6.398357e+000
asn	-110.0	 170.0	1.723878e-003	6.363179e+000
asn	-100.0	 170.0	2.135466e-003	6.149071e+000
asn	 -90.0	 170.0	2.732351e-003	5.902593e+000
asn	 -80.0	 170.0	3.103298e-003	5.775290e+000
asn	 -70.0	 170.0	2.761210e-003	5.892086e+000
asn	 -60.0	 170.0	1.730706e-003	6.359226e+000
asn	 -50.0	 170.0	7.174226e-004	7.239845e+000
asn	 -40.0	 170.0	1.961590e-004	8.536585e+000
asn	 -30.0	 170.0	3.816229e-005	1.017366e+001
asn	 -20.0	 170.0	7.027759e-006	1.186564e+001
asn	 -10.0	 170.0	2.897717e-006	1.275159e+001
asn	   0.0	 170.0	3.218540e-006	1.264658e+001
asn	  10.0	 170.0	4.637269e-006	1.228138e+001
asn	  20.0	 170.0	6.773870e-006	1.190244e+001
asn	  30.0	 170.0	9.469567e-006	1.156743e+001
asn	  40.0	 170.0	1.239167e-005	1.129849e+001
asn	  50.0	 170.0	1.500110e-005	1.110739e+001
asn	  60.0	 170.0	1.668200e-005	1.100118e+001
asn	  70.0	 170.0	1.697765e-005	1.098361e+001
asn	  80.0	 170.0	1.580221e-005	1.105536e+001
asn	  90.0	 170.0	1.348726e-005	1.121376e+001
asn	 100.0	 170.0	1.063114e-005	1.145172e+001
asn	 110.0	 170.0	7.866206e-006	1.175293e+001
asn	 120.0	 170.0	5.726266e-006	1.207045e+001
asn	 130.0	 170.0	4.789685e-006	1.224905e+001
asn	 140.0	 170.0	6.556280e-006	1.193509e+001
asn	 150.0	 170.0	1.755784e-005	1.095001e+001
asn	 160.0	 170.0	6.604447e-005	9.625182e+000
asn	 170.0	 170.0	2.457203e-004	8.311317e+000
