asp	-180.0	-180.0	5.021934e-004	7.596525e+000
asp	-170.0	-180.0	9.603885e-004	6.948173e+000
asp	-160.0	-180.0	1.417921e-003	6.558564e+000
asp	-150.0	-180.0	1.603591e-003	6.435510e+000
asp	-140.0	-180.0	1.446666e-003	6.538494e+000
asp	-130.0	-180.0	1.167413e-003	6.752965e+000
asp	-120.0	-180.0	1.036316e-003	6.872083e+000
asp	-110.0	-180.0	1.203687e-003	6.722366e+000
asp	-100.0	-180.0	1.692801e-003	6.381371e+000
asp	 -90.0	-180.0	2.287314e-003	6.080377e+000
asp	 -80.0	-180.0	2.472147e-003	6.002668e+000
asp	 -70.0	-180.0	1.931423e-003	6.249498e+000
asp	 -60.0	-180.0	1.031620e-003	6.876625e+000
asp	 -50.0	-180.0	3.659031e-004	7.913142e+000
asp	 -40.0	-180.0	8.783132e-005	9.340092e+000
asp	 -30.0	-180.0	1.702288e-005	1.098095e+001
asp	 -20.0	-180.0	5.209600e-006	1.216501e+001
asp	 -10.0	-180.0	4.442732e-006	1.232424e+001
asp	   0.0	-180.0	6.108516e-006	1.200583e+001
asp	  10.0	-180.0	9.326660e-006	1.158263e+001
asp	  20.0	-180.0	1.411892e-005	1.116799e+001
asp	  30.0	-180.0	2.022895e-005	1.080840e+001
asp	  40.0	-180.0	2.678580e-005	1.052764e+001
asp	  50.0	-180.0	3.238389e-005	1.033785e+001
asp	  60.0	-180.0	3.558096e-005	1.024370e+001
asp	  70.0	-180.0	3.554698e-005	1.024466e+001
asp	  80.0	-180.0	3.242808e-005	1.033649e+001
asp	  90.0	-180.0	2.719984e-005	1.051230e+001
asp	 100.0	-180.0	2.117783e-005	1.076256e+001
asp	 110.0	-180.0	1.555129e-005	1.107137e+001
asp	 120.0	-180.0	1.122839e-005	1.139706e+001
asp	 130.0	-180.0	9.196923e-006	1.159664e+001
asp	 140.0	-180.0	1.190222e-005	1.133879e+001
asp	 150.0	-180.0	2.713967e-005	1.051451e+001
asp	 160.0	-180.0	7.710587e-005	9.470331e+000
asp	 170.0	-180.0	2.116896e-004	8.460389e+000
asp	-180.0	-170.0	3.941996e-004	7.838653e+000
asp	-170.0	-170.0	7.665270e-004	7.173641e+000
asp	-160.0	-170.0	1.143254e-003	6.773877e+000
asp	-150.0	-170.0	1.298268e-003	6.646724e+000
asp	-140.0	-170.0	1.166069e-003	6.754117e+000
asp	-130.0	-170.0	9.243857e-004	6.986381e+000
asp	-120.0	-170.0	8.003016e-004	7.130522e+000
asp	-110.0	-170.0	9.193463e-004	6.991848e+000
asp	-100.0	-170.0	1.273373e-003	6.666086e+000
asp	 -90.0	-170.0	1.632722e-003	6.417507e+000
asp	 -80.0	-170.0	1.607618e-003	6.433002e+000
asp	 -70.0	-170.0	1.111979e-003	6.801614e+000
asp	 -60.0	-170.0	5.235160e-004	7.554943e+000
asp	 -50.0	-170.0	1.684342e-004	8.688965e+000
asp	 -40.0	-170.0	3.930241e-005	1.014422e+001
asp	 -30.0	-170.0	8.736148e-006	1.164804e+001
asp	 -20.0	-170.0	4.047029e-006	1.241753e+001
asp	 -10.0	-170.0	4.666882e-006	1.227502e+001
asp	   0.0	-170.0	7.186235e-006	1.184334e+001
asp	  10.0	-170.0	1.148671e-005	1.137432e+001
asp	  20.0	-170.0	1.769498e-005	1.094223e+001
asp	  30.0	-170.0	2.540345e-005	1.058063e+001
asp	  40.0	-170.0	3.336781e-005	1.030792e+001
asp	  50.0	-170.0	3.971768e-005	1.013371e+001
asp	  60.0	-170.0	4.270276e-005	1.006125e+001
asp	  70.0	-170.0	4.154439e-005	1.008875e+001
asp	  80.0	-170.0	3.678097e-005	1.021053e+001
asp	  90.0	-170.0	2.989115e-005	1.041795e+001
asp	 100.0	-170.0	2.254970e-005	1.069979e+001
asp	 110.0	-170.0	1.604653e-005	1.104002e+001
asp	 120.0	-170.0	1.115285e-005	1.140382e+001
asp	 130.0	-170.0	8.490420e-006	1.167657e+001
asp	 140.0	-170.0	9.669797e-006	1.154650e+001
asp	 150.0	-170.0	2.036724e-005	1.080158e+001
asp	 160.0	-170.0	5.777515e-005	9.758952e+000
asp	 170.0	-170.0	1.623539e-004	8.725732e+000
asp	-180.0	-160.0	2.426112e-004	8.324051e+000
asp	-170.0	-160.0	4.728124e-004	7.656812e+000
asp	-160.0	-160.0	7.093647e-004	7.251141e+000
asp	-150.0	-160.0	8.148365e-004	7.112523e+000
asp	-140.0	-160.0	7.446385e-004	7.202612e+000
asp	-130.0	-160.0	6.010584e-004	7.416818e+000
asp	-120.0	-160.0	5.219581e-004	7.557923e+000
asp	-110.0	-160.0	5.827034e-004	7.447832e+000
asp	-100.0	-160.0	7.646425e-004	7.176102e+000
asp	 -90.0	-160.0	9.193125e-004	6.991884e+000
asp	 -80.0	-160.0	8.466918e-004	7.074174e+000
asp	 -70.0	-160.0	5.485932e-004	7.508153e+000
asp	 -60.0	-160.0	2.444420e-004	8.316532e+000
asp	 -50.0	-160.0	7.703196e-005	9.471290e+000
asp	 -40.0	-160.0	1.929684e-005	1.085557e+001
asp	 -30.0	-160.0	5.719940e-006	1.207155e+001
asp	 -20.0	-160.0	3.927685e-006	1.244746e+001
asp	 -10.0	-160.0	5.276031e-006	1.215234e+001
asp	   0.0	-160.0	8.517851e-006	1.167335e+001
asp	  10.0	-160.0	1.387772e-005	1.118523e+001
asp	  20.0	-160.0	2.150081e-005	1.074742e+001
asp	  30.0	-160.0	3.077795e-005	1.038871e+001
asp	  40.0	-160.0	4.004771e-005	1.012544e+001
asp	  50.0	-160.0	4.695648e-005	9.966289e+000
asp	  60.0	-160.0	4.947691e-005	9.914005e+000
asp	  70.0	-160.0	4.695652e-005	9.966288e+000
asp	  80.0	-160.0	4.040384e-005	1.011659e+001
asp	  90.0	-160.0	3.183685e-005	1.035489e+001
asp	 100.0	-160.0	2.327222e-005	1.066825e+001
asp	 110.0	-160.0	1.605360e-005	1.103958e+001
asp	 120.0	-160.0	1.077419e-005	1.143836e+001
asp	 130.0	-160.0	7.673857e-006	1.177769e+001
asp	 140.0	-160.0	7.501086e-006	1.180046e+001
asp	 150.0	-160.0	1.349330e-005	1.121332e+001
asp	 160.0	-160.0	3.603617e-005	1.023099e+001
asp	 170.0	-160.0	1.000133e-004	9.210208e+000
asp	-180.0	-150.0	1.201656e-004	9.026640e+000
asp	-170.0	-150.0	2.313031e-004	8.371782e+000
asp	-160.0	-150.0	3.480451e-004	7.963179e+000
asp	-150.0	-150.0	4.076994e-004	7.804980e+000
asp	-140.0	-150.0	3.865774e-004	7.858178e+000
asp	-130.0	-150.0	3.265773e-004	8.026844e+000
asp	-120.0	-150.0	2.889738e-004	8.149174e+000
asp	-110.0	-150.0	3.068046e-004	8.089300e+000
asp	-100.0	-150.0	3.664997e-004	7.911513e+000
asp	 -90.0	-150.0	4.033515e-004	7.815702e+000
asp	 -80.0	-150.0	3.483121e-004	7.962412e+000
asp	 -70.0	-150.0	2.176903e-004	8.432437e+000
asp	 -60.0	-150.0	9.712215e-005	9.239541e+000
asp	 -50.0	-150.0	3.278683e-005	1.032548e+001
asp	 -40.0	-150.0	1.015832e-005	1.149722e+001
asp	 -30.0	-150.0	4.516496e-006	1.230777e+001
asp	 -20.0	-150.0	4.132853e-006	1.239654e+001
asp	 -10.0	-150.0	5.948233e-006	1.203242e+001
asp	   0.0	-150.0	9.759659e-006	1.153725e+001
asp	  10.0	-150.0	1.597732e-005	1.104434e+001
asp	  20.0	-150.0	2.472672e-005	1.060763e+001
asp	  30.0	-150.0	3.519771e-005	1.025453e+001
asp	  40.0	-150.0	4.535953e-005	1.000089e+001
asp	  50.0	-150.0	5.246961e-005	9.855276e+000
asp	  60.0	-150.0	5.433018e-005	9.820431e+000
asp	  70.0	-150.0	5.047889e-005	9.893955e+000
asp	  80.0	-150.0	4.237845e-005	1.006887e+001
asp	  90.0	-150.0	3.250207e-005	1.033421e+001
asp	 100.0	-150.0	2.310594e-005	1.067542e+001
asp	 110.0	-150.0	1.551726e-005	1.107356e+001
asp	 120.0	-150.0	1.014027e-005	1.149900e+001
asp	 130.0	-150.0	6.900802e-006	1.188387e+001
asp	 140.0	-150.0	5.901293e-006	1.204034e+001
asp	 150.0	-150.0	8.512653e-006	1.167396e+001
asp	 160.0	-150.0	1.963568e-005	1.083816e+001
asp	 170.0	-150.0	5.106040e-005	9.882501e+000
asp	-180.0	-140.0	5.127186e-005	9.878368e+000
asp	-170.0	-140.0	9.553199e-005	9.256049e+000
asp	-160.0	-140.0	1.437350e-004	8.847539e+000
asp	-150.0	-140.0	1.734615e-004	8.659555e+000
asp	-140.0	-140.0	1.741313e-004	8.655701e+000
asp	-130.0	-140.0	1.575436e-004	8.755808e+000
asp	-120.0	-140.0	1.439787e-004	8.845845e+000
asp	-110.0	-140.0	1.445258e-004	8.842052e+000
asp	-100.0	-140.0	1.535438e-004	8.781525e+000
asp	 -90.0	-140.0	1.513205e-004	8.796110e+000
asp	 -80.0	-140.0	1.221057e-004	9.010623e+000
asp	 -70.0	-140.0	7.551078e-005	9.491235e+000
asp	 -60.0	-140.0	3.602856e-005	1.023120e+001
asp	 -50.0	-140.0	1.467300e-005	1.112950e+001
asp	 -40.0	-140.0	6.422023e-006	1.195578e+001
asp	 -30.0	-140.0	4.126291e-006	1.239813e+001
asp	 -20.0	-140.0	4.393651e-006	1.233535e+001
asp	 -10.0	-140.0	6.446817e-006	1.195192e+001
asp	   0.0	-140.0	1.054542e-005	1.145982e+001
asp	  10.0	-140.0	1.717719e-005	1.097193e+001
asp	  20.0	-140.0	2.642397e-005	1.054124e+001
asp	  30.0	-140.0	3.732954e-005	1.019573e+001
asp	  40.0	-140.0	4.764869e-005	9.951655e+000
asp	  50.0	-140.0	5.446657e-005	9.817923e+000
asp	  60.0	-140.0	5.558972e-005	9.797512e+000
asp	  70.0	-140.0	5.077486e-005	9.888109e+000
asp	  80.0	-140.0	4.180399e-005	1.008252e+001
asp	  90.0	-140.0	3.138970e-005	1.036903e+001
asp	 100.0	-140.0	2.184472e-005	1.073155e+001
asp	 110.0	-140.0	1.439554e-005	1.114859e+001
asp	 120.0	-140.0	9.274856e-006	1.158820e+001
asp	 130.0	-140.0	6.203984e-006	1.199032e+001
asp	 140.0	-140.0	4.919335e-006	1.222234e+001
asp	 150.0	-140.0	5.740381e-006	1.206799e+001
asp	 160.0	-140.0	1.045857e-005	1.146809e+001
asp	 170.0	-140.0	2.349802e-005	1.065859e+001
asp	-180.0	-130.0	2.195307e-005	1.072660e+001
asp	-170.0	-130.0	3.803587e-005	1.017698e+001
asp	-160.0	-130.0	5.647853e-005	9.781650e+000
asp	-150.0	-130.0	7.060275e-005	9.558442e+000
asp	-140.0	-130.0	7.616836e-005	9.482564e+000
asp	-130.0	-130.0	7.495366e-005	9.498640e+000
asp	-120.0	-130.0	7.185720e-005	9.540830e+000
asp	-110.0	-130.0	6.976815e-005	9.570333e+000
asp	-100.0	-130.0	6.717281e-005	9.608242e+000
asp	 -90.0	-130.0	5.990740e-005	9.722710e+000
asp	 -80.0	-130.0	4.614862e-005	9.983644e+000
asp	 -70.0	-130.0	2.977487e-005	1.042185e+001
asp	 -60.0	-130.0	1.664105e-005	1.100364e+001
asp	 -50.0	-130.0	8.938010e-006	1.162520e+001
asp	 -40.0	-130.0	5.364822e-006	1.213565e+001
asp	 -30.0	-130.0	4.202944e-006	1.237973e+001
asp	 -20.0	-130.0	4.642042e-006	1.228036e+001
asp	 -10.0	-130.0	6.650963e-006	1.192075e+001
asp	   0.0	-130.0	1.063252e-005	1.145159e+001
asp	  10.0	-130.0	1.705910e-005	1.097883e+001
asp	  20.0	-130.0	2.595378e-005	1.055919e+001
asp	  30.0	-130.0	3.631093e-005	1.022339e+001
asp	  40.0	-130.0	4.589913e-005	9.989064e+000
asp	  50.0	-130.0	5.191936e-005	9.865819e+000
asp	  60.0	-130.0	5.237816e-005	9.857021e+000
asp	  70.0	-130.0	4.723008e-005	9.960480e+000
asp	  80.0	-130.0	3.834920e-005	1.016878e+001
asp	  90.0	-130.0	2.839164e-005	1.046942e+001
asp	 100.0	-130.0	1.951062e-005	1.084455e+001
asp	 110.0	-130.0	1.275729e-005	1.126941e+001
asp	 120.0	-130.0	8.234797e-006	1.170714e+001
asp	 130.0	-130.0	5.577826e-006	1.209671e+001
asp	 140.0	-130.0	4.388356e-006	1.233656e+001
asp	 150.0	-130.0	4.548622e-006	1.230069e+001
asp	 160.0	-130.0	6.523743e-006	1.194006e+001
asp	 170.0	-130.0	1.166720e-005	1.135873e+001
asp	-180.0	-120.0	1.208023e-005	1.132394e+001
asp	-170.0	-120.0	1.853132e-005	1.089605e+001
asp	-160.0	-120.0	2.627207e-005	1.054700e+001
asp	-150.0	-120.0	3.346853e-005	1.030491e+001
asp	-140.0	-120.0	3.848963e-005	1.016512e+001
asp	-130.0	-120.0	4.098787e-005	1.010223e+001
asp	-120.0	-120.0	4.158441e-005	1.008779e+001
asp	-110.0	-120.0	4.070602e-005	1.010913e+001
asp	-100.0	-120.0	3.799769e-005	1.017799e+001
asp	 -90.0	-120.0	3.294004e-005	1.032082e+001
asp	 -80.0	-120.0	2.594065e-005	1.055970e+001
asp	 -70.0	-120.0	1.855915e-005	1.089455e+001
asp	 -60.0	-120.0	1.243163e-005	1.129527e+001
asp	 -50.0	-120.0	8.233654e-006	1.170728e+001
asp	 -40.0	-120.0	5.798259e-006	1.205795e+001
asp	 -30.0	-120.0	4.768057e-006	1.225357e+001
asp	 -20.0	-120.0	4.992587e-006	1.220756e+001
asp	 -10.0	-120.0	6.623688e-006	1.192486e+001
asp	   0.0	-120.0	1.004562e-005	1.150837e+001
asp	  10.0	-120.0	1.564282e-005	1.106550e+001
asp	  20.0	-120.0	2.337313e-005	1.066392e+001
asp	  30.0	-120.0	3.228530e-005	1.034090e+001
asp	  40.0	-120.0	4.038563e-005	1.011704e+001
asp	  50.0	-120.0	4.525268e-005	1.000325e+001
asp	  60.0	-120.0	4.524378e-005	1.000345e+001
asp	  70.0	-120.0	4.044718e-005	1.011551e+001
asp	  80.0	-120.0	3.258568e-005	1.033164e+001
asp	  90.0	-120.0	2.398149e-005	1.063823e+001
asp	 100.0	-120.0	1.644980e-005	1.101520e+001
asp	 110.0	-120.0	1.082519e-005	1.143363e+001
asp	 120.0	-120.0	7.136266e-006	1.185032e+001
asp	 130.0	-120.0	5.031297e-006	1.219983e+001
asp	 140.0	-120.0	4.127764e-006	1.239777e+001
asp	 150.0	-120.0	4.203558e-006	1.237958e+001
asp	 160.0	-120.0	5.294020e-006	1.214893e+001
asp	 170.0	-120.0	7.741010e-006	1.176898e+001
asp	-180.0	-110.0	9.494424e-006	1.156481e+001
asp	-170.0	-110.0	1.312768e-005	1.124079e+001
asp	-160.0	-110.0	1.752737e-005	1.095175e+001
asp	-150.0	-110.0	2.214511e-005	1.071789e+001
asp	-140.0	-110.0	2.632558e-005	1.054497e+001
asp	-130.0	-110.0	2.959379e-005	1.042795e+001
asp	-120.0	-110.0	3.169100e-005	1.035948e+001
asp	-110.0	-110.0	3.238054e-005	1.033795e+001
asp	-100.0	-110.0	3.136969e-005	1.036967e+001
asp	 -90.0	-110.0	2.853201e-005	1.046448e+001
asp	 -80.0	-110.0	2.419906e-005	1.062920e+001
asp	 -70.0	-110.0	1.917897e-005	1.086170e+001
asp	 -60.0	-110.0	1.441701e-005	1.114710e+001
asp	 -50.0	-110.0	1.056941e-005	1.145755e+001
asp	 -40.0	-110.0	7.855677e-006	1.175427e+001
asp	 -30.0	-110.0	6.257036e-006	1.198180e+001
asp	 -20.0	-110.0	5.794116e-006	1.205867e+001
asp	 -10.0	-110.0	6.644349e-006	1.192174e+001
asp	   0.0	-110.0	9.100183e-006	1.160722e+001
asp	  10.0	-110.0	1.340484e-005	1.121989e+001
asp	  20.0	-110.0	1.944172e-005	1.084809e+001
asp	  30.0	-110.0	2.638084e-005	1.054287e+001
asp	  40.0	-110.0	3.260462e-005	1.033106e+001
asp	  50.0	-110.0	3.621565e-005	1.022602e+001
asp	  60.0	-110.0	3.598078e-005	1.023253e+001
asp	  70.0	-110.0	3.204192e-005	1.034847e+001
asp	  80.0	-110.0	2.579535e-005	1.056532e+001
asp	  90.0	-110.0	1.906019e-005	1.086791e+001
asp	 100.0	-110.0	1.322631e-005	1.123330e+001
asp	 110.0	-110.0	8.912918e-006	1.162801e+001
asp	 120.0	-110.0	6.125374e-006	1.200307e+001
asp	 130.0	-110.0	4.590063e-006	1.229162e+001
asp	 140.0	-110.0	4.014925e-006	1.242549e+001
asp	 150.0	-110.0	4.212837e-006	1.237737e+001
asp	 160.0	-110.0	5.132966e-006	1.217983e+001
asp	 170.0	-110.0	6.847982e-006	1.189156e+001
asp	-180.0	-100.0	9.110493e-006	1.160608e+001
asp	-170.0	-100.0	1.207578e-005	1.132431e+001
asp	-160.0	-100.0	1.568127e-005	1.106304e+001
asp	-150.0	-100.0	1.975742e-005	1.083198e+001
asp	-140.0	-100.0	2.405554e-005	1.063515e+001
asp	-130.0	-100.0	2.828397e-005	1.047322e+001
asp	-120.0	-100.0	3.208707e-005	1.034706e+001
asp	-110.0	-100.0	3.498080e-005	1.026071e+001
asp	-100.0	-100.0	3.634366e-005	1.022249e+001
asp	 -90.0	-100.0	3.557710e-005	1.024381e+001
asp	 -80.0	-100.0	3.248505e-005	1.033473e+001
asp	 -70.0	-100.0	2.763268e-005	1.049651e+001
asp	 -60.0	-100.0	2.217074e-005	1.071674e+001
asp	 -50.0	-100.0	1.712048e-005	1.097524e+001
asp	 -40.0	-100.0	1.292344e-005	1.125647e+001
asp	 -30.0	-100.0	9.713088e-006	1.154204e+001
asp	 -20.0	-100.0	7.704655e-006	1.177369e+001
asp	 -10.0	-100.0	7.166597e-006	1.184608e+001
asp	   0.0	-100.0	8.268504e-006	1.170306e+001
asp	  10.0	-100.0	1.103407e-005	1.141452e+001
asp	  20.0	-100.0	1.522300e-005	1.109270e+001
asp	  30.0	-100.0	2.012140e-005	1.081373e+001
asp	  40.0	-100.0	2.450323e-005	1.061671e+001
asp	  50.0	-100.0	2.699663e-005	1.051980e+001
asp	  60.0	-100.0	2.674197e-005	1.052928e+001
asp	  70.0	-100.0	2.386734e-005	1.064300e+001
asp	  80.0	-100.0	1.937728e-005	1.085141e+001
asp	  90.0	-100.0	1.455812e-005	1.113736e+001
asp	 100.0	-100.0	1.038655e-005	1.147500e+001
asp	 110.0	-100.0	7.301781e-006	1.182739e+001
asp	 120.0	-100.0	5.321196e-006	1.214381e+001
asp	 130.0	-100.0	4.273687e-006	1.236303e+001
asp	 140.0	-100.0	3.977453e-006	1.243487e+001
asp	 150.0	-100.0	4.319581e-006	1.235235e+001
asp	 160.0	-100.0	5.267453e-006	1.215396e+001
asp	 170.0	-100.0	6.847950e-006	1.189156e+001
asp	-180.0	 -90.0	9.212249e-006	1.159498e+001
asp	-170.0	 -90.0	1.216889e-005	1.131663e+001
asp	-160.0	 -90.0	1.591105e-005	1.104850e+001
asp	-150.0	 -90.0	2.051101e-005	1.079455e+001
asp	-140.0	 -90.0	2.603059e-005	1.055624e+001
asp	-130.0	 -90.0	3.244523e-005	1.033596e+001
asp	-120.0	 -90.0	3.949816e-005	1.013926e+001
asp	-110.0	 -90.0	4.650792e-005	9.975888e+000
asp	-100.0	 -90.0	5.220485e-005	9.860335e+000
asp	 -90.0	 -90.0	5.491862e-005	9.809658e+000
asp	 -80.0	 -90.0	5.351997e-005	9.835456e+000
asp	 -70.0	 -90.0	4.845836e-005	9.934806e+000
asp	 -60.0	 -90.0	4.128718e-005	1.009496e+001
asp	 -50.0	 -90.0	3.323430e-005	1.031193e+001
asp	 -40.0	 -90.0	2.501736e-005	1.059594e+001
asp	 -30.0	 -90.0	1.753036e-005	1.095158e+001
asp	 -20.0	 -90.0	1.188553e-005	1.134019e+001
asp	 -10.0	 -90.0	8.735157e-006	1.164815e+001
asp	   0.0	 -90.0	7.965238e-006	1.174042e+001
asp	  10.0	 -90.0	9.096448e-006	1.160763e+001
asp	  20.0	 -90.0	1.158201e-005	1.136606e+001
asp	  30.0	 -90.0	1.472558e-005	1.112592e+001
asp	  40.0	 -90.0	1.760326e-005	1.094743e+001
asp	  50.0	 -90.0	1.926279e-005	1.085734e+001
asp	  60.0	 -90.0	1.912264e-005	1.086464e+001
asp	  70.0	 -90.0	1.725516e-005	1.096740e+001
asp	  80.0	 -90.0	1.430204e-005	1.115511e+001
asp	  90.0	 -90.0	1.109316e-005	1.140918e+001
asp	 100.0	 -90.0	8.272622e-006	1.170256e+001
asp	 110.0	 -90.0	6.152374e-006	1.199867e+001
asp	 120.0	 -90.0	4.779765e-006	1.225112e+001
asp	 130.0	 -90.0	4.080469e-006	1.240930e+001
asp	 140.0	 -90.0	3.969972e-006	1.243675e+001
asp	 150.0	 -90.0	4.405253e-006	1.233271e+001
asp	 160.0	 -90.0	5.392710e-006	1.213046e+001
asp	 170.0	 -90.0	6.974957e-006	1.187318e+001
asp	-180.0	 -80.0	9.312750e-006	1.158413e+001
asp	-170.0	 -80.0	1.251236e-005	1.128879e+001
asp	-160.0	 -80.0	1.686402e-005	1.099033e+001
asp	-150.0	 -80.0	2.275631e-005	1.069067e+001
asp	-140.0	 -80.0	3.067088e-005	1.039220e+001
asp	-130.0	 -80.0	4.103465e-005	1.010109e+001
asp	-120.0	 -80.0	5.393943e-005	9.827649e+000
asp	-110.0	 -80.0	6.867624e-005	9.586107e+000
asp	-100.0	 -80.0	8.317630e-005	9.394548e+000
asp	 -90.0	 -80.0	9.432741e-005	9.268739e+000
asp	 -80.0	 -80.0	1.002436e-004	9.207908e+000
asp	 -70.0	 -80.0	1.015743e-004	9.194720e+000
asp	 -60.0	 -80.0	9.686590e-005	9.242183e+000
asp	 -50.0	 -80.0	8.155207e-005	9.414269e+000
asp	 -40.0	 -80.0	5.822892e-005	9.751128e+000
asp	 -30.0	 -80.0	3.607254e-005	1.022998e+001
asp	 -20.0	 -80.0	2.052345e-005	1.079394e+001
asp	 -10.0	 -80.0	1.191856e-005	1.133741e+001
asp	   0.0	 -80.0	8.367907e-006	1.169111e+001
asp	  10.0	 -80.0	7.819513e-006	1.175889e+001
asp	  20.0	 -80.0	8.911730e-006	1.162814e+001
asp	  30.0	 -80.0	1.075876e-005	1.143979e+001
asp	  40.0	 -80.0	1.259741e-005	1.128202e+001
asp	  50.0	 -80.0	1.375081e-005	1.119441e+001
asp	  60.0	 -80.0	1.380582e-005	1.119042e+001
asp	  70.0	 -80.0	1.275709e-005	1.126942e+001
asp	  80.0	 -80.0	1.095626e-005	1.142160e+001
asp	  90.0	 -80.0	8.897720e-006	1.162972e+001
asp	 100.0	 -80.0	7.000365e-006	1.186955e+001
asp	 110.0	 -80.0	5.506900e-006	1.210951e+001
asp	 120.0	 -80.0	4.503802e-006	1.231059e+001
asp	 130.0	 -80.0	3.994329e-006	1.243063e+001
asp	 140.0	 -80.0	3.964920e-006	1.243802e+001
asp	 150.0	 -80.0	4.422978e-006	1.232870e+001
asp	 160.0	 -80.0	5.409899e-006	1.212728e+001
asp	 170.0	 -80.0	7.001877e-006	1.186933e+001
asp	-180.0	 -70.0	9.335919e-006	1.158164e+001
asp	-170.0	 -70.0	1.295342e-005	1.125415e+001
asp	-160.0	 -70.0	1.831161e-005	1.090798e+001
asp	-150.0	 -70.0	2.625728e-005	1.054757e+001
asp	-140.0	 -70.0	3.790146e-005	1.018052e+001
asp	-130.0	 -70.0	5.447475e-005	9.817773e+000
asp	-120.0	 -70.0	7.700936e-005	9.471584e+000
asp	-110.0	 -70.0	1.055252e-004	9.156561e+000
asp	-100.0	 -70.0	1.379726e-004	8.888456e+000
asp	 -90.0	 -70.0	1.719212e-004	8.668474e+000
asp	 -80.0	 -70.0	2.116801e-004	8.460435e+000
asp	 -70.0	 -70.0	2.655342e-004	8.233767e+000
asp	 -60.0	 -70.0	3.044608e-004	8.096968e+000
asp	 -50.0	 -70.0	2.657523e-004	8.232946e+000
asp	 -40.0	 -70.0	1.666888e-004	8.699382e+000
asp	 -30.0	 -70.0	8.266868e-005	9.400670e+000
asp	 -20.0	 -70.0	3.725721e-005	1.019767e+001
asp	 -10.0	 -70.0	1.704716e-005	1.097953e+001
asp	   0.0	 -70.0	9.304448e-006	1.158502e+001
asp	  10.0	 -70.0	7.082666e-006	1.185786e+001
asp	  20.0	 -70.0	7.176635e-006	1.184468e+001
asp	  30.0	 -70.0	8.226266e-006	1.170818e+001
asp	  40.0	 -70.0	9.500387e-006	1.156418e+001
asp	  50.0	 -70.0	1.047573e-005	1.146645e+001
asp	  60.0	 -70.0	1.081150e-005	1.143490e+001
asp	  70.0	 -70.0	1.040149e-005	1.147356e+001
asp	  80.0	 -70.0	9.370749e-006	1.157792e+001
asp	  90.0	 -70.0	7.994823e-006	1.173672e+001
asp	 100.0	 -70.0	6.579386e-006	1.193157e+001
asp	 110.0	 -70.0	5.363093e-006	1.213597e+001
asp	 120.0	 -70.0	4.484593e-006	1.231486e+001
asp	 130.0	 -70.0	4.005580e-006	1.242782e+001
asp	 140.0	 -70.0	3.955070e-006	1.244051e+001
asp	 150.0	 -70.0	4.368004e-006	1.234120e+001
asp	 160.0	 -70.0	5.310702e-006	1.214579e+001
asp	 170.0	 -70.0	6.900547e-006	1.188391e+001
asp	-180.0	 -60.0	9.346247e-006	1.158054e+001
asp	-170.0	 -60.0	1.359197e-005	1.120603e+001
asp	-160.0	 -60.0	2.043324e-005	1.079835e+001
asp	-150.0	 -60.0	3.136592e-005	1.036979e+001
asp	-140.0	 -60.0	4.845858e-005	9.934801e+000
asp	-130.0	 -60.0	7.443353e-005	9.505604e+000
asp	-120.0	 -60.0	1.125760e-004	9.091882e+000
asp	-110.0	 -60.0	1.655594e-004	8.706180e+000
asp	-100.0	 -60.0	2.348273e-004	8.356660e+000
asp	 -90.0	 -60.0	3.312459e-004	8.012650e+000
asp	 -80.0	 -60.0	5.074085e-004	7.586194e+000
asp	 -70.0	 -60.0	8.325383e-004	7.091031e+000
asp	 -60.0	 -60.0	1.120939e-003	6.793588e+000
asp	 -50.0	 -60.0	9.668817e-004	6.941434e+000
asp	 -40.0	 -60.0	5.125891e-004	7.576036e+000
asp	 -30.0	 -60.0	1.920033e-004	8.557998e+000
asp	 -20.0	 -60.0	6.443208e-005	9.649899e+000
asp	 -10.0	 -60.0	2.308020e-005	1.067654e+001
asp	   0.0	 -60.0	1.014169e-005	1.149886e+001
asp	  10.0	 -60.0	6.564436e-006	1.193384e+001
asp	  20.0	 -60.0	6.140960e-006	1.200053e+001
asp	  30.0	 -60.0	6.885001e-006	1.188617e+001
asp	  40.0	 -60.0	8.059377e-006	1.172867e+001
asp	  50.0	 -60.0	9.228843e-006	1.159318e+001
asp	  60.0	 -60.0	1.003591e-005	1.150934e+001
asp	  70.0	 -60.0	1.020268e-005	1.149286e+001
asp	  80.0	 -60.0	9.632854e-006	1.155033e+001
asp	  90.0	 -60.0	8.483059e-006	1.167744e+001
asp	 100.0	 -60.0	7.082874e-006	1.185783e+001
asp	 110.0	 -60.0	5.763363e-006	1.206399e+001
asp	 120.0	 -60.0	4.743961e-006	1.225864e+001
asp	 130.0	 -60.0	4.127663e-006	1.239780e+001
asp	 140.0	 -60.0	3.954816e-006	1.244058e+001
asp	 150.0	 -60.0	4.261902e-006	1.236580e+001
asp	 160.0	 -60.0	5.127695e-006	1.218085e+001
asp	 170.0	 -60.0	6.717046e-006	1.191086e+001
asp	-180.0	 -50.0	9.468500e-006	1.156754e+001
asp	-170.0	 -50.0	1.467210e-005	1.112956e+001
asp	-160.0	 -50.0	2.371789e-005	1.064928e+001
asp	-150.0	 -50.0	3.905920e-005	1.015043e+001
asp	-140.0	 -50.0	6.438498e-005	9.650630e+000
asp	-130.0	 -50.0	1.054363e-004	9.157404e+000
asp	-120.0	 -50.0	1.706231e-004	8.676054e+000
asp	-110.0	 -50.0	2.694353e-004	8.219182e+000
asp	-100.0	 -50.0	4.155666e-004	7.785868e+000
asp	 -90.0	 -50.0	6.753508e-004	7.300278e+000
asp	 -80.0	 -50.0	1.303434e-003	6.642753e+000
asp	 -70.0	 -50.0	2.596423e-003	5.953621e+000
asp	 -60.0	 -50.0	3.663684e-003	5.609286e+000
asp	 -50.0	 -50.0	2.911370e-003	5.839132e+000
asp	 -40.0	 -50.0	1.289242e-003	6.653701e+000
asp	 -30.0	 -50.0	3.713374e-004	7.898400e+000
asp	 -20.0	 -50.0	9.241008e-005	9.289275e+000
asp	 -10.0	 -50.0	2.623661e-005	1.054835e+001
asp	   0.0	 -50.0	9.903119e-006	1.152266e+001
asp	  10.0	 -50.0	5.970701e-006	1.202865e+001
asp	  20.0	 -50.0	5.600084e-006	1.209273e+001
asp	  30.0	 -50.0	6.532294e-006	1.193875e+001
asp	  40.0	 -50.0	8.154146e-006	1.171698e+001
asp	  50.0	 -50.0	1.011935e-005	1.150106e+001
asp	  60.0	 -50.0	1.190540e-005	1.133852e+001
asp	  70.0	 -50.0	1.281685e-005	1.126475e+001
asp	  80.0	 -50.0	1.241123e-005	1.129691e+001
asp	  90.0	 -50.0	1.086731e-005	1.142975e+001
asp	 100.0	 -50.0	8.811850e-006	1.163941e+001
asp	 110.0	 -50.0	6.858043e-006	1.189009e+001
asp	 120.0	 -50.0	5.350586e-006	1.213830e+001
asp	 130.0	 -50.0	4.395535e-006	1.233492e+001
asp	 140.0	 -50.0	3.991092e-006	1.243145e+001
asp	 150.0	 -50.0	4.136500e-006	1.239566e+001
asp	 160.0	 -50.0	4.906083e-006	1.222503e+001
asp	 170.0	 -50.0	6.522029e-006	1.194032e+001
asp	-180.0	 -40.0	9.934859e-006	1.151946e+001
asp	-170.0	 -40.0	1.674443e-005	1.099744e+001
asp	-160.0	 -40.0	2.937057e-005	1.043552e+001
asp	-150.0	 -40.0	5.180304e-005	9.868062e+000
asp	-140.0	 -40.0	9.063769e-005	9.308640e+000
asp	-130.0	 -40.0	1.575339e-004	8.755870e+000
asp	-120.0	 -40.0	2.722450e-004	8.208808e+000
asp	-110.0	 -40.0	4.619733e-004	7.680003e+000
asp	-100.0	 -40.0	7.745477e-004	7.163231e+000
asp	 -90.0	 -40.0	1.424148e-003	6.554182e+000
asp	 -80.0	 -40.0	3.189093e-003	5.748019e+000
asp	 -70.0	 -40.0	6.724484e-003	5.002000e+000
asp	 -60.0	 -40.0	8.866532e-003	4.725472e+000
asp	 -50.0	 -40.0	6.038815e-003	5.109547e+000
asp	 -40.0	 -40.0	2.159548e-003	6.137856e+000
asp	 -30.0	 -40.0	4.861315e-004	7.629031e+000
asp	 -20.0	 -40.0	9.410213e-005	9.271130e+000
asp	 -10.0	 -40.0	2.248297e-005	1.070275e+001
asp	   0.0	 -40.0	8.145987e-006	1.171799e+001
asp	  10.0	 -40.0	5.265871e-006	1.215426e+001
asp	  20.0	 -40.0	5.503932e-006	1.211005e+001
asp	  30.0	 -40.0	7.200323e-006	1.184138e+001
asp	  40.0	 -40.0	1.020903e-005	1.149224e+001
asp	  50.0	 -40.0	1.435521e-005	1.115140e+001
asp	  60.0	 -40.0	1.851956e-005	1.089668e+001
asp	  70.0	 -40.0	2.076281e-005	1.078235e+001
asp	  80.0	 -40.0	1.988972e-005	1.082531e+001
asp	  90.0	 -40.0	1.656565e-005	1.100818e+001
asp	 100.0	 -40.0	1.248037e-005	1.129135e+001
asp	 110.0	 -40.0	8.934885e-006	1.162555e+001
asp	 120.0	 -40.0	6.400921e-006	1.195907e+001
asp	 130.0	 -40.0	4.841076e-006	1.223837e+001
asp	 140.0	 -40.0	4.083332e-006	1.240860e+001
asp	 150.0	 -40.0	4.017991e-006	1.242473e+001
asp	 160.0	 -40.0	4.692224e-006	1.226960e+001
asp	 170.0	 -40.0	6.413040e-006	1.195718e+001
asp	-180.0	 -30.0	1.128113e-005	1.139238e+001
asp	-170.0	 -30.0	2.116698e-005	1.076307e+001
asp	-160.0	 -30.0	4.044028e-005	1.011568e+001
asp	-150.0	 -30.0	7.575647e-005	9.487987e+000
asp	-140.0	 -30.0	1.386318e-004	8.883689e+000
asp	-130.0	 -30.0	2.509090e-004	8.290420e+000
asp	-120.0	 -30.0	4.576017e-004	7.689511e+000
asp	-110.0	 -30.0	8.472982e-004	7.073458e+000
asp	-100.0	 -30.0	1.608022e-003	6.432750e+000
asp	 -90.0	 -30.0	3.238202e-003	5.732737e+000
asp	 -80.0	 -30.0	7.050487e-003	4.954659e+000
asp	 -70.0	 -30.0	1.320487e-002	4.327170e+000
asp	 -60.0	 -30.0	1.456502e-002	4.229132e+000
asp	 -50.0	 -30.0	7.969182e-003	4.832173e+000
asp	 -40.0	 -30.0	2.209630e-003	6.114930e+000
asp	 -30.0	 -30.0	3.829183e-004	7.867689e+000
asp	 -20.0	 -30.0	6.073357e-005	9.709014e+000
asp	 -10.0	 -30.0	1.379834e-005	1.119096e+001
asp	   0.0	 -30.0	5.756090e-006	1.206525e+001
asp	  10.0	 -30.0	4.694366e-006	1.226915e+001
asp	  20.0	 -30.0	5.969713e-006	1.202881e+001
asp	  30.0	 -30.0	9.389129e-006	1.157596e+001
asp	  40.0	 -30.0	1.602332e-005	1.104147e+001
asp	  50.0	 -30.0	2.613195e-005	1.055235e+001
asp	  60.0	 -30.0	3.654139e-005	1.021707e+001
asp	  70.0	 -30.0	4.140269e-005	1.009216e+001
asp	  80.0	 -30.0	3.783743e-005	1.018221e+001
asp	  90.0	 -30.0	2.885957e-005	1.045307e+001
asp	 100.0	 -30.0	1.946742e-005	1.084677e+001
asp	 110.0	 -30.0	1.241145e-005	1.129689e+001
asp	 120.0	 -30.0	7.965506e-006	1.174039e+001
asp	 130.0	 -30.0	5.452402e-006	1.211945e+001
asp	 140.0	 -30.0	4.220795e-006	1.237549e+001
asp	 150.0	 -30.0	3.919679e-006	1.244950e+001
asp	 160.0	 -30.0	4.548269e-006	1.230076e+001
asp	 170.0	 -30.0	6.580451e-006	1.193141e+001
asp	-180.0	 -20.0	1.451646e-005	1.114023e+001
asp	-170.0	 -20.0	3.054352e-005	1.039636e+001
asp	-160.0	 -20.0	6.297829e-005	9.672721e+000
asp	-150.0	 -20.0	1.237237e-004	8.997459e+000
asp	-140.0	 -20.0	2.335170e-004	8.362256e+000
asp	-130.0	 -20.0	4.349151e-004	7.740360e+000
asp	-120.0	 -20.0	8.433514e-004	7.078127e+000
asp	-110.0	 -20.0	1.769253e-003	6.337198e+000
asp	-100.0	 -20.0	3.854360e-003	5.558550e+000
asp	 -90.0	 -20.0	7.709224e-003	4.865338e+000
asp	 -80.0	 -20.0	1.335550e-002	4.315827e+000
asp	 -70.0	 -20.0	1.838450e-002	3.996247e+000
asp	 -60.0	 -20.0	1.514860e-002	4.189847e+000
asp	 -50.0	 -20.0	6.277847e-003	5.070728e+000
asp	 -40.0	 -20.0	1.319192e-003	6.630736e+000
asp	 -30.0	 -20.0	1.748979e-004	8.651308e+000
asp	 -20.0	 -20.0	2.447288e-005	1.061795e+001
asp	 -10.0	 -20.0	6.571522e-006	1.193277e+001
asp	   0.0	 -20.0	3.988117e-006	1.243219e+001
asp	  10.0	 -20.0	4.507595e-006	1.230975e+001
asp	  20.0	 -20.0	7.302558e-006	1.182729e+001
asp	  30.0	 -20.0	1.462864e-005	1.113253e+001
asp	  40.0	 -20.0	3.083454e-005	1.038688e+001
asp	  50.0	 -20.0	5.731352e-005	9.766974e+000
asp	  60.0	 -20.0	8.397860e-005	9.384949e+000
asp	  70.0	 -20.0	9.320002e-005	9.280763e+000
asp	  80.0	 -20.0	7.923417e-005	9.443103e+000
asp	  90.0	 -20.0	5.410671e-005	9.824552e+000
asp	 100.0	 -20.0	3.192112e-005	1.035224e+001
asp	 110.0	 -20.0	1.770603e-005	1.094161e+001
asp	 120.0	 -20.0	9.996096e-006	1.151332e+001
asp	 130.0	 -20.0	6.133590e-006	1.200173e+001
asp	 140.0	 -20.0	4.350789e-006	1.234515e+001
asp	 150.0	 -20.0	3.846990e-006	1.246822e+001
asp	 160.0	 -20.0	4.577721e-006	1.229431e+001
asp	 170.0	 -20.0	7.375301e-006	1.181737e+001
asp	-180.0	 -10.0	2.080117e-005	1.078050e+001
asp	-170.0	 -10.0	4.787652e-005	9.946885e+000
asp	-160.0	 -10.0	1.043844e-004	9.167430e+000
asp	-150.0	 -10.0	2.133461e-004	8.452595e+000
asp	-140.0	 -10.0	4.177697e-004	7.780580e+000
asp	-130.0	 -10.0	8.213900e-004	7.104513e+000
asp	-120.0	 -10.0	1.747184e-003	6.349750e+000
asp	-110.0	 -10.0	4.022209e-003	5.515924e+000
asp	-100.0	 -10.0	8.692121e-003	4.745338e+000
asp	 -90.0	 -10.0	1.475604e-002	4.216103e+000
asp	 -80.0	 -10.0	1.851856e-002	3.988982e+000
asp	 -70.0	 -10.0	1.701579e-002	4.073613e+000
asp	 -60.0	 -10.0	9.668583e-003	4.638874e+000
asp	 -50.0	 -10.0	2.893674e-003	5.845228e+000
asp	 -40.0	 -10.0	4.568166e-004	7.691229e+000
asp	 -30.0	 -10.0	4.846496e-005	9.934670e+000
asp	 -20.0	 -10.0	7.311109e-006	1.182612e+001
asp	 -10.0	 -10.0	3.212836e-006	1.264836e+001
asp	   0.0	 -10.0	3.146716e-006	1.266915e+001
asp	  10.0	 -10.0	4.797259e-006	1.224747e+001
asp	  20.0	 -10.0	1.022281e-005	1.149089e+001
asp	  30.0	 -10.0	2.685352e-005	1.052511e+001
asp	  40.0	 -10.0	6.807941e-005	9.594836e+000
asp	  50.0	 -10.0	1.374595e-004	8.892181e+000
asp	  60.0	 -10.0	2.026254e-004	8.504151e+000
asp	  70.0	 -10.0	2.142975e-004	8.448145e+000
asp	  80.0	 -10.0	1.667919e-004	8.698763e+000
asp	  90.0	 -10.0	1.010764e-004	9.199633e+000
asp	 100.0	 -10.0	5.176957e-005	9.868708e+000
asp	 110.0	 -10.0	2.474907e-005	1.060672e+001
asp	 120.0	 -10.0	1.218280e-005	1.131549e+001
asp	 130.0	 -10.0	6.687661e-006	1.191525e+001
asp	 140.0	 -10.0	4.389136e-006	1.233638e+001
asp	 150.0	 -10.0	3.804802e-006	1.247925e+001
asp	 160.0	 -10.0	4.909814e-006	1.222427e+001
asp	 170.0	 -10.0	9.215950e-006	1.159457e+001
asp	-180.0	   0.0	3.057288e-005	1.039540e+001
asp	-170.0	   0.0	7.396903e-005	9.511864e+000
asp	-160.0	   0.0	1.662321e-004	8.702126e+000
asp	-150.0	   0.0	3.488399e-004	7.960897e+000
asp	-140.0	   0.0	7.081186e-004	7.252899e+000
asp	-130.0	   0.0	1.475533e-003	6.518736e+000
asp	-120.0	   0.0	3.313708e-003	5.709688e+000
asp	-110.0	   0.0	7.493199e-003	4.893759e+000
asp	-100.0	   0.0	1.406823e-002	4.263837e+000
asp	 -90.0	   0.0	1.856505e-002	3.986474e+000
asp	 -80.0	   0.0	1.657704e-002	4.099737e+000
asp	 -70.0	   0.0	1.018511e-002	4.586828e+000
asp	 -60.0	   0.0	3.914875e-003	5.542972e+000
asp	 -50.0	   0.0	8.366437e-004	7.086112e+000
asp	 -40.0	   0.0	1.025552e-004	9.185110e+000
asp	 -30.0	   0.0	1.045053e-005	1.146886e+001
asp	 -20.0	   0.0	2.581490e-006	1.286714e+001
asp	 -10.0	   0.0	2.109182e-006	1.306921e+001
asp	   0.0	   0.0	2.896331e-006	1.275207e+001
asp	  10.0	   0.0	5.735807e-006	1.206878e+001
asp	  20.0	   0.0	1.665020e-005	1.100309e+001
asp	  30.0	   0.0	5.586863e-005	9.792507e+000
asp	  40.0	   0.0	1.598642e-004	8.741186e+000
asp	  50.0	   0.0	3.320488e-004	8.010229e+000
asp	  60.0	   0.0	4.735786e-004	7.655193e+000
asp	  70.0	   0.0	4.645399e-004	7.674463e+000
asp	  80.0	   0.0	3.255776e-004	8.029910e+000
asp	  90.0	   0.0	1.740094e-004	8.656401e+000
asp	 100.0	   0.0	7.749408e-005	9.465309e+000
asp	 110.0	   0.0	3.207074e-005	1.034757e+001
asp	 120.0	   0.0	1.383224e-005	1.118851e+001
asp	 130.0	   0.0	6.855003e-006	1.189053e+001
asp	 140.0	   0.0	4.256721e-006	1.236701e+001
asp	 150.0	   0.0	3.799391e-006	1.248067e+001
asp	 160.0	   0.0	5.629548e-006	1.208748e+001
asp	 170.0	   0.0	1.231657e-005	1.130456e+001
asp	-180.0	  10.0	4.326626e-005	1.004814e+001
asp	-170.0	  10.0	1.060768e-004	9.151347e+000
asp	-160.0	  10.0	2.379154e-004	8.343595e+000
asp	-150.0	  10.0	4.956021e-004	7.609737e+000
asp	-140.0	  10.0	1.003067e-003	6.904693e+000
asp	-130.0	  10.0	2.091401e-003	6.169921e+000
asp	-120.0	  10.0	4.529168e-003	5.397217e+000
asp	-110.0	  10.0	9.143392e-003	4.694724e+000
asp	-100.0	  10.0	1.408863e-002	4.262387e+000
asp	 -90.0	  10.0	1.418134e-002	4.255828e+000
asp	 -80.0	  10.0	9.132339e-003	4.695933e+000
asp	 -70.0	  10.0	3.928351e-003	5.539536e+000
asp	 -60.0	  10.0	1.081855e-003	6.829078e+000
asp	 -50.0	  10.0	1.779113e-004	8.634226e+000
asp	 -40.0	  10.0	1.972804e-005	1.083347e+001
asp	 -30.0	  10.0	2.884685e-006	1.275609e+001
asp	 -20.0	  10.0	1.517127e-006	1.339869e+001
asp	 -10.0	  10.0	1.810643e-006	1.322183e+001
asp	   0.0	  10.0	3.079020e-006	1.269090e+001
asp	  10.0	  10.0	8.132111e-006	1.171969e+001
asp	  20.0	  10.0	3.153865e-005	1.036430e+001
asp	  30.0	  10.0	1.235963e-004	8.998490e+000
asp	  40.0	  10.0	3.704341e-004	7.900835e+000
asp	  50.0	  10.0	7.551650e-004	7.188574e+000
asp	  60.0	  10.0	1.010576e-003	6.897235e+000
asp	  70.0	  10.0	8.982356e-004	7.015078e+000
asp	  80.0	  10.0	5.564647e-004	7.493907e+000
asp	  90.0	  10.0	2.594993e-004	8.256757e+000
asp	 100.0	  10.0	1.005737e-004	9.204620e+000
asp	 110.0	  10.0	3.646229e-005	1.021923e+001
asp	 120.0	  10.0	1.404315e-005	1.117338e+001
asp	 130.0	  10.0	6.439977e-006	1.195299e+001
asp	 140.0	  10.0	3.934140e-006	1.244582e+001
asp	 150.0	  10.0	3.850664e-006	1.246726e+001
asp	 160.0	  10.0	6.756098e-006	1.190507e+001
asp	 170.0	  10.0	1.660989e-005	1.100551e+001
asp	-180.0	  20.0	5.849963e-005	9.746490e+000
asp	-170.0	  20.0	1.413342e-004	8.864383e+000
asp	-160.0	  20.0	3.057040e-004	8.092893e+000
asp	-150.0	  20.0	6.025036e-004	7.414417e+000
asp	-140.0	  20.0	1.136696e-003	6.779630e+000
asp	-130.0	  20.0	2.172431e-003	6.131908e+000
asp	-120.0	  20.0	4.153366e-003	5.483836e+000
asp	-110.0	  20.0	7.013609e-003	4.959903e+000
asp	-100.0	  20.0	8.664154e-003	4.748561e+000
asp	 -90.0	  20.0	6.762685e-003	4.996335e+000
asp	 -80.0	  20.0	3.269533e-003	5.723108e+000
asp	 -70.0	  20.0	1.054282e-003	6.854895e+000
asp	 -60.0	  20.0	2.370050e-004	8.347429e+000
asp	 -50.0	  20.0	3.779350e-005	1.018337e+001
asp	 -40.0	  20.0	5.625782e-006	1.208815e+001
asp	 -30.0	  20.0	1.649923e-006	1.331478e+001
asp	 -20.0	  20.0	1.348976e-006	1.351616e+001
asp	 -10.0	  20.0	1.890325e-006	1.317876e+001
asp	   0.0	  20.0	3.986774e-006	1.243253e+001
asp	  10.0	  20.0	1.391774e-005	1.118235e+001
asp	  20.0	  20.0	6.350025e-005	9.664467e+000
asp	  30.0	  20.0	2.593357e-004	8.257387e+000
asp	  40.0	  20.0	7.642434e-004	7.176624e+000
asp	  50.0	  20.0	1.482509e-003	6.514019e+000
asp	  60.0	  20.0	1.836307e-003	6.299999e+000
asp	  70.0	  20.0	1.468791e-003	6.523315e+000
asp	  80.0	  20.0	7.981564e-004	7.133206e+000
asp	  90.0	  20.0	3.219411e-004	8.041142e+000
asp	 100.0	  20.0	1.084139e-004	9.129555e+000
asp	 110.0	  20.0	3.491734e-005	1.026253e+001
asp	 120.0	  20.0	1.238116e-005	1.129933e+001
asp	 130.0	  20.0	5.485736e-006	1.211336e+001
asp	 140.0	  20.0	3.503666e-006	1.256170e+001
asp	 150.0	  20.0	4.024617e-006	1.242308e+001
asp	 160.0	  20.0	8.348286e-006	1.169345e+001
asp	 170.0	  20.0	2.211870e-005	1.071909e+001
asp	-180.0	  30.0	7.673972e-005	9.475091e+000
asp	-170.0	  30.0	1.797915e-004	8.623713e+000
asp	-160.0	  30.0	3.669998e-004	7.910149e+000
asp	-150.0	  30.0	6.593495e-004	7.324257e+000
asp	-140.0	  30.0	1.088065e-003	6.823354e+000
asp	-130.0	  30.0	1.748308e-003	6.349107e+000
asp	-120.0	  30.0	2.738781e-003	5.900242e+000
asp	-110.0	  30.0	3.737373e-003	5.589372e+000
asp	-100.0	  30.0	3.739507e-003	5.588801e+000
asp	 -90.0	  30.0	2.420878e-003	6.023625e+000
asp	 -80.0	  30.0	1.020273e-003	6.887685e+000
asp	 -70.0	  30.0	3.202201e-004	8.046502e+000
asp	 -60.0	  30.0	8.598555e-005	9.361331e+000
asp	 -50.0	  30.0	2.091769e-005	1.077492e+001
asp	 -40.0	  30.0	5.217246e-006	1.216354e+001
asp	 -30.0	  30.0	1.913977e-006	1.316633e+001
asp	 -20.0	  30.0	1.538544e-006	1.338467e+001
asp	 -10.0	  30.0	2.348361e-006	1.296179e+001
asp	   0.0	  30.0	6.107217e-006	1.200604e+001
asp	  10.0	  30.0	2.487138e-005	1.060179e+001
asp	  20.0	  30.0	1.154362e-004	9.066792e+000
asp	  30.0	  30.0	4.519507e-004	7.701937e+000
asp	  40.0	  30.0	1.256465e-003	6.679453e+000
asp	  50.0	  30.0	2.280836e-003	6.083213e+000
asp	  60.0	  30.0	2.615210e-003	5.946411e+000
asp	  70.0	  30.0	1.903362e-003	6.264134e+000
asp	  80.0	  30.0	9.201947e-004	6.990925e+000
asp	  90.0	  30.0	3.241841e-004	8.034199e+000
asp	 100.0	  30.0	9.558577e-005	9.255487e+000
asp	 110.0	  30.0	2.788960e-005	1.048726e+001
asp	 120.0	  30.0	9.493435e-006	1.156491e+001
asp	 130.0	  30.0	4.324455e-006	1.235122e+001
asp	 140.0	  30.0	3.130800e-006	1.267422e+001
asp	 150.0	  30.0	4.439470e-006	1.232498e+001
asp	 160.0	  30.0	1.056929e-005	1.145756e+001
asp	 170.0	  30.0	2.915224e-005	1.044298e+001
asp	-180.0	  40.0	9.761036e-005	9.234527e+000
asp	-170.0	  40.0	2.203486e-004	8.420300e+000
asp	-160.0	  40.0	4.231872e-004	7.767696e+000
asp	-150.0	  40.0	6.896501e-004	7.279326e+000
asp	-140.0	  40.0	9.766624e-004	6.931369e+000
asp	-130.0	  40.0	1.262980e-003	6.674281e+000
asp	-120.0	  40.0	1.546046e-003	6.472055e+000
asp	-110.0	  40.0	1.708750e-003	6.371993e+000
asp	-100.0	  40.0	1.520141e-003	6.488952e+000
asp	 -90.0	  40.0	1.023114e-003	6.884905e+000
asp	 -80.0	  40.0	5.544556e-004	7.497524e+000
asp	 -70.0	  40.0	2.596436e-004	8.256201e+000
asp	 -60.0	  40.0	1.010932e-004	9.199467e+000
asp	 -50.0	  40.0	3.147832e-005	1.036621e+001
asp	 -40.0	  40.0	8.481928e-006	1.167757e+001
asp	 -30.0	  40.0	2.777055e-006	1.279412e+001
asp	 -20.0	  40.0	1.977787e-006	1.313353e+001
asp	 -10.0	  40.0	3.163743e-006	1.266375e+001
asp	   0.0	  40.0	9.209973e-006	1.159522e+001
asp	  10.0	  40.0	3.832332e-005	1.016945e+001
asp	  20.0	  40.0	1.667491e-004	8.699020e+000
asp	  30.0	  40.0	5.990427e-004	7.420178e+000
asp	  40.0	  40.0	1.533776e-003	6.480023e+000
asp	  50.0	  40.0	2.580385e-003	5.959817e+000
asp	  60.0	  40.0	2.749594e-003	5.896302e+000
asp	  70.0	  40.0	1.853742e-003	6.290549e+000
asp	  80.0	  40.0	8.218405e-004	7.103964e+000
asp	  90.0	  40.0	2.622988e-004	8.246026e+000
asp	 100.0	  40.0	7.024784e-005	9.563481e+000
asp	 110.0	  40.0	1.936856e-005	1.085186e+001
asp	 120.0	  40.0	6.705428e-006	1.191259e+001
asp	 130.0	  40.0	3.375057e-006	1.259910e+001
asp	 140.0	  40.0	2.974899e-006	1.272530e+001
asp	 150.0	  40.0	5.196048e-006	1.216761e+001
asp	 160.0	  40.0	1.352104e-005	1.121126e+001
asp	 170.0	  40.0	3.774536e-005	1.018465e+001
asp	-180.0	  50.0	1.191935e-004	9.034763e+000
asp	-170.0	  50.0	2.588853e-004	8.259126e+000
asp	-160.0	  50.0	4.709570e-004	7.660744e+000
asp	-150.0	  50.0	7.093340e-004	7.251184e+000
asp	-140.0	  50.0	8.904412e-004	7.023793e+000
asp	-130.0	  50.0	9.626741e-004	6.945796e+000
asp	-120.0	  50.0	9.569716e-004	6.951737e+000
asp	-110.0	  50.0	9.422341e-004	6.967257e+000
asp	-100.0	  50.0	9.411441e-004	6.968414e+000
asp	 -90.0	  50.0	8.962094e-004	7.017336e+000
asp	 -80.0	  50.0	7.160861e-004	7.241710e+000
asp	 -70.0	  50.0	4.267707e-004	7.759264e+000
asp	 -60.0	  50.0	1.806274e-004	8.619074e+000
asp	 -50.0	  50.0	5.556235e-005	9.798005e+000
asp	 -40.0	  50.0	1.388677e-005	1.118457e+001
asp	 -30.0	  50.0	4.035989e-006	1.242026e+001
asp	 -20.0	  50.0	2.624656e-006	1.285056e+001
asp	 -10.0	  50.0	4.072158e-006	1.241134e+001
asp	   0.0	  50.0	1.165664e-005	1.135963e+001
asp	  10.0	  50.0	4.568952e-005	9.993642e+000
asp	  20.0	  50.0	1.803679e-004	8.620512e+000
asp	  30.0	  50.0	5.843257e-004	7.445052e+000
asp	  40.0	  50.0	1.362519e-003	6.598420e+000
asp	  50.0	  50.0	2.115170e-003	6.158620e+000
asp	  60.0	  50.0	2.105692e-003	6.163111e+000
asp	  70.0	  50.0	1.340444e-003	6.614755e+000
asp	  80.0	  50.0	5.660332e-004	7.476858e+000
asp	  90.0	  50.0	1.737539e-004	8.657870e+000
asp	 100.0	  50.0	4.570826e-005	9.993232e+000
asp	 110.0	  50.0	1.295497e-005	1.125403e+001
asp	 120.0	  50.0	4.897645e-006	1.222676e+001
asp	 130.0	  50.0	2.858459e-006	1.276523e+001
asp	 140.0	  50.0	3.095532e-006	1.268555e+001
asp	 150.0	  50.0	6.290251e-006	1.197651e+001
asp	 160.0	  50.0	1.706872e-005	1.097826e+001
asp	 170.0	  50.0	4.729557e-005	9.959094e+000
asp	-180.0	  60.0	1.406772e-004	8.869043e+000
asp	-170.0	  60.0	2.954319e-004	8.127072e+000
asp	-160.0	  60.0	5.150606e-004	7.571226e+000
asp	-150.0	  60.0	7.352108e-004	7.215353e+000
asp	-140.0	  60.0	8.604001e-004	7.058113e+000
asp	-130.0	  60.0	8.500994e-004	7.070157e+000
asp	-120.0	  60.0	7.837448e-004	7.151427e+000
asp	-110.0	  60.0	8.254382e-004	7.099596e+000
asp	-100.0	  60.0	1.068466e-003	6.841532e+000
asp	 -90.0	  60.0	1.320144e-003	6.630015e+000
asp	 -80.0	  60.0	1.213309e-003	6.714404e+000
asp	 -70.0	  60.0	7.496945e-004	7.195845e+000
asp	 -60.0	  60.0	3.081733e-004	8.084848e+000
asp	 -50.0	  60.0	8.835316e-005	9.334169e+000
asp	 -40.0	  60.0	2.021866e-005	1.080890e+001
asp	 -30.0	  60.0	5.577516e-006	1.209677e+001
asp	 -20.0	  60.0	3.507441e-006	1.256062e+001
asp	 -10.0	  60.0	4.788693e-006	1.224925e+001
asp	   0.0	  60.0	1.180468e-005	1.134701e+001
asp	  10.0	  60.0	4.092650e-005	1.010373e+001
asp	  20.0	  60.0	1.441821e-004	8.844433e+000
asp	  30.0	  60.0	4.197455e-004	7.775862e+000
asp	  40.0	  60.0	8.913268e-004	7.022799e+000
asp	  50.0	  60.0	1.281510e-003	6.659716e+000
asp	  60.0	  60.0	1.204833e-003	6.721414e+000
asp	  70.0	  60.0	7.416112e-004	7.206685e+000
asp	  80.0	  60.0	3.121411e-004	8.072055e+000
asp	  90.0	  60.0	9.951306e-005	9.215222e+000
asp	 100.0	  60.0	2.864075e-005	1.046068e+001
asp	 110.0	  60.0	9.277842e-006	1.158788e+001
asp	 120.0	  60.0	4.040703e-006	1.241909e+001
asp	 130.0	  60.0	2.721518e-006	1.281432e+001
asp	 140.0	  60.0	3.434563e-006	1.258162e+001
asp	 150.0	  60.0	7.607510e-006	1.178637e+001
asp	 160.0	  60.0	2.094270e-005	1.077372e+001
asp	 170.0	  60.0	5.724106e-005	9.768239e+000
asp	-180.0	  70.0	1.644652e-004	8.712812e+000
asp	-170.0	  70.0	3.389426e-004	7.989680e+000
asp	-160.0	  70.0	5.776605e-004	7.456524e+000
asp	-150.0	  70.0	8.051088e-004	7.124533e+000
asp	-140.0	  70.0	9.242219e-004	6.986558e+000
asp	-130.0	  70.0	9.114437e-004	7.000481e+000
asp	-120.0	  70.0	8.764063e-004	7.039681e+000
asp	-110.0	  70.0	1.033208e-003	6.875087e+000
asp	-100.0	  70.0	1.522680e-003	6.487284e+000
asp	 -90.0	  70.0	2.029264e-003	6.200082e+000
asp	 -80.0	  70.0	1.903681e-003	6.263966e+000
asp	 -70.0	  70.0	1.151440e-003	6.766742e+000
asp	 -60.0	  70.0	4.481710e-004	7.710336e+000
asp	 -50.0	  70.0	1.192395e-004	9.034376e+000
asp	 -40.0	  70.0	2.599441e-005	1.055763e+001
asp	 -30.0	  70.0	7.699773e-006	1.177432e+001
asp	 -20.0	  70.0	4.936066e-006	1.221894e+001
asp	 -10.0	  70.0	5.470780e-006	1.211609e+001
asp	   0.0	  70.0	1.011200e-005	1.150179e+001
asp	  10.0	  70.0	2.845212e-005	1.046729e+001
asp	  20.0	  70.0	8.710578e-005	9.348387e+000
asp	  30.0	  70.0	2.272254e-004	8.389568e+000
asp	  40.0	  70.0	4.420550e-004	7.724076e+000
asp	  50.0	  70.0	5.958313e-004	7.425553e+000
asp	  60.0	  70.0	5.398242e-004	7.524267e+000
asp	  70.0	  70.0	3.322448e-004	8.009639e+000
asp	  80.0	  70.0	1.472672e-004	8.823262e+000
asp	  90.0	  70.0	5.292333e-005	9.846666e+000
asp	 100.0	  70.0	1.831987e-005	1.090752e+001
asp	 110.0	  70.0	7.247062e-006	1.183491e+001
asp	 120.0	  70.0	3.686728e-006	1.251077e+001
asp	 130.0	  70.0	2.789609e-006	1.278961e+001
asp	 140.0	  70.0	3.882708e-006	1.245898e+001
asp	 150.0	  70.0	9.012162e-006	1.161694e+001
asp	 160.0	  70.0	2.499372e-005	1.059689e+001
asp	 170.0	  70.0	6.784017e-005	9.598356e+000
asp	-180.0	  80.0	1.953887e-004	8.540519e+000
asp	-170.0	  80.0	4.043307e-004	7.813277e+000
asp	-160.0	  80.0	6.934186e-004	7.273877e+000
asp	-150.0	  80.0	9.799611e-004	6.927998e+000
asp	-140.0	  80.0	1.164376e-003	6.755570e+000
asp	-130.0	  80.0	1.234956e-003	6.696720e+000
asp	-120.0	  80.0	1.310248e-003	6.637539e+000
asp	-110.0	  80.0	1.617954e-003	6.426593e+000
asp	-100.0	  80.0	2.334106e-003	6.060126e+000
asp	 -90.0	  80.0	3.016713e-003	5.803587e+000
asp	 -80.0	  80.0	2.738311e-003	5.900414e+000
asp	 -70.0	  80.0	1.584320e-003	6.447600e+000
asp	 -60.0	  80.0	5.839032e-004	7.445775e+000
asp	 -50.0	  80.0	1.505441e-004	8.801254e+000
asp	 -40.0	  80.0	3.595109e-005	1.023335e+001
asp	 -30.0	  80.0	1.297771e-005	1.125228e+001
asp	 -20.0	  80.0	7.966617e-006	1.174025e+001
asp	 -10.0	  80.0	6.763946e-006	1.190390e+001
asp	   0.0	  80.0	8.472450e-006	1.167869e+001
asp	  10.0	  80.0	1.705690e-005	1.097896e+001
asp	  20.0	  80.0	4.267814e-005	1.006182e+001
asp	  30.0	  80.0	9.809140e-005	9.229611e+000
asp	  40.0	  80.0	1.754261e-004	8.648293e+000
asp	  50.0	  80.0	2.253156e-004	8.398009e+000
asp	  60.0	  80.0	2.025102e-004	8.504720e+000
asp	  70.0	  80.0	1.302957e-004	8.945704e+000
asp	  80.0	  80.0	6.468806e-005	9.645934e+000
asp	  90.0	  80.0	2.806723e-005	1.048091e+001
asp	 100.0	  80.0	1.225145e-005	1.130987e+001
asp	 110.0	  80.0	5.978193e-006	1.202739e+001
asp	 120.0	  80.0	3.522720e-006	1.255628e+001
asp	 130.0	  80.0	2.938899e-006	1.273748e+001
asp	 140.0	  80.0	4.372475e-006	1.234018e+001
asp	 150.0	  80.0	1.046853e-005	1.146714e+001
asp	 160.0	  80.0	2.937382e-005	1.043541e+001
asp	 170.0	  80.0	8.023540e-005	9.430546e+000
asp	-180.0	  90.0	2.352753e-004	8.354754e+000
asp	-170.0	  90.0	4.975606e-004	7.605793e+000
asp	-160.0	  90.0	8.787213e-004	7.037043e+000
asp	-150.0	  90.0	1.295859e-003	6.648582e+000
asp	-140.0	  90.0	1.647194e-003	6.408682e+000
asp	-130.0	  90.0	1.932406e-003	6.248989e+000
asp	-120.0	  90.0	2.273458e-003	6.086453e+000
asp	-110.0	  90.0	2.891056e-003	5.846134e+000
asp	-100.0	  90.0	3.953500e-003	5.533154e+000
asp	 -90.0	  90.0	4.788366e-003	5.341566e+000
asp	 -80.0	  90.0	4.148013e-003	5.485126e+000
asp	 -70.0	  90.0	2.344563e-003	6.055656e+000
asp	 -60.0	  90.0	8.873999e-004	7.027215e+000
asp	 -50.0	  90.0	2.662183e-004	8.231194e+000
asp	 -40.0	  90.0	8.333118e-005	9.392688e+000
asp	 -30.0	  90.0	3.205729e-005	1.034799e+001
asp	 -20.0	  90.0	1.551362e-005	1.107379e+001
asp	 -10.0	  90.0	9.554802e-006	1.155847e+001
asp	   0.0	  90.0	8.096751e-006	1.172405e+001
asp	  10.0	  90.0	1.062156e-005	1.145262e+001
asp	  20.0	  90.0	1.960460e-005	1.083975e+001
asp	  30.0	  90.0	3.789688e-005	1.018064e+001
asp	  40.0	  90.0	6.176228e-005	9.692218e+000
asp	  50.0	  90.0	7.672702e-005	9.475257e+000
asp	  60.0	  90.0	7.079906e-005	9.555665e+000
asp	  70.0	  90.0	5.010810e-005	9.901328e+000
asp	  80.0	  90.0	2.949898e-005	1.043115e+001
asp	  90.0	  90.0	1.605995e-005	1.103918e+001
asp	 100.0	  90.0	8.847024e-006	1.163543e+001
asp	 110.0	  90.0	5.210498e-006	1.216484e+001
asp	 120.0	  90.0	3.487906e-006	1.256621e+001
asp	 130.0	  90.0	3.152508e-006	1.266731e+001
asp	 140.0	  90.0	4.914004e-006	1.222342e+001
asp	 150.0	  90.0	1.203515e-005	1.132768e+001
asp	 160.0	  90.0	3.426518e-005	1.028138e+001
asp	 170.0	  90.0	9.497677e-005	9.261878e+000
asp	-180.0	 100.0	2.739503e-004	8.202564e+000
asp	-170.0	 100.0	5.901322e-004	7.435164e+000
asp	-160.0	 100.0	1.070434e-003	6.839692e+000
asp	-150.0	 100.0	1.638275e-003	6.414111e+000
asp	-140.0	 100.0	2.191044e-003	6.123377e+000
asp	-130.0	 100.0	2.739351e-003	5.900034e+000
asp	-120.0	 100.0	3.433803e-003	5.674087e+000
asp	-110.0	 100.0	4.536849e-003	5.395522e+000
asp	-100.0	 100.0	6.196913e-003	5.083704e+000
asp	 -90.0	 100.0	7.429176e-003	4.902340e+000
asp	 -80.0	 100.0	6.572465e-003	5.024866e+000
asp	 -70.0	 100.0	4.060237e-003	5.506514e+000
asp	 -60.0	 100.0	1.883127e-003	6.274822e+000
asp	 -50.0	 100.0	7.555075e-004	7.188121e+000
asp	 -40.0	 100.0	2.769504e-004	8.191672e+000
asp	 -30.0	 100.0	9.366889e-005	9.275744e+000
asp	 -20.0	 100.0	3.326085e-005	1.031113e+001
asp	 -10.0	 100.0	1.467979e-005	1.112904e+001
asp	   0.0	 100.0	8.973161e-006	1.162127e+001
asp	  10.0	 100.0	8.090364e-006	1.172484e+001
asp	  20.0	 100.0	1.045493e-005	1.146844e+001
asp	  30.0	 100.0	1.597909e-005	1.104423e+001
asp	  40.0	 100.0	2.314940e-005	1.067354e+001
asp	  50.0	 100.0	2.804260e-005	1.048179e+001
asp	  60.0	 100.0	2.742879e-005	1.050392e+001
asp	  70.0	 100.0	2.227519e-005	1.071204e+001
asp	  80.0	 100.0	1.600287e-005	1.104274e+001
asp	  90.0	 100.0	1.085871e-005	1.143054e+001
asp	 100.0	 100.0	7.275438e-006	1.183101e+001
asp	 110.0	 100.0	4.960388e-006	1.221403e+001
asp	 120.0	 100.0	3.652971e-006	1.251997e+001
asp	 130.0	 100.0	3.482268e-006	1.256783e+001
asp	 140.0	 100.0	5.546577e-006	1.210233e+001
asp	 150.0	 100.0	1.367824e-005	1.119970e+001
asp	 160.0	 100.0	3.913438e-005	1.014851e+001
asp	 170.0	 100.0	1.092786e-004	9.121610e+000
asp	-180.0	 110.0	2.929367e-004	8.135554e+000
asp	-170.0	 110.0	6.285688e-004	7.372065e+000
asp	-160.0	 110.0	1.142163e-003	6.774831e+000
asp	-150.0	 110.0	1.757615e-003	6.343798e+000
asp	-140.0	 110.0	2.364488e-003	6.047194e+000
asp	-130.0	 110.0	2.970292e-003	5.819095e+000
asp	-120.0	 110.0	3.759922e-003	5.583357e+000
asp	-110.0	 110.0	5.057113e-003	5.286959e+000
asp	-100.0	 110.0	7.038851e-003	4.956310e+000
asp	 -90.0	 110.0	8.800083e-003	4.732994e+000
asp	 -80.0	 110.0	8.655128e-003	4.749603e+000
asp	 -70.0	 110.0	6.569558e-003	5.025309e+000
asp	 -60.0	 110.0	4.073116e-003	5.503347e+000
asp	 -50.0	 110.0	2.065500e-003	6.182383e+000
asp	 -40.0	 110.0	7.969636e-004	7.134702e+000
asp	 -30.0	 110.0	2.365464e-004	8.349366e+000
asp	 -20.0	 110.0	6.494871e-005	9.641913e+000
asp	 -10.0	 110.0	2.161175e-005	1.074227e+001
asp	   0.0	 110.0	1.033012e-005	1.148045e+001
asp	  10.0	 110.0	7.377984e-006	1.181701e+001
asp	  20.0	 110.0	7.399411e-006	1.181411e+001
asp	  30.0	 110.0	9.129600e-006	1.160399e+001
asp	  40.0	 110.0	1.172867e-005	1.135347e+001
asp	  50.0	 110.0	1.392996e-005	1.118147e+001
asp	  60.0	 110.0	1.460930e-005	1.113385e+001
asp	  70.0	 110.0	1.360709e-005	1.120492e+001
asp	  80.0	 110.0	1.157299e-005	1.136684e+001
asp	  90.0	 110.0	9.236457e-006	1.159235e+001
asp	 100.0	 110.0	7.056008e-006	1.186163e+001
asp	 110.0	 110.0	5.277717e-006	1.215202e+001
asp	 120.0	 110.0	4.109614e-006	1.240218e+001
asp	 130.0	 110.0	3.996033e-006	1.243021e+001
asp	 140.0	 110.0	6.298561e-006	1.197519e+001
asp	 150.0	 110.0	1.524012e-005	1.109158e+001
asp	 160.0	 110.0	4.285605e-005	1.005766e+001
asp	 170.0	 110.0	1.179851e-004	9.044952e+000
asp	-180.0	 120.0	2.861407e-004	8.159027e+000
asp	-170.0	 120.0	5.934036e-004	7.429636e+000
asp	-160.0	 120.0	1.045499e-003	6.863261e+000
asp	-150.0	 120.0	1.560012e-003	6.463062e+000
asp	-140.0	 120.0	2.022586e-003	6.203378e+000
asp	-130.0	 120.0	2.430036e-003	6.019849e+000
asp	-120.0	 120.0	2.953498e-003	5.824765e+000
asp	-110.0	 120.0	3.872815e-003	5.553774e+000
asp	-100.0	 120.0	5.379596e-003	5.225142e+000
asp	 -90.0	 120.0	7.153717e-003	4.940123e+000
asp	 -80.0	 120.0	8.359750e-003	4.784327e+000
asp	 -70.0	 120.0	8.418724e-003	4.777297e+000
asp	 -60.0	 120.0	6.955770e-003	4.968184e+000
asp	 -50.0	 120.0	4.149617e-003	5.484739e+000
asp	 -40.0	 120.0	1.633477e-003	6.417045e+000
asp	 -30.0	 120.0	4.407458e-004	7.727042e+000
asp	 -20.0	 120.0	9.965058e-005	9.213841e+000
asp	 -10.0	 120.0	2.676202e-005	1.052853e+001
asp	   0.0	 120.0	1.098814e-005	1.141869e+001
asp	  10.0	 120.0	7.123152e-006	1.185216e+001
asp	  20.0	 120.0	6.526683e-006	1.193961e+001
asp	  30.0	 120.0	7.353870e-006	1.182028e+001
asp	  40.0	 120.0	8.922008e-006	1.162699e+001
asp	  50.0	 120.0	1.058020e-005	1.145653e+001
asp	  60.0	 120.0	1.169149e-005	1.135665e+001
asp	  70.0	 120.0	1.187754e-005	1.134086e+001
asp	  80.0	 120.0	1.112248e-005	1.140654e+001
asp	  90.0	 120.0	9.674704e-006	1.154600e+001
asp	 100.0	 120.0	7.898526e-006	1.174883e+001
asp	 110.0	 120.0	6.177505e-006	1.199460e+001
asp	 120.0	 120.0	4.917880e-006	1.222263e+001
asp	 130.0	 120.0	4.751865e-006	1.225697e+001
asp	 140.0	 120.0	7.228185e-006	1.183752e+001
asp	 150.0	 120.0	1.675419e-005	1.099686e+001
asp	 160.0	 120.0	4.522211e-005	1.000392e+001
asp	 170.0	 120.0	1.196499e-004	9.030941e+000
asp	-180.0	 130.0	2.708089e-004	8.214097e+000
asp	-170.0	 130.0	5.286931e-004	7.545103e+000
asp	-160.0	 130.0	8.783576e-004	7.037457e+000
asp	-150.0	 130.0	1.239729e-003	6.692863e+000
asp	-140.0	 130.0	1.520483e-003	6.488727e+000
asp	-130.0	 130.0	1.720207e-003	6.365311e+000
asp	-120.0	 130.0	1.961410e-003	6.234092e+000
asp	-110.0	 130.0	2.423674e-003	6.022471e+000
asp	-100.0	 130.0	3.282971e-003	5.719006e+000
asp	 -90.0	 130.0	4.715553e-003	5.356889e+000
asp	 -80.0	 130.0	6.867392e-003	4.980971e+000
asp	 -70.0	 130.0	9.136550e-003	4.695472e+000
asp	 -60.0	 130.0	9.167922e-003	4.692045e+000
asp	 -50.0	 130.0	5.858925e-003	5.139789e+000
asp	 -40.0	 130.0	2.257381e-003	6.093550e+000
asp	 -30.0	 130.0	5.606171e-004	7.486472e+000
asp	 -20.0	 130.0	1.101658e-004	9.113524e+000
asp	 -10.0	 130.0	2.577836e-005	1.056598e+001
asp	   0.0	 130.0	1.016312e-005	1.149674e+001
asp	  10.0	 130.0	6.783905e-006	1.190096e+001
asp	  20.0	 130.0	6.449059e-006	1.195158e+001
asp	  30.0	 130.0	7.402768e-006	1.181366e+001
asp	  40.0	 130.0	9.065952e-006	1.161098e+001
asp	  50.0	 130.0	1.092703e-005	1.142427e+001
asp	  60.0	 130.0	1.242911e-005	1.129547e+001
asp	  70.0	 130.0	1.310817e-005	1.124227e+001
asp	  80.0	 130.0	1.275268e-005	1.126977e+001
asp	  90.0	 130.0	1.146290e-005	1.137639e+001
asp	 100.0	 130.0	9.588263e-006	1.155497e+001
asp	 110.0	 130.0	7.607825e-006	1.178633e+001
asp	 120.0	 130.0	6.072810e-006	1.201169e+001
asp	 130.0	 130.0	5.777301e-006	1.206157e+001
asp	 140.0	 130.0	8.460786e-006	1.168007e+001
asp	 150.0	 130.0	1.870876e-005	1.088652e+001
asp	 160.0	 130.0	4.800608e-005	9.944183e+000
asp	 170.0	 130.0	1.201483e-004	9.026784e+000
asp	-180.0	 140.0	2.770026e-004	8.191484e+000
asp	-170.0	 140.0	5.067596e-004	7.587474e+000
asp	-160.0	 140.0	7.851268e-004	7.149665e+000
asp	-150.0	 140.0	1.037888e-003	6.870567e+000
asp	-140.0	 140.0	1.208982e-003	6.717977e+000
asp	-130.0	 140.0	1.319106e-003	6.630801e+000
asp	-120.0	 140.0	1.456882e-003	6.531457e+000
asp	-110.0	 140.0	1.740467e-003	6.353602e+000
asp	-100.0	 140.0	2.355118e-003	6.051164e+000
asp	 -90.0	 140.0	3.687256e-003	5.602873e+000
asp	 -80.0	 140.0	6.217354e-003	5.080411e+000
asp	 -70.0	 140.0	9.168774e-003	4.691952e+000
asp	 -60.0	 140.0	9.379061e-003	4.669276e+000
asp	 -50.0	 140.0	5.764312e-003	5.156069e+000
asp	 -40.0	 140.0	2.068474e-003	6.180944e+000
asp	 -30.0	 140.0	4.706426e-004	7.661411e+000
asp	 -20.0	 140.0	8.444454e-005	9.379416e+000
asp	 -10.0	 140.0	1.913564e-005	1.086396e+001
asp	   0.0	 140.0	8.320507e-006	1.169679e+001
asp	  10.0	 140.0	6.413404e-006	1.195712e+001
asp	  20.0	 140.0	6.823927e-006	1.189508e+001
asp	  30.0	 140.0	8.373515e-006	1.169044e+001
asp	  40.0	 140.0	1.060414e-005	1.145427e+001
asp	  50.0	 140.0	1.300941e-005	1.124984e+001
asp	  60.0	 140.0	1.497946e-005	1.110883e+001
asp	  70.0	 140.0	1.596064e-005	1.104539e+001
asp	  80.0	 140.0	1.566088e-005	1.106434e+001
asp	  90.0	 140.0	1.416295e-005	1.116488e+001
asp	 100.0	 140.0	1.188111e-005	1.134056e+001
asp	 110.0	 140.0	9.417608e-006	1.157293e+001
asp	 120.0	 140.0	7.471988e-006	1.180435e+001
asp	 130.0	 140.0	7.017543e-006	1.186710e+001
asp	 140.0	 140.0	1.008912e-005	1.150405e+001
asp	 150.0	 140.0	2.181994e-005	1.073269e+001
asp	 160.0	 140.0	5.425944e-005	9.821734e+000
asp	 170.0	 140.0	1.299364e-004	8.948466e+000
asp	-180.0	 150.0	3.292241e-004	8.018772e+000
asp	-170.0	 150.0	5.836558e-004	7.446199e+000
asp	-160.0	 150.0	8.587012e-004	7.060090e+000
asp	-150.0	 150.0	1.061064e-003	6.848483e+000
asp	-140.0	 150.0	1.156934e-003	6.761982e+000
asp	-130.0	 150.0	1.208541e-003	6.718341e+000
asp	-120.0	 150.0	1.316509e-003	6.632772e+000
asp	-110.0	 150.0	1.582588e-003	6.448694e+000
asp	-100.0	 150.0	2.192650e-003	6.122644e+000
asp	 -90.0	 150.0	3.527621e-003	5.647132e+000
asp	 -80.0	 150.0	5.824864e-003	5.145620e+000
asp	 -70.0	 150.0	7.911585e-003	4.839427e+000
asp	 -60.0	 150.0	7.239018e-003	4.928270e+000
asp	 -50.0	 150.0	3.975896e-003	5.527505e+000
asp	 -40.0	 150.0	1.285028e-003	6.656975e+000
asp	 -30.0	 150.0	2.673379e-004	8.226997e+000
asp	 -20.0	 150.0	4.639388e-005	9.978343e+000
asp	 -10.0	 150.0	1.183975e-005	1.134405e+001
asp	   0.0	 150.0	6.601703e-006	1.192818e+001
asp	  10.0	 150.0	6.307909e-006	1.197371e+001
asp	  20.0	 150.0	7.666348e-006	1.177867e+001
asp	  30.0	 150.0	1.007124e-005	1.150583e+001
asp	  40.0	 150.0	1.313013e-005	1.124060e+001
asp	  50.0	 150.0	1.625797e-005	1.102693e+001
asp	  60.0	 150.0	1.871992e-005	1.088592e+001
asp	  70.0	 150.0	1.986159e-005	1.082672e+001
asp	  80.0	 150.0	1.936738e-005	1.085192e+001
asp	  90.0	 150.0	1.738758e-005	1.095975e+001
asp	 100.0	 150.0	1.446758e-005	1.114360e+001
asp	 110.0	 150.0	1.135934e-005	1.138547e+001
asp	 120.0	 150.0	8.906951e-006	1.162868e+001
asp	 130.0	 150.0	8.268916e-006	1.170301e+001
asp	 140.0	 150.0	1.191055e-005	1.133809e+001
asp	 150.0	 150.0	2.614252e-005	1.055195e+001
asp	 160.0	 150.0	6.563465e-005	9.631407e+000
asp	 170.0	 150.0	1.567988e-004	8.760547e+000
asp	-180.0	 160.0	4.229814e-004	7.768182e+000
asp	-170.0	 160.0	7.601138e-004	7.182042e+000
asp	-160.0	 160.0	1.100509e-003	6.811982e+000
asp	-150.0	 160.0	1.288805e-003	6.654040e+000
asp	-140.0	 160.0	1.288512e-003	6.654267e+000
asp	-130.0	 160.0	1.226871e-003	6.703288e+000
asp	-120.0	 160.0	1.263925e-003	6.673534e+000
asp	-110.0	 160.0	1.513073e-003	6.493613e+000
asp	-100.0	 160.0	2.116437e-003	6.158021e+000
asp	 -90.0	 160.0	3.263860e-003	5.724845e+000
asp	 -80.0	 160.0	4.769012e-003	5.345616e+000
asp	 -70.0	 160.0	5.485216e-003	5.205699e+000
asp	 -60.0	 160.0	4.249660e-003	5.460916e+000
asp	 -50.0	 160.0	2.022158e-003	6.203590e+000
asp	 -40.0	 160.0	5.831398e-004	7.447084e+000
asp	 -30.0	 160.0	1.128015e-004	9.089881e+000
asp	 -20.0	 160.0	2.071535e-005	1.078464e+001
asp	 -10.0	 160.0	7.180253e-006	1.184418e+001
asp	   0.0	 160.0	5.658880e-006	1.208228e+001
asp	  10.0	 160.0	6.699786e-006	1.191343e+001
asp	  20.0	 160.0	9.088171e-006	1.160854e+001
asp	  30.0	 160.0	1.253332e-005	1.128712e+001
asp	  40.0	 160.0	1.660086e-005	1.100606e+001
asp	  50.0	 160.0	2.053657e-005	1.079330e+001
asp	  60.0	 160.0	2.342210e-005	1.066183e+001
asp	  70.0	 160.0	2.450882e-005	1.061648e+001
asp	  80.0	 160.0	2.352737e-005	1.065735e+001
asp	  90.0	 160.0	2.078659e-005	1.078120e+001
asp	 100.0	 160.0	1.702508e-005	1.098082e+001
asp	 110.0	 160.0	1.315291e-005	1.123887e+001
asp	 120.0	 160.0	1.011800e-005	1.150119e+001
asp	 130.0	 160.0	9.195814e-006	1.159676e+001
asp	 140.0	 160.0	1.325085e-005	1.123145e+001
asp	 150.0	 160.0	3.006940e-005	1.041200e+001
asp	 160.0	 160.0	7.868957e-005	9.450000e+000
asp	 170.0	 160.0	1.953427e-004	8.540755e+000
asp	-180.0	 170.0	5.053707e-004	7.590218e+000
asp	-170.0	 170.0	9.385262e-004	6.971200e+000
asp	-160.0	 170.0	1.368223e-003	6.594243e+000
asp	-150.0	 170.0	1.558674e-003	6.463920e+000
asp	-140.0	 170.0	1.454265e-003	6.533255e+000
asp	-130.0	 170.0	1.250632e-003	6.684106e+000
asp	-120.0	 170.0	1.183765e-003	6.739055e+000
asp	-110.0	 170.0	1.391459e-003	6.577402e+000
asp	-100.0	 170.0	1.949779e-003	6.240039e+000
asp	 -90.0	 170.0	2.801516e-003	5.877595e+000
asp	 -80.0	 170.0	3.486368e-003	5.658895e+000
asp	 -70.0	 170.0	3.280363e-003	5.719801e+000
asp	 -60.0	 170.0	2.103137e-003	6.164325e+000
asp	 -50.0	 170.0	8.601393e-004	7.058416e+000
asp	 -40.0	 170.0	2.236407e-004	8.405470e+000
asp	 -30.0	 170.0	4.195321e-005	1.007896e+001
asp	 -20.0	 170.0	9.277968e-006	1.158787e+001
asp	 -10.0	 170.0	5.048882e-006	1.219634e+001
asp	   0.0	 170.0	5.539854e-006	1.210354e+001
asp	  10.0	 170.0	7.698289e-006	1.177451e+001
asp	  20.0	 170.0	1.121441e-005	1.139831e+001
asp	  30.0	 170.0	1.588787e-005	1.104995e+001
asp	  40.0	 170.0	2.112403e-005	1.076510e+001
asp	  50.0	 170.0	2.589659e-005	1.056140e+001
asp	  60.0	 170.0	2.904895e-005	1.044653e+001
asp	  70.0	 170.0	2.976683e-005	1.042212e+001
asp	  80.0	 170.0	2.792671e-005	1.048593e+001
asp	  90.0	 170.0	2.410806e-005	1.063296e+001
asp	 100.0	 170.0	1.930684e-005	1.085505e+001
asp	 110.0	 170.0	1.458242e-005	1.113569e+001
asp	 120.0	 170.0	1.090797e-005	1.142602e+001
asp	 130.0	 170.0	9.512092e-006	1.156295e+001
asp	 140.0	 170.0	1.331127e-005	1.122690e+001
asp	 150.0	 170.0	3.086954e-005	1.038574e+001
asp	 160.0	 170.0	8.480541e-005	9.375151e+000
asp	 170.0	 170.0	2.222294e-004	8.411800e+000
