cys	-180.0	-180.0	1.102896e-003	6.809816e+000
cys	-170.0	-180.0	2.482712e-003	5.998404e+000
cys	-160.0	-180.0	3.774037e-003	5.579610e+000
cys	-150.0	-180.0	3.829582e-003	5.565000e+000
cys	-140.0	-180.0	2.697120e-003	5.915571e+000
cys	-130.0	-180.0	1.591916e-003	6.442817e+000
cys	-120.0	-180.0	1.069028e-003	6.841006e+000
cys	-110.0	-180.0	9.354705e-004	6.974461e+000
cys	-100.0	-180.0	1.076092e-003	6.834419e+000
cys	 -90.0	-180.0	1.344073e-003	6.612050e+000
cys	 -80.0	-180.0	1.450393e-003	6.535921e+000
cys	 -70.0	-180.0	1.207895e-003	6.718876e+000
cys	 -60.0	-180.0	7.188469e-004	7.237862e+000
cys	 -50.0	-180.0	2.888721e-004	8.149527e+000
cys	 -40.0	-180.0	7.865168e-005	9.450482e+000
cys	 -30.0	-180.0	1.583985e-005	1.105298e+001
cys	 -20.0	-180.0	3.250874e-006	1.263659e+001
cys	 -10.0	-180.0	1.827718e-006	1.321244e+001
cys	   0.0	-180.0	2.681809e-006	1.282902e+001
cys	  10.0	-180.0	4.477653e-006	1.231641e+001
cys	  20.0	-180.0	7.132751e-006	1.185081e+001
cys	  30.0	-180.0	1.056634e-005	1.145784e+001
cys	  40.0	-180.0	1.442399e-005	1.114662e+001
cys	  50.0	-180.0	1.804556e-005	1.092261e+001
cys	  60.0	-180.0	2.061635e-005	1.078943e+001
cys	  70.0	-180.0	2.146014e-005	1.074931e+001
cys	  80.0	-180.0	2.033406e-005	1.080321e+001
cys	  90.0	-180.0	1.754941e-005	1.095049e+001
cys	 100.0	-180.0	1.383370e-005	1.118840e+001
cys	 110.0	-180.0	1.001978e-005	1.151095e+001
cys	 120.0	-180.0	6.774671e-006	1.190232e+001
cys	 130.0	-180.0	4.646125e-006	1.227948e+001
cys	 140.0	-180.0	5.155295e-006	1.217549e+001
cys	 150.0	-180.0	1.668675e-005	1.100090e+001
cys	 160.0	-180.0	8.073165e-005	9.424380e+000
cys	 170.0	-180.0	3.439305e-004	7.975071e+000
cys	-180.0	-170.0	5.880371e-004	7.438721e+000
cys	-170.0	-170.0	1.297990e-003	6.646938e+000
cys	-160.0	-170.0	1.993100e-003	6.218064e+000
cys	-150.0	-170.0	2.054143e-003	6.187896e+000
cys	-140.0	-170.0	1.432928e-003	6.548035e+000
cys	-130.0	-170.0	7.802756e-004	7.155863e+000
cys	-120.0	-170.0	4.627212e-004	7.678386e+000
cys	-110.0	-170.0	3.808975e-004	7.872980e+000
cys	-100.0	-170.0	4.185317e-004	7.778758e+000
cys	 -90.0	-170.0	4.859795e-004	7.629344e+000
cys	 -80.0	-170.0	4.793068e-004	7.643170e+000
cys	 -70.0	-170.0	3.692616e-004	7.904005e+000
cys	 -60.0	-170.0	2.142207e-004	8.448504e+000
cys	 -50.0	-170.0	8.983336e-005	9.317554e+000
cys	 -40.0	-170.0	2.703809e-005	1.051826e+001
cys	 -30.0	-170.0	6.541488e-006	1.193735e+001
cys	 -20.0	-170.0	2.264618e-006	1.299810e+001
cys	 -10.0	-170.0	2.329191e-006	1.296999e+001
cys	   0.0	-170.0	3.768793e-006	1.248876e+001
cys	  10.0	-170.0	6.203040e-006	1.199047e+001
cys	  20.0	-170.0	9.600611e-006	1.155368e+001
cys	  30.0	-170.0	1.370054e-005	1.119808e+001
cys	  40.0	-170.0	1.786885e-005	1.093245e+001
cys	  50.0	-170.0	2.120298e-005	1.076137e+001
cys	  60.0	-170.0	2.285144e-005	1.068650e+001
cys	  70.0	-170.0	2.238535e-005	1.070710e+001
cys	  80.0	-170.0	1.998644e-005	1.082046e+001
cys	  90.0	-170.0	1.633493e-005	1.102220e+001
cys	 100.0	-170.0	1.229275e-005	1.130650e+001
cys	 110.0	-170.0	8.589278e-006	1.166500e+001
cys	 120.0	-170.0	5.676321e-006	1.207921e+001
cys	 130.0	-170.0	3.880450e-006	1.245956e+001
cys	 140.0	-170.0	4.301240e-006	1.235661e+001
cys	 150.0	-170.0	1.250803e-005	1.128914e+001
cys	 160.0	-170.0	5.189686e-005	9.866252e+000
cys	 170.0	-170.0	1.960948e-004	8.536912e+000
cys	-180.0	-160.0	2.495543e-004	8.295834e+000
cys	-170.0	-160.0	5.300347e-004	7.542568e+000
cys	-160.0	-160.0	8.200567e-004	7.106137e+000
cys	-150.0	-160.0	8.722413e-004	7.044444e+000
cys	-140.0	-160.0	6.363907e-004	7.359698e+000
cys	-130.0	-160.0	3.640256e-004	7.918286e+000
cys	-120.0	-160.0	2.250056e-004	8.399385e+000
cys	-110.0	-160.0	1.861908e-004	8.588739e+000
cys	-100.0	-160.0	1.841915e-004	8.599535e+000
cys	 -90.0	-160.0	1.804184e-004	8.620232e+000
cys	 -80.0	-160.0	1.522912e-004	8.789716e+000
cys	 -70.0	-160.0	1.050029e-004	9.161523e+000
cys	 -60.0	-160.0	5.842432e-005	9.747778e+000
cys	 -50.0	-160.0	2.572641e-005	1.056799e+001
cys	 -40.0	-160.0	9.211470e-006	1.159506e+001
cys	 -30.0	-160.0	3.435895e-006	1.258123e+001
cys	 -20.0	-160.0	2.403491e-006	1.293859e+001
cys	 -10.0	-160.0	3.279291e-006	1.262788e+001
cys	   0.0	-160.0	5.400613e-006	1.212900e+001
cys	  10.0	-160.0	8.769688e-006	1.164421e+001
cys	  20.0	-160.0	1.330824e-005	1.122713e+001
cys	  30.0	-160.0	1.851956e-005	1.089668e+001
cys	  40.0	-160.0	2.341172e-005	1.066227e+001
cys	  50.0	-160.0	2.674886e-005	1.052902e+001
cys	  60.0	-160.0	2.756879e-005	1.049883e+001
cys	  70.0	-160.0	2.566202e-005	1.057050e+001
cys	  80.0	-160.0	2.166624e-005	1.073976e+001
cys	  90.0	-160.0	1.671084e-005	1.099945e+001
cys	 100.0	-160.0	1.188975e-005	1.133983e+001
cys	 110.0	-160.0	7.907132e-006	1.174775e+001
cys	 120.0	-160.0	5.033523e-006	1.219939e+001
cys	 130.0	-160.0	3.341434e-006	1.260911e+001
cys	 140.0	-160.0	3.368410e-006	1.260107e+001
cys	 150.0	-160.0	8.083369e-006	1.172570e+001
cys	 160.0	-160.0	2.815971e-005	1.047762e+001
cys	 170.0	-160.0	9.185489e-005	9.295301e+000
cys	-180.0	-150.0	9.645499e-005	9.246434e+000
cys	-170.0	-150.0	1.885412e-004	8.576194e+000
cys	-160.0	-150.0	2.833800e-004	8.168722e+000
cys	-150.0	-150.0	3.111216e-004	8.075327e+000
cys	-140.0	-150.0	2.540694e-004	8.277903e+000
cys	-130.0	-150.0	1.814307e-004	8.614637e+000
cys	-120.0	-150.0	1.446494e-004	8.841198e+000
cys	-110.0	-150.0	1.332883e-004	8.922996e+000
cys	-100.0	-150.0	1.237600e-004	8.997167e+000
cys	 -90.0	-150.0	1.048372e-004	9.163102e+000
cys	 -80.0	-150.0	7.675463e-005	9.474897e+000
cys	 -70.0	-150.0	4.782534e-005	9.947955e+000
cys	 -60.0	-150.0	2.575702e-005	1.056680e+001
cys	 -50.0	-150.0	1.233525e-005	1.130305e+001
cys	 -40.0	-150.0	5.705567e-006	1.207407e+001
cys	 -30.0	-150.0	3.255989e-006	1.263501e+001
cys	 -20.0	-150.0	3.118289e-006	1.267823e+001
cys	 -10.0	-150.0	4.533352e-006	1.230405e+001
cys	   0.0	-150.0	7.439125e-006	1.180876e+001
cys	  10.0	-150.0	1.193510e-005	1.133603e+001
cys	  20.0	-150.0	1.784083e-005	1.093402e+001
cys	  30.0	-150.0	2.438444e-005	1.062157e+001
cys	  40.0	-150.0	3.017845e-005	1.040838e+001
cys	  50.0	-150.0	3.362953e-005	1.030011e+001
cys	  60.0	-150.0	3.365596e-005	1.029932e+001
cys	  70.0	-150.0	3.026542e-005	1.040550e+001
cys	  80.0	-150.0	2.455247e-005	1.061470e+001
cys	  90.0	-150.0	1.810747e-005	1.091919e+001
cys	 100.0	-150.0	1.228583e-005	1.130706e+001
cys	 110.0	-150.0	7.806851e-006	1.176051e+001
cys	 120.0	-150.0	4.795190e-006	1.224790e+001
cys	 130.0	-150.0	3.093587e-006	1.268618e+001
cys	 140.0	-150.0	2.757525e-006	1.280118e+001
cys	 150.0	-150.0	5.032205e-006	1.219965e+001
cys	 160.0	-150.0	1.427786e-005	1.115680e+001
cys	 170.0	-150.0	4.014275e-005	1.012307e+001
cys	-180.0	-140.0	3.846137e-005	1.016586e+001
cys	-170.0	-140.0	6.833056e-005	9.591153e+000
cys	-160.0	-140.0	9.917930e-005	9.218581e+000
cys	-150.0	-140.0	1.168876e-004	9.054298e+000
cys	-140.0	-140.0	1.185438e-004	9.040228e+000
cys	-130.0	-140.0	1.172168e-004	9.051486e+000
cys	-120.0	-140.0	1.203823e-004	9.024838e+000
cys	-110.0	-140.0	1.211987e-004	9.018079e+000
cys	-100.0	-140.0	1.115319e-004	9.101200e+000
cys	 -90.0	-140.0	9.057658e-005	9.309315e+000
cys	 -80.0	-140.0	6.402656e-005	9.656212e+000
cys	 -70.0	-140.0	3.954710e-005	1.013802e+001
cys	 -60.0	-140.0	2.183787e-005	1.073187e+001
cys	 -50.0	-140.0	1.125181e-005	1.139498e+001
cys	 -40.0	-140.0	5.918175e-006	1.203748e+001
cys	 -30.0	-140.0	3.892980e-006	1.245634e+001
cys	 -20.0	-140.0	4.007285e-006	1.242740e+001
cys	 -10.0	-140.0	5.871346e-006	1.204543e+001
cys	   0.0	-140.0	9.549279e-006	1.155904e+001
cys	  10.0	-140.0	1.513672e-005	1.109839e+001
cys	  20.0	-140.0	2.231733e-005	1.071015e+001
cys	  30.0	-140.0	3.003753e-005	1.041306e+001
cys	  40.0	-140.0	3.655019e-005	1.021682e+001
cys	  50.0	-140.0	3.998034e-005	1.012712e+001
cys	  60.0	-140.0	3.920094e-005	1.014681e+001
cys	  70.0	-140.0	3.445489e-005	1.027586e+001
cys	  80.0	-140.0	2.723831e-005	1.051089e+001
cys	  90.0	-140.0	1.951328e-005	1.084442e+001
cys	 100.0	-140.0	1.283200e-005	1.126357e+001
cys	 110.0	-140.0	7.917062e-006	1.174649e+001
cys	 120.0	-140.0	4.777856e-006	1.225152e+001
cys	 130.0	-140.0	3.089556e-006	1.268748e+001
cys	 140.0	-140.0	2.601883e-006	1.285928e+001
cys	 150.0	-140.0	3.626501e-006	1.252724e+001
cys	 160.0	-140.0	7.742806e-006	1.176875e+001
cys	 170.0	-140.0	1.819058e-005	1.091461e+001
cys	-180.0	-130.0	1.905721e-005	1.086807e+001
cys	-170.0	-130.0	3.172068e-005	1.035854e+001
cys	-160.0	-130.0	4.688597e-005	9.967792e+000
cys	-150.0	-130.0	6.284630e-005	9.674819e+000
cys	-140.0	-130.0	7.947536e-005	9.440064e+000
cys	-130.0	-130.0	9.683377e-005	9.242515e+000
cys	-120.0	-130.0	1.112336e-004	9.103878e+000
cys	-110.0	-130.0	1.159858e-004	9.062043e+000
cys	-100.0	-130.0	1.070456e-004	9.142256e+000
cys	 -90.0	-130.0	8.655713e-005	9.354706e+000
cys	 -80.0	-130.0	6.135222e-005	9.698879e+000
cys	 -70.0	-130.0	3.853547e-005	1.016393e+001
cys	 -60.0	-130.0	2.194866e-005	1.072680e+001
cys	 -50.0	-130.0	1.181717e-005	1.134596e+001
cys	 -40.0	-130.0	6.566111e-006	1.193359e+001
cys	 -30.0	-130.0	4.550764e-006	1.230022e+001
cys	 -20.0	-130.0	4.792941e-006	1.224837e+001
cys	 -10.0	-130.0	6.997723e-006	1.186993e+001
cys	   0.0	-130.0	1.125740e-005	1.139448e+001
cys	  10.0	-130.0	1.762173e-005	1.094638e+001
cys	  20.0	-130.0	2.562717e-005	1.057186e+001
cys	  30.0	-130.0	3.398343e-005	1.028964e+001
cys	  40.0	-130.0	4.070399e-005	1.010918e+001
cys	  50.0	-130.0	4.379907e-005	1.003590e+001
cys	  60.0	-130.0	4.222763e-005	1.007244e+001
cys	  70.0	-130.0	3.647897e-005	1.021877e+001
cys	  80.0	-130.0	2.832765e-005	1.047167e+001
cys	  90.0	-130.0	1.992385e-005	1.082359e+001
cys	 100.0	-130.0	1.287290e-005	1.126039e+001
cys	 110.0	-130.0	7.848691e-006	1.175516e+001
cys	 120.0	-130.0	4.771874e-006	1.225277e+001
cys	 130.0	-130.0	3.224410e-006	1.264476e+001
cys	 140.0	-130.0	2.813371e-006	1.278113e+001
cys	 150.0	-130.0	3.442925e-006	1.257919e+001
cys	 160.0	-130.0	5.582870e-006	1.209581e+001
cys	 170.0	-130.0	1.037731e-005	1.147589e+001
cys	-180.0	-120.0	1.357237e-005	1.120747e+001
cys	-170.0	-120.0	2.136983e-005	1.075353e+001
cys	-160.0	-120.0	3.245086e-005	1.033578e+001
cys	-150.0	-120.0	4.732831e-005	9.958402e+000
cys	-140.0	-120.0	6.585477e-005	9.628059e+000
cys	-130.0	-120.0	8.561192e-005	9.365686e+000
cys	-120.0	-120.0	1.011973e-004	9.198439e+000
cys	-110.0	-120.0	1.064425e-004	9.147905e+000
cys	-100.0	-120.0	9.845371e-005	9.225924e+000
cys	 -90.0	-120.0	7.985557e-005	9.435291e+000
cys	 -80.0	-120.0	5.710800e-005	9.770566e+000
cys	 -70.0	-120.0	3.650787e-005	1.021798e+001
cys	 -60.0	-120.0	2.135523e-005	1.075421e+001
cys	 -50.0	-120.0	1.189820e-005	1.133912e+001
cys	 -40.0	-120.0	6.876489e-006	1.188740e+001
cys	 -30.0	-120.0	4.933212e-006	1.221952e+001
cys	 -20.0	-120.0	5.255507e-006	1.215623e+001
cys	 -10.0	-120.0	7.616771e-006	1.178516e+001
cys	   0.0	-120.0	1.210860e-005	1.132159e+001
cys	  10.0	-120.0	1.871482e-005	1.088619e+001
cys	  20.0	-120.0	2.684769e-005	1.052533e+001
cys	  30.0	-120.0	3.508139e-005	1.025784e+001
cys	  40.0	-120.0	4.137084e-005	1.009293e+001
cys	  50.0	-120.0	4.381482e-005	1.003554e+001
cys	  60.0	-120.0	4.158416e-005	1.008779e+001
cys	  70.0	-120.0	3.538495e-005	1.024922e+001
cys	  80.0	-120.0	2.709437e-005	1.051618e+001
cys	  90.0	-120.0	1.882477e-005	1.088034e+001
cys	 100.0	-120.0	1.206808e-005	1.132495e+001
cys	 110.0	-120.0	7.391507e-006	1.181518e+001
cys	 120.0	-120.0	4.656132e-006	1.227733e+001
cys	 130.0	-120.0	3.422135e-006	1.258525e+001
cys	 140.0	-120.0	3.265262e-006	1.263217e+001
cys	 150.0	-120.0	3.951864e-006	1.244132e+001
cys	 160.0	-120.0	5.554315e-006	1.210094e+001
cys	 170.0	-120.0	8.523480e-006	1.167269e+001
cys	-180.0	-110.0	1.262249e-005	1.128003e+001
cys	-170.0	-110.0	1.852310e-005	1.089649e+001
cys	-160.0	-110.0	2.747909e-005	1.050209e+001
cys	-150.0	-110.0	4.024482e-005	1.012053e+001
cys	-140.0	-110.0	5.650209e-005	9.781233e+000
cys	-130.0	-110.0	7.373258e-005	9.515066e+000
cys	-120.0	-110.0	8.715309e-005	9.347844e+000
cys	-110.0	-110.0	9.167409e-005	9.297271e+000
cys	-100.0	-110.0	8.499467e-005	9.372922e+000
cys	 -90.0	-110.0	6.937983e-005	9.575914e+000
cys	 -80.0	-110.0	5.027468e-005	9.898009e+000
cys	 -70.0	-110.0	3.286670e-005	1.032305e+001
cys	 -60.0	-110.0	1.979988e-005	1.082983e+001
cys	 -50.0	-110.0	1.136951e-005	1.138458e+001
cys	 -40.0	-110.0	6.746773e-006	1.190645e+001
cys	 -30.0	-110.0	4.929654e-006	1.222024e+001
cys	 -20.0	-110.0	5.260040e-006	1.215537e+001
cys	 -10.0	-110.0	7.546078e-006	1.179448e+001
cys	   0.0	-110.0	1.185150e-005	1.134306e+001
cys	  10.0	-110.0	1.809430e-005	1.091991e+001
cys	  20.0	-110.0	2.562198e-005	1.057206e+001
cys	  30.0	-110.0	3.301169e-005	1.031865e+001
cys	  40.0	-110.0	3.835194e-005	1.016871e+001
cys	  50.0	-110.0	4.000029e-005	1.012662e+001
cys	  60.0	-110.0	3.740081e-005	1.019382e+001
cys	  70.0	-110.0	3.139056e-005	1.036900e+001
cys	  80.0	-110.0	2.375941e-005	1.064753e+001
cys	  90.0	-110.0	1.638335e-005	1.101924e+001
cys	 100.0	-110.0	1.051582e-005	1.146263e+001
cys	 110.0	-110.0	6.588400e-006	1.193020e+001
cys	 120.0	-110.0	4.439542e-006	1.232496e+001
cys	 130.0	-110.0	3.667130e-006	1.251610e+001
cys	 140.0	-110.0	3.880229e-006	1.245962e+001
cys	 150.0	-110.0	4.816729e-006	1.224342e+001
cys	 160.0	-110.0	6.406573e-006	1.195819e+001
cys	 170.0	-110.0	8.841788e-006	1.163602e+001
cys	-180.0	-100.0	1.307232e-005	1.124501e+001
cys	-170.0	-100.0	1.787859e-005	1.093191e+001
cys	-160.0	-100.0	2.518226e-005	1.058937e+001
cys	-150.0	-100.0	3.564325e-005	1.024195e+001
cys	-140.0	-100.0	4.896388e-005	9.924428e+000
cys	-130.0	-100.0	6.321210e-005	9.669015e+000
cys	-120.0	-100.0	7.483380e-005	9.500241e+000
cys	-110.0	-100.0	7.970885e-005	9.437130e+000
cys	-100.0	-100.0	7.527460e-005	9.494368e+000
cys	 -90.0	-100.0	6.280516e-005	9.675473e+000
cys	 -80.0	-100.0	4.700059e-005	9.965350e+000
cys	 -70.0	-100.0	3.226617e-005	1.034149e+001
cys	 -60.0	-100.0	2.042343e-005	1.079883e+001
cys	 -50.0	-100.0	1.190848e-005	1.133826e+001
cys	 -40.0	-100.0	6.821058e-006	1.189550e+001
cys	 -30.0	-100.0	4.703113e-006	1.226729e+001
cys	 -20.0	-100.0	4.830108e-006	1.224064e+001
cys	 -10.0	-100.0	6.801801e-006	1.189832e+001
cys	   0.0	-100.0	1.054975e-005	1.145941e+001
cys	  10.0	-100.0	1.592612e-005	1.104755e+001
cys	  20.0	-100.0	2.229013e-005	1.071137e+001
cys	  30.0	-100.0	2.835976e-005	1.047054e+001
cys	  40.0	-100.0	3.250943e-005	1.033398e+001
cys	  50.0	-100.0	3.344803e-005	1.030552e+001
cys	  60.0	-100.0	3.087219e-005	1.038565e+001
cys	  70.0	-100.0	2.562589e-005	1.057191e+001
cys	  80.0	-100.0	1.925052e-005	1.085797e+001
cys	  90.0	-100.0	1.326243e-005	1.123058e+001
cys	 100.0	-100.0	8.628143e-006	1.166048e+001
cys	 110.0	-100.0	5.658799e-006	1.208230e+001
cys	 120.0	-100.0	4.213939e-006	1.237711e+001
cys	 130.0	-100.0	3.971225e-006	1.243644e+001
cys	 140.0	-100.0	4.603740e-006	1.228864e+001
cys	 150.0	-100.0	5.855650e-006	1.204810e+001
cys	 160.0	-100.0	7.590902e-006	1.178856e+001
cys	 170.0	-100.0	9.874890e-006	1.152552e+001
cys	-180.0	 -90.0	1.418048e-005	1.116364e+001
cys	-170.0	 -90.0	1.853324e-005	1.089594e+001
cys	-160.0	 -90.0	2.510463e-005	1.059246e+001
cys	-150.0	 -90.0	3.461975e-005	1.027109e+001
cys	-140.0	 -90.0	4.726368e-005	9.959768e+000
cys	-130.0	 -90.0	6.243014e-005	9.681462e+000
cys	-120.0	 -90.0	7.818074e-005	9.456487e+000
cys	-110.0	 -90.0	9.003254e-005	9.315339e+000
cys	-100.0	 -90.0	9.192719e-005	9.294514e+000
cys	 -90.0	 -90.0	8.223702e-005	9.405905e+000
cys	 -80.0	 -90.0	6.672873e-005	9.614875e+000
cys	 -70.0	 -90.0	5.117199e-005	9.880318e+000
cys	 -60.0	 -90.0	3.601738e-005	1.023151e+001
cys	 -50.0	 -90.0	2.144065e-005	1.075022e+001
cys	 -40.0	 -90.0	1.060648e-005	1.145405e+001
cys	 -30.0	 -90.0	5.337938e-006	1.214067e+001
cys	 -20.0	 -90.0	4.275225e-006	1.236267e+001
cys	 -10.0	 -90.0	5.609106e-006	1.209112e+001
cys	   0.0	 -90.0	8.553615e-006	1.166916e+001
cys	  10.0	 -90.0	1.278230e-005	1.126745e+001
cys	  20.0	 -90.0	1.771774e-005	1.094094e+001
cys	  30.0	 -90.0	2.231689e-005	1.071017e+001
cys	  40.0	 -90.0	2.532249e-005	1.058382e+001
cys	  50.0	 -90.0	2.580681e-005	1.056487e+001
cys	  60.0	 -90.0	2.364307e-005	1.065244e+001
cys	  70.0	 -90.0	1.955630e-005	1.084221e+001
cys	  80.0	 -90.0	1.473144e-005	1.112553e+001
cys	  90.0	 -90.0	1.028294e-005	1.148502e+001
cys	 100.0	 -90.0	6.914090e-006	1.188195e+001
cys	 110.0	 -90.0	4.869967e-006	1.223242e+001
cys	 120.0	 -90.0	4.078909e-006	1.240968e+001
cys	 130.0	 -90.0	4.323768e-006	1.235138e+001
cys	 140.0	 -90.0	5.350583e-006	1.213830e+001
cys	 150.0	 -90.0	6.919325e-006	1.188119e+001
cys	 160.0	 -90.0	8.859404e-006	1.163403e+001
cys	 170.0	 -90.0	1.117642e-005	1.140170e+001
cys	-180.0	 -80.0	1.598776e-005	1.104369e+001
cys	-170.0	 -80.0	2.092502e-005	1.077457e+001
cys	-160.0	 -80.0	2.857764e-005	1.046289e+001
cys	-150.0	 -80.0	4.035565e-005	1.011778e+001
cys	-140.0	 -80.0	5.818945e-005	9.751807e+000
cys	-130.0	 -80.0	8.466875e-005	9.376764e+000
cys	-120.0	 -80.0	1.206125e-004	9.022928e+000
cys	-110.0	 -80.0	1.584004e-004	8.750385e+000
cys	-100.0	 -80.0	1.803357e-004	8.620690e+000
cys	 -90.0	 -80.0	1.757371e-004	8.646522e+000
cys	 -80.0	 -80.0	1.563393e-004	8.763482e+000
cys	 -70.0	 -80.0	1.376937e-004	8.890479e+000
cys	 -60.0	 -80.0	1.140662e-004	9.078732e+000
cys	 -50.0	 -80.0	7.511257e-005	9.496523e+000
cys	 -40.0	 -80.0	3.509382e-005	1.025749e+001
cys	 -30.0	 -80.0	1.205422e-005	1.132610e+001
cys	 -20.0	 -80.0	4.737198e-006	1.226006e+001
cys	 -10.0	 -80.0	4.378923e-006	1.233871e+001
cys	   0.0	 -80.0	6.350100e-006	1.196704e+001
cys	  10.0	 -80.0	9.393624e-006	1.157548e+001
cys	  20.0	 -80.0	1.293295e-005	1.125573e+001
cys	  30.0	 -80.0	1.619921e-005	1.103055e+001
cys	  40.0	 -80.0	1.831738e-005	1.090766e+001
cys	  50.0	 -80.0	1.868308e-005	1.088789e+001
cys	  60.0	 -80.0	1.725508e-005	1.096740e+001
cys	  70.0	 -80.0	1.453435e-005	1.113900e+001
cys	  80.0	 -80.0	1.128280e-005	1.139223e+001
cys	  90.0	 -80.0	8.221036e-006	1.170881e+001
cys	 100.0	 -80.0	5.862248e-006	1.204698e+001
cys	 110.0	 -80.0	4.474138e-006	1.231720e+001
cys	 120.0	 -80.0	4.111277e-006	1.240178e+001
cys	 130.0	 -80.0	4.678054e-006	1.227263e+001
cys	 140.0	 -80.0	5.990432e-006	1.202535e+001
cys	 150.0	 -80.0	7.830884e-006	1.175744e+001
cys	 160.0	 -80.0	1.003288e-005	1.150964e+001
cys	 170.0	 -80.0	1.262453e-005	1.127987e+001
cys	-180.0	 -70.0	1.860585e-005	1.089203e+001
cys	-170.0	 -70.0	2.558004e-005	1.057370e+001
cys	-160.0	 -70.0	3.703815e-005	1.020356e+001
cys	-150.0	 -70.0	5.639264e-005	9.783172e+000
cys	-140.0	 -70.0	8.970467e-005	9.318988e+000
cys	-130.0	 -70.0	1.455492e-004	8.834996e+000
cys	-120.0	 -70.0	2.291731e-004	8.381033e+000
cys	-110.0	 -70.0	3.275073e-004	8.024000e+000
cys	-100.0	 -70.0	4.002491e-004	7.823423e+000
cys	 -90.0	 -70.0	4.156852e-004	7.785582e+000
cys	 -80.0	 -70.0	4.047869e-004	7.812150e+000
cys	 -70.0	 -70.0	4.244141e-004	7.764801e+000
cys	 -60.0	 -70.0	4.268658e-004	7.759041e+000
cys	 -50.0	 -70.0	3.128843e-004	8.069677e+000
cys	 -40.0	 -70.0	1.467287e-004	8.826925e+000
cys	 -30.0	 -70.0	4.369686e-005	1.003823e+001
cys	 -20.0	 -70.0	9.617721e-006	1.155190e+001
cys	 -10.0	 -70.0	3.733177e-006	1.249825e+001
cys	   0.0	 -70.0	4.383881e-006	1.233758e+001
cys	  10.0	 -70.0	6.377384e-006	1.196275e+001
cys	  20.0	 -70.0	8.768860e-006	1.164430e+001
cys	  30.0	 -70.0	1.103339e-005	1.141458e+001
cys	  40.0	 -70.0	1.265300e-005	1.127762e+001
cys	  50.0	 -70.0	1.329575e-005	1.122807e+001
cys	  60.0	 -70.0	1.292402e-005	1.125642e+001
cys	  70.0	 -70.0	1.170896e-005	1.135516e+001
cys	  80.0	 -70.0	9.906408e-006	1.152233e+001
cys	  90.0	 -70.0	7.852709e-006	1.175465e+001
cys	 100.0	 -70.0	5.986718e-006	1.202597e+001
cys	 110.0	 -70.0	4.745057e-006	1.225841e+001
cys	 120.0	 -70.0	4.398733e-006	1.233419e+001
cys	 130.0	 -70.0	4.990476e-006	1.220798e+001
cys	 140.0	 -70.0	6.391828e-006	1.196049e+001
cys	 150.0	 -70.0	8.411759e-006	1.168588e+001
cys	 160.0	 -70.0	1.093882e-005	1.142319e+001
cys	 170.0	 -70.0	1.413021e-005	1.116720e+001
cys	-180.0	 -60.0	2.185079e-005	1.073127e+001
cys	-170.0	 -60.0	3.243186e-005	1.033637e+001
cys	-160.0	 -60.0	5.108819e-005	9.881957e+000
cys	-150.0	 -60.0	8.552494e-005	9.366703e+000
cys	-140.0	 -60.0	1.489294e-004	8.812038e+000
cys	-130.0	 -60.0	2.561630e-004	8.269697e+000
cys	-120.0	 -60.0	4.144231e-004	7.788623e+000
cys	-110.0	 -60.0	6.074967e-004	7.406164e+000
cys	-100.0	 -60.0	7.758127e-004	7.161599e+000
cys	 -90.0	 -60.0	8.610181e-004	7.057395e+000
cys	 -80.0	 -60.0	9.547534e-004	6.954057e+000
cys	 -70.0	 -60.0	1.269952e-003	6.668776e+000
cys	 -60.0	 -60.0	1.528884e-003	6.483217e+000
cys	 -50.0	 -60.0	1.162929e-003	6.756814e+000
cys	 -40.0	 -60.0	5.155497e-004	7.570277e+000
cys	 -30.0	 -60.0	1.375302e-004	8.891667e+000
cys	 -20.0	 -60.0	2.374829e-005	1.064800e+001
cys	 -10.0	 -60.0	4.207808e-006	1.237857e+001
cys	   0.0	 -60.0	2.916506e-006	1.274512e+001
cys	  10.0	 -60.0	4.075697e-006	1.241047e+001
cys	  20.0	 -60.0	5.674141e-006	1.207959e+001
cys	  30.0	 -60.0	7.373108e-006	1.181767e+001
cys	  40.0	 -60.0	9.001805e-006	1.161809e+001
cys	  50.0	 -60.0	1.048877e-005	1.146521e+001
cys	  60.0	 -60.0	1.172096e-005	1.135413e+001
cys	  70.0	 -60.0	1.233789e-005	1.130284e+001
cys	  80.0	 -60.0	1.186445e-005	1.134196e+001
cys	  90.0	 -60.0	1.021932e-005	1.149123e+001
cys	 100.0	 -60.0	7.986128e-006	1.173780e+001
cys	 110.0	 -60.0	6.060138e-006	1.201378e+001
cys	 120.0	 -60.0	5.092293e-006	1.218778e+001
cys	 130.0	 -60.0	5.275651e-006	1.215241e+001
cys	 140.0	 -60.0	6.489591e-006	1.194531e+001
cys	 150.0	 -60.0	8.546873e-006	1.166995e+001
cys	 160.0	 -60.0	1.142779e-005	1.137946e+001
cys	 170.0	 -60.0	1.551752e-005	1.107354e+001
cys	-180.0	 -50.0	2.500045e-005	1.059662e+001
cys	-170.0	 -50.0	4.030621e-005	1.011901e+001
cys	-160.0	 -50.0	6.965090e-005	9.572015e+000
cys	-150.0	 -50.0	1.290008e-004	8.955692e+000
cys	-140.0	 -50.0	2.429026e-004	8.322850e+000
cys	-130.0	 -50.0	4.269648e-004	7.758809e+000
cys	-120.0	 -50.0	6.723607e-004	7.304716e+000
cys	-110.0	 -50.0	9.590814e-004	6.949535e+000
cys	-100.0	 -50.0	1.251029e-003	6.683789e+000
cys	 -90.0	 -50.0	1.515536e-003	6.491986e+000
cys	 -80.0	 -50.0	2.032315e-003	6.198580e+000
cys	 -70.0	 -50.0	3.420003e-003	5.678114e+000
cys	 -60.0	 -50.0	4.511365e-003	5.401156e+000
cys	 -50.0	 -50.0	3.275242e-003	5.721363e+000
cys	 -40.0	 -50.0	1.285626e-003	6.656510e+000
cys	 -30.0	 -50.0	2.957014e-004	8.126160e+000
cys	 -20.0	 -50.0	4.293145e-005	1.005591e+001
cys	 -10.0	 -50.0	5.073744e-006	1.219143e+001
cys	   0.0	 -50.0	1.933048e-006	1.315641e+001
cys	  10.0	 -50.0	2.547479e-006	1.288041e+001
cys	  20.0	 -50.0	3.731116e-006	1.249880e+001
cys	  30.0	 -50.0	5.376524e-006	1.213347e+001
cys	  40.0	 -50.0	7.768111e-006	1.176548e+001
cys	  50.0	 -50.0	1.121298e-005	1.139844e+001
cys	  60.0	 -50.0	1.538027e-005	1.108242e+001
cys	  70.0	 -50.0	1.878416e-005	1.088250e+001
cys	  80.0	 -50.0	1.956842e-005	1.084159e+001
cys	  90.0	 -50.0	1.719337e-005	1.097099e+001
cys	 100.0	 -50.0	1.298972e-005	1.125135e+001
cys	 110.0	 -50.0	8.962388e-006	1.162247e+001
cys	 120.0	 -50.0	6.410505e-006	1.195757e+001
cys	 130.0	 -50.0	5.615689e-006	1.208995e+001
cys	 140.0	 -50.0	6.312731e-006	1.197294e+001
cys	 150.0	 -50.0	8.218329e-006	1.170914e+001
cys	 160.0	 -50.0	1.138022e-005	1.138363e+001
cys	 170.0	 -50.0	1.644736e-005	1.101535e+001
cys	-180.0	 -40.0	2.685316e-005	1.052513e+001
cys	-170.0	 -40.0	4.690135e-005	9.967464e+000
cys	-160.0	 -40.0	8.974952e-005	9.318488e+000
cys	-150.0	 -40.0	1.871904e-004	8.583384e+000
cys	-140.0	 -40.0	3.872103e-004	7.856543e+000
cys	-130.0	 -40.0	7.015581e-004	7.262207e+000
cys	-120.0	 -40.0	1.058652e-003	6.850759e+000
cys	-110.0	 -40.0	1.398656e-003	6.572243e+000
cys	-100.0	 -40.0	1.796155e-003	6.322107e+000
cys	 -90.0	 -40.0	2.478183e-003	6.000230e+000
cys	 -80.0	 -40.0	4.189815e-003	5.475099e+000
cys	 -70.0	 -40.0	7.772490e-003	4.857165e+000
cys	 -60.0	 -40.0	9.674445e-003	4.638267e+000
cys	 -50.0	 -40.0	6.127280e-003	5.095004e+000
cys	 -40.0	 -40.0	2.004837e-003	6.212192e+000
cys	 -30.0	 -40.0	3.841788e-004	7.864402e+000
cys	 -20.0	 -40.0	4.701226e-005	9.965102e+000
cys	 -10.0	 -40.0	4.457218e-006	1.232099e+001
cys	   0.0	 -40.0	1.245335e-006	1.359611e+001
cys	  10.0	 -40.0	1.670807e-006	1.330220e+001
cys	  20.0	 -40.0	2.817263e-006	1.277974e+001
cys	  30.0	 -40.0	5.117955e-006	1.218276e+001
cys	  40.0	 -40.0	9.798322e-006	1.153330e+001
cys	  50.0	 -40.0	1.802745e-005	1.092362e+001
cys	  60.0	 -40.0	2.874638e-005	1.045700e+001
cys	  70.0	 -40.0	3.737166e-005	1.019460e+001
cys	  80.0	 -40.0	3.890553e-005	1.015437e+001
cys	  90.0	 -40.0	3.276867e-005	1.032604e+001
cys	 100.0	 -40.0	2.299765e-005	1.068012e+001
cys	 110.0	 -40.0	1.419325e-005	1.116274e+001
cys	 120.0	 -40.0	8.568226e-006	1.166745e+001
cys	 130.0	 -40.0	6.097037e-006	1.200771e+001
cys	 140.0	 -40.0	5.946466e-006	1.203271e+001
cys	 150.0	 -40.0	7.488702e-006	1.180212e+001
cys	 160.0	 -40.0	1.071348e-005	1.144401e+001
cys	 170.0	 -40.0	1.645693e-005	1.101476e+001
cys	-180.0	 -30.0	2.649787e-005	1.053845e+001
cys	-170.0	 -30.0	5.012472e-005	9.900996e+000
cys	-160.0	 -30.0	1.077981e-004	9.135250e+000
cys	-150.0	 -30.0	2.588193e-004	8.259380e+000
cys	-140.0	 -30.0	6.038848e-004	7.412127e+000
cys	-130.0	 -30.0	1.167338e-003	6.753029e+000
cys	-120.0	 -30.0	1.752650e-003	6.346627e+000
cys	-110.0	 -30.0	2.203091e-003	6.117894e+000
cys	-100.0	 -30.0	2.818829e-003	5.871434e+000
cys	 -90.0	 -30.0	4.468187e-003	5.410773e+000
cys	 -80.0	 -30.0	8.485946e-003	4.769344e+000
cys	 -70.0	 -30.0	1.422413e-002	4.252816e+000
cys	 -60.0	 -30.0	1.449281e-002	4.234103e+000
cys	 -50.0	 -30.0	7.373434e-003	4.909872e+000
cys	 -40.0	 -30.0	1.892465e-003	6.269875e+000
cys	 -30.0	 -30.0	2.876816e-004	8.153656e+000
cys	 -20.0	 -30.0	2.928130e-005	1.043856e+001
cys	 -10.0	 -30.0	2.428976e-006	1.292804e+001
cys	   0.0	 -30.0	7.722021e-007	1.407402e+001
cys	  10.0	 -30.0	1.277920e-006	1.357028e+001
cys	  20.0	 -30.0	2.840583e-006	1.277150e+001
cys	  30.0	 -30.0	7.194162e-006	1.184224e+001
cys	  40.0	 -30.0	1.808850e-005	1.092023e+001
cys	  50.0	 -30.0	3.896429e-005	1.015286e+001
cys	  60.0	 -30.0	6.594390e-005	9.626706e+000
cys	  70.0	 -30.0	8.505844e-005	9.372172e+000
cys	  80.0	 -30.0	8.404962e-005	9.384103e+000
cys	  90.0	 -30.0	6.529512e-005	9.636593e+000
cys	 100.0	 -30.0	4.144096e-005	1.009124e+001
cys	 110.0	 -30.0	2.264732e-005	1.069547e+001
cys	 120.0	 -30.0	1.164702e-005	1.136046e+001
cys	 130.0	 -30.0	6.715617e-006	1.191107e+001
cys	 140.0	 -30.0	5.470976e-006	1.211605e+001
cys	 150.0	 -30.0	6.484424e-006	1.194611e+001
cys	 160.0	 -30.0	9.472348e-006	1.156713e+001
cys	 170.0	 -30.0	1.528948e-005	1.108835e+001
cys	-180.0	 -20.0	2.468365e-005	1.060937e+001
cys	-170.0	 -20.0	5.083834e-005	9.886860e+000
cys	-160.0	 -20.0	1.219720e-004	9.011719e+000
cys	-150.0	 -20.0	3.296497e-004	8.017480e+000
cys	-140.0	 -20.0	8.568493e-004	7.062248e+000
cys	-130.0	 -20.0	1.792042e-003	6.324399e+000
cys	-120.0	 -20.0	2.828817e-003	5.867897e+000
cys	-110.0	 -20.0	3.750615e-003	5.585836e+000
cys	-100.0	 -20.0	5.099209e-003	5.278670e+000
cys	 -90.0	 -20.0	8.163650e-003	4.808064e+000
cys	 -80.0	 -20.0	1.380171e-002	4.282963e+000
cys	 -70.0	 -20.0	1.846372e-002	3.991948e+000
cys	 -60.0	 -20.0	1.455892e-002	4.229551e+000
cys	 -50.0	 -20.0	5.726729e-003	5.162611e+000
cys	 -40.0	 -20.0	1.121899e-003	6.792733e+000
cys	 -30.0	 -20.0	1.293679e-004	8.952851e+000
cys	 -20.0	 -20.0	1.067751e-005	1.144737e+001
cys	 -10.0	 -20.0	8.781328e-007	1.394547e+001
cys	   0.0	 -20.0	5.244137e-007	1.446098e+001
cys	  10.0	 -20.0	1.257808e-006	1.358614e+001
cys	  20.0	 -20.0	4.028226e-006	1.242218e+001
cys	  30.0	 -20.0	1.378577e-005	1.119187e+001
cys	  40.0	 -20.0	4.119718e-005	1.009714e+001
cys	  50.0	 -20.0	9.514775e-005	9.260080e+000
cys	  60.0	 -20.0	1.612920e-004	8.732294e+000
cys	  70.0	 -20.0	1.990006e-004	8.522203e+000
cys	  80.0	 -20.0	1.821097e-004	8.610901e+000
cys	  90.0	 -20.0	1.281323e-004	8.962448e+000
cys	 100.0	 -20.0	7.252834e-005	9.531533e+000
cys	 110.0	 -20.0	3.485735e-005	1.026425e+001
cys	 120.0	 -20.0	1.539586e-005	1.108141e+001
cys	 130.0	 -20.0	7.318563e-006	1.182510e+001
cys	 140.0	 -20.0	4.937831e-006	1.221858e+001
cys	 150.0	 -20.0	5.410993e-006	1.212708e+001
cys	 160.0	 -20.0	7.981249e-006	1.173842e+001
cys	 170.0	 -20.0	1.341859e-005	1.121887e+001
cys	-180.0	 -10.0	2.451470e-005	1.061624e+001
cys	-170.0	 -10.0	5.499714e-005	9.808229e+000
cys	-160.0	 -10.0	1.369267e-004	8.896065e+000
cys	-150.0	 -10.0	3.732962e-004	7.893138e+000
cys	-140.0	 -10.0	1.004941e-003	6.902827e+000
cys	-130.0	 -10.0	2.237538e-003	6.102379e+000
cys	-120.0	 -10.0	3.821326e-003	5.567158e+000
cys	-110.0	 -10.0	5.512568e-003	5.200725e+000
cys	-100.0	 -10.0	7.706642e-003	4.865673e+000
cys	 -90.0	 -10.0	1.102228e-002	4.507836e+000
cys	 -80.0	 -10.0	1.454625e-002	4.230422e+000
cys	 -70.0	 -10.0	1.444158e-002	4.237644e+000
cys	 -60.0	 -10.0	8.708521e-003	4.743453e+000
cys	 -50.0	 -10.0	2.681775e-003	5.921276e+000
cys	 -40.0	 -10.0	4.115171e-004	7.795660e+000
cys	 -30.0	 -10.0	3.651095e-005	1.021790e+001
cys	 -20.0	 -10.0	2.477874e-006	1.290811e+001
cys	 -10.0	 -10.0	2.998409e-007	1.502001e+001
cys	   0.0	 -10.0	4.525077e-007	1.460846e+001
cys	  10.0	 -10.0	1.639524e-006	1.332110e+001
cys	  20.0	 -10.0	7.310781e-006	1.182616e+001
cys	  30.0	 -10.0	3.030259e-005	1.040428e+001
cys	  40.0	 -10.0	9.821212e-005	9.228381e+000
cys	  50.0	 -10.0	2.297626e-004	8.378464e+000
cys	  60.0	 -10.0	3.770906e-004	7.883025e+000
cys	  70.0	 -10.0	4.358793e-004	7.738145e+000
cys	  80.0	 -10.0	3.648622e-004	7.915991e+000
cys	  90.0	 -10.0	2.311144e-004	8.372598e+000
cys	 100.0	 -10.0	1.165844e-004	9.056895e+000
cys	 110.0	 -10.0	4.945671e-005	9.914413e+000
cys	 120.0	 -10.0	1.897322e-005	1.087248e+001
cys	 130.0	 -10.0	7.631729e-006	1.178320e+001
cys	 140.0	 -10.0	4.394324e-006	1.233520e+001
cys	 150.0	 -10.0	4.547088e-006	1.230102e+001
cys	 160.0	 -10.0	6.857660e-006	1.189014e+001
cys	 170.0	 -10.0	1.221553e-005	1.131280e+001
cys	-180.0	   0.0	2.977861e-005	1.042172e+001
cys	-170.0	   0.0	7.117695e-005	9.550342e+000
cys	-160.0	   0.0	1.688379e-004	8.686572e+000
cys	-150.0	   0.0	4.055680e-004	7.810222e+000
cys	-140.0	   0.0	1.004435e-003	6.903330e+000
cys	-130.0	   0.0	2.260696e-003	6.092083e+000
cys	-120.0	   0.0	4.103819e-003	5.495837e+000
cys	-110.0	   0.0	6.091654e-003	5.100836e+000
cys	-100.0	   0.0	7.915152e-003	4.838976e+000
cys	 -90.0	   0.0	9.312618e-003	4.676385e+000
cys	 -80.0	   0.0	9.126601e-003	4.696562e+000
cys	 -70.0	   0.0	6.421655e-003	5.048079e+000
cys	 -60.0	   0.0	2.846736e-003	5.861582e+000
cys	 -50.0	   0.0	6.854767e-004	7.285396e+000
cys	 -40.0	   0.0	8.568118e-005	9.364877e+000
cys	 -30.0	   0.0	6.358232e-006	1.196576e+001
cys	 -20.0	   0.0	4.436596e-007	1.462821e+001
cys	 -10.0	   0.0	1.769717e-007	1.554728e+001
cys	   0.0	   0.0	5.374134e-007	1.443650e+001
cys	  10.0	   0.0	2.746775e-006	1.280508e+001
cys	  20.0	   0.0	1.493172e-005	1.111202e+001
cys	  30.0	   0.0	6.699433e-005	9.610903e+000
cys	  40.0	   0.0	2.199616e-004	8.422058e+000
cys	  50.0	   0.0	5.007042e-004	7.599495e+000
cys	  60.0	   0.0	7.761074e-004	7.161220e+000
cys	  70.0	   0.0	8.273471e-004	7.097286e+000
cys	  80.0	   0.0	6.278007e-004	7.373288e+000
cys	  90.0	   0.0	3.572895e-004	7.936964e+000
cys	 100.0	   0.0	1.616405e-004	8.730136e+000
cys	 110.0	   0.0	6.140734e-005	9.697981e+000
cys	 120.0	   0.0	2.090968e-005	1.077530e+001
cys	 130.0	   0.0	7.389017e-006	1.181552e+001
cys	 140.0	   0.0	3.911770e-006	1.245152e+001
cys	 150.0	   0.0	4.151293e-006	1.239209e+001
cys	 160.0	   0.0	6.725311e-006	1.190963e+001
cys	 170.0	   0.0	1.322771e-005	1.123320e+001
cys	-180.0	  10.0	4.132167e-005	1.009412e+001
cys	-170.0	  10.0	1.017315e-004	9.193174e+000
cys	-160.0	  10.0	2.304563e-004	8.375449e+000
cys	-150.0	  10.0	4.868015e-004	7.627654e+000
cys	-140.0	  10.0	1.035738e-003	6.872641e+000
cys	-130.0	  10.0	2.147530e-003	6.143437e+000
cys	-120.0	  10.0	3.799994e-003	5.572756e+000
cys	-110.0	  10.0	5.305770e-003	5.238960e+000
cys	-100.0	  10.0	5.857689e-003	5.140000e+000
cys	 -90.0	  10.0	5.314817e-003	5.237257e+000
cys	 -80.0	  10.0	3.768555e-003	5.581064e+000
cys	 -70.0	  10.0	1.849451e-003	6.292867e+000
cys	 -60.0	  10.0	5.793637e-004	7.453580e+000
cys	 -50.0	  10.0	1.065074e-004	9.147296e+000
cys	 -40.0	  10.0	1.151327e-005	1.137201e+001
cys	 -30.0	  10.0	1.032745e-006	1.378329e+001
cys	 -20.0	  10.0	2.075184e-007	1.538805e+001
cys	 -10.0	  10.0	2.328420e-007	1.527291e+001
cys	   0.0	  10.0	9.428953e-007	1.387431e+001
cys	  10.0	  10.0	5.568111e-006	1.209845e+001
cys	  20.0	  10.0	3.138820e-005	1.036908e+001
cys	  30.0	  10.0	1.385138e-004	8.884540e+000
cys	  40.0	  10.0	4.356685e-004	7.738629e+000
cys	  50.0	  10.0	9.321250e-004	6.978044e+000
cys	  60.0	  10.0	1.333505e-003	6.619944e+000
cys	  70.0	  10.0	1.289822e-003	6.653251e+000
cys	  80.0	  10.0	8.775215e-004	7.038409e+000
cys	  90.0	  10.0	4.469387e-004	7.713089e+000
cys	 100.0	  10.0	1.825977e-004	8.608225e+000
cys	 110.0	  10.0	6.338078e-005	9.666350e+000
cys	 120.0	  10.0	1.979612e-005	1.083002e+001
cys	 130.0	  10.0	6.507909e-006	1.194249e+001
cys	 140.0	  10.0	3.564476e-006	1.254449e+001
cys	 150.0	  10.0	4.305512e-006	1.235561e+001
cys	 160.0	  10.0	7.762406e-006	1.176622e+001
cys	 170.0	  10.0	1.688322e-005	1.098919e+001
cys	-180.0	  20.0	5.574875e-005	9.794656e+000
cys	-170.0	  20.0	1.380550e-004	8.887859e+000
cys	-160.0	  20.0	3.071259e-004	8.088253e+000
cys	-150.0	  20.0	6.119579e-004	7.398847e+000
cys	-140.0	  20.0	1.155037e-003	6.763623e+000
cys	-130.0	  20.0	2.074587e-003	6.177993e+000
cys	-120.0	  20.0	3.232870e-003	5.734385e+000
cys	-110.0	  20.0	3.948642e-003	5.534383e+000
cys	-100.0	  20.0	3.599897e-003	5.626850e+000
cys	 -90.0	  20.0	2.488474e-003	5.996085e+000
cys	 -80.0	  20.0	1.297117e-003	6.647611e+000
cys	 -70.0	  20.0	4.712419e-004	7.660139e+000
cys	 -60.0	  20.0	1.147373e-004	9.072866e+000
cys	 -50.0	  20.0	2.026649e-005	1.080654e+001
cys	 -40.0	  20.0	3.678821e-006	1.251292e+001
cys	 -30.0	  20.0	9.773662e-007	1.383840e+001
cys	 -20.0	  20.0	3.876967e-007	1.476304e+001
cys	 -10.0	  20.0	5.030330e-007	1.450261e+001
cys	   0.0	  20.0	2.166867e-006	1.304223e+001
cys	  10.0	  20.0	1.234414e-005	1.130233e+001
cys	  20.0	  20.0	6.449427e-005	9.648934e+000
cys	  30.0	  20.0	2.613794e-004	8.249538e+000
cys	  40.0	  20.0	7.525977e-004	7.191980e+000
cys	  50.0	  20.0	1.466753e-003	6.524704e+000
cys	  60.0	  20.0	1.893225e-003	6.269473e+000
cys	  70.0	  20.0	1.630713e-003	6.418738e+000
cys	  80.0	  20.0	9.778357e-004	6.930169e+000
cys	  90.0	  20.0	4.400808e-004	7.728552e+000
cys	 100.0	  20.0	1.623018e-004	8.726053e+000
cys	 110.0	  20.0	5.243553e-005	9.855926e+000
cys	 120.0	  20.0	1.564831e-005	1.106515e+001
cys	 130.0	  20.0	5.203392e-006	1.216620e+001
cys	 140.0	  20.0	3.368698e-006	1.260098e+001
cys	 150.0	  20.0	4.822690e-006	1.224218e+001
cys	 160.0	  20.0	9.500738e-006	1.156414e+001
cys	 170.0	  20.0	2.198963e-005	1.072494e+001
cys	-180.0	  30.0	6.990625e-005	9.568356e+000
cys	-170.0	  30.0	1.720578e-004	8.667680e+000
cys	-160.0	  30.0	3.761227e-004	7.885595e+000
cys	-150.0	  30.0	7.174361e-004	7.239827e+000
cys	-140.0	  30.0	1.216962e-003	6.711397e+000
cys	-130.0	  30.0	1.847899e-003	6.293706e+000
cys	-120.0	  30.0	2.403294e-003	6.030915e+000
cys	-110.0	  30.0	2.485486e-003	5.997287e+000
cys	-100.0	  30.0	1.923898e-003	6.253402e+000
cys	 -90.0	  30.0	1.107048e-003	6.806059e+000
cys	 -80.0	  30.0	4.884580e-004	7.624257e+000
cys	 -70.0	  30.0	1.697564e-004	8.681146e+000
cys	 -60.0	  30.0	5.121307e-005	9.879516e+000
cys	 -50.0	  30.0	1.616107e-005	1.103291e+001
cys	 -40.0	  30.0	5.620018e-006	1.208918e+001
cys	 -30.0	  30.0	1.969393e-006	1.313779e+001
cys	 -20.0	  30.0	8.301949e-007	1.400161e+001
cys	 -10.0	  30.0	1.166286e-006	1.366169e+001
cys	   0.0	  30.0	4.970364e-006	1.221202e+001
cys	  10.0	  30.0	2.590294e-005	1.056115e+001
cys	  20.0	  30.0	1.212035e-004	9.018039e+000
cys	  30.0	  30.0	4.385415e-004	7.732056e+000
cys	  40.0	  30.0	1.127378e-003	6.787861e+000
cys	  50.0	  30.0	1.961360e-003	6.234117e+000
cys	  60.0	  30.0	2.251447e-003	6.096182e+000
cys	  70.0	  30.0	1.707196e-003	6.372903e+000
cys	  80.0	  30.0	8.894075e-004	7.024955e+000
cys	  90.0	  30.0	3.471499e-004	7.965754e+000
cys	 100.0	  30.0	1.142397e-004	9.077212e+000
cys	 110.0	  30.0	3.481251e-005	1.026553e+001
cys	 120.0	  30.0	1.044914e-005	1.146899e+001
cys	 130.0	  30.0	3.932406e-006	1.244626e+001
cys	 140.0	  30.0	3.270673e-006	1.263051e+001
cys	 150.0	  30.0	5.366265e-006	1.213538e+001
cys	 160.0	  30.0	1.124756e-005	1.139536e+001
cys	 170.0	  30.0	2.714716e-005	1.051424e+001
cys	-180.0	  40.0	8.662496e-005	9.353923e+000
cys	-170.0	  40.0	2.101197e-004	8.467833e+000
cys	-160.0	  40.0	4.441838e-004	7.719272e+000
cys	-150.0	  40.0	7.993400e-004	7.131724e+000
cys	-140.0	  40.0	1.214181e-003	6.713686e+000
cys	-130.0	  40.0	1.548785e-003	6.470284e+000
cys	-120.0	  40.0	1.641051e-003	6.412418e+000
cys	-110.0	  40.0	1.410018e-003	6.564153e+000
cys	-100.0	  40.0	9.571236e-004	6.951578e+000
cys	 -90.0	  40.0	5.239037e-004	7.554203e+000
cys	 -80.0	  40.0	2.537452e-004	8.279180e+000
cys	 -70.0	  40.0	1.194872e-004	9.032302e+000
cys	 -60.0	  40.0	5.594238e-005	9.791188e+000
cys	 -50.0	  40.0	2.493985e-005	1.059904e+001
cys	 -40.0	  40.0	1.002232e-005	1.151070e+001
cys	 -30.0	  40.0	3.631180e-006	1.252595e+001
cys	 -20.0	  40.0	1.566402e-006	1.336673e+001
cys	 -10.0	  40.0	2.301836e-006	1.298180e+001
cys	   0.0	  40.0	9.363688e-006	1.157867e+001
cys	  10.0	  40.0	4.445692e-005	1.002099e+001
cys	  20.0	  40.0	1.873135e-004	8.582727e+000
cys	  30.0	  40.0	6.080077e-004	7.405323e+000
cys	  40.0	  40.0	1.397676e-003	6.572944e+000
cys	  50.0	  40.0	2.170110e-003	6.132977e+000
cys	  60.0	  40.0	2.220284e-003	6.110120e+000
cys	  70.0	  40.0	1.492858e-003	6.507063e+000
cys	  80.0	  40.0	6.814098e-004	7.291347e+000
cys	  90.0	  40.0	2.309740e-004	8.373205e+000
cys	 100.0	  40.0	6.781677e-005	9.598701e+000
cys	 110.0	  40.0	2.007356e-005	1.081611e+001
cys	 120.0	  40.0	6.595046e-006	1.192919e+001
cys	 130.0	  40.0	3.125588e-006	1.267589e+001
cys	 140.0	  40.0	3.224609e-006	1.264470e+001
cys	 150.0	  40.0	5.773785e-006	1.206218e+001
cys	 160.0	  40.0	1.295818e-005	1.125378e+001
cys	 170.0	  40.0	3.304717e-005	1.031757e+001
cys	-180.0	  50.0	1.139008e-004	9.080183e+000
cys	-170.0	  50.0	2.679602e-004	8.224672e+000
cys	-160.0	  50.0	5.382434e-004	7.527200e+000
cys	-150.0	  50.0	9.077235e-004	7.004571e+000
cys	-140.0	  50.0	1.261154e-003	6.675728e+000
cys	-130.0	  50.0	1.411690e-003	6.562968e+000
cys	-120.0	  50.0	1.263279e-003	6.674044e+000
cys	-110.0	  50.0	9.231715e-004	6.987696e+000
cys	-100.0	  50.0	5.840661e-004	7.445496e+000
cys	 -90.0	  50.0	3.543688e-004	7.945172e+000
cys	 -80.0	  50.0	2.234101e-004	8.406501e+000
cys	 -70.0	  50.0	1.400559e-004	8.873469e+000
cys	 -60.0	  50.0	7.935457e-005	9.441585e+000
cys	 -50.0	  50.0	3.851629e-005	1.016443e+001
cys	 -40.0	  50.0	1.584426e-005	1.105270e+001
cys	 -30.0	  50.0	5.735749e-006	1.206879e+001
cys	 -20.0	  50.0	2.477228e-006	1.290837e+001
cys	 -10.0	  50.0	3.574624e-006	1.254165e+001
cys	   0.0	  50.0	1.335512e-005	1.122361e+001
cys	  10.0	  50.0	5.714485e-005	9.769921e+000
cys	  20.0	  50.0	2.176886e-004	8.432445e+000
cys	  30.0	  50.0	6.418171e-004	7.351207e+000
cys	  40.0	  50.0	1.340301e-003	6.614861e+000
cys	  50.0	  50.0	1.887094e-003	6.272717e+000
cys	  60.0	  50.0	1.750570e-003	6.347814e+000
cys	  70.0	  50.0	1.068802e-003	6.841216e+000
cys	  80.0	  50.0	4.433890e-004	7.721063e+000
cys	  90.0	  50.0	1.376195e-004	8.891018e+000
cys	 100.0	  50.0	3.889820e-005	1.015456e+001
cys	 110.0	  50.0	1.250236e-005	1.128959e+001
cys	 120.0	  50.0	5.025952e-006	1.220090e+001
cys	 130.0	  50.0	2.932470e-006	1.273967e+001
cys	 140.0	  50.0	3.286547e-006	1.262567e+001
cys	 150.0	  50.0	6.326603e-006	1.197075e+001
cys	 160.0	  50.0	1.573921e-005	1.105936e+001
cys	 170.0	  50.0	4.301322e-005	1.005400e+001
cys	-180.0	  60.0	1.567338e-004	8.760962e+000
cys	-170.0	  60.0	3.505353e-004	7.956049e+000
cys	-160.0	  60.0	6.624556e-004	7.319557e+000
cys	-150.0	  60.0	1.054142e-003	6.855028e+000
cys	-140.0	  60.0	1.389286e-003	6.578965e+000
cys	-130.0	  60.0	1.466013e-003	6.525209e+000
cys	-120.0	  60.0	1.215741e-003	6.712402e+000
cys	-110.0	  60.0	8.263476e-004	7.098495e+000
cys	-100.0	  60.0	5.258183e-004	7.550555e+000
cys	 -90.0	  60.0	3.642165e-004	7.917762e+000
cys	 -80.0	  60.0	2.700081e-004	8.217059e+000
cys	 -70.0	  60.0	1.863454e-004	8.587909e+000
cys	 -60.0	  60.0	1.092986e-004	9.121427e+000
cys	 -50.0	  60.0	5.312661e-005	9.842833e+000
cys	 -40.0	  60.0	2.157876e-005	1.074380e+001
cys	 -30.0	  60.0	7.675808e-006	1.177744e+001
cys	 -20.0	  60.0	3.236871e-006	1.264090e+001
cys	 -10.0	  60.0	4.336745e-006	1.234839e+001
cys	   0.0	  60.0	1.436354e-005	1.115082e+001
cys	  10.0	  60.0	5.418056e-005	9.823188e+000
cys	  20.0	  60.0	1.848594e-004	8.595915e+000
cys	  30.0	  60.0	4.970527e-004	7.606815e+000
cys	  40.0	  60.0	9.569597e-004	6.951749e+000
cys	  50.0	  60.0	1.248735e-003	6.685624e+000
cys	  60.0	  60.0	1.079303e-003	6.831440e+000
cys	  70.0	  60.0	6.212511e-004	7.383775e+000
cys	  80.0	  60.0	2.496764e-004	8.295345e+000
cys	  90.0	  60.0	7.998477e-005	9.433674e+000
cys	 100.0	  60.0	2.620710e-005	1.054948e+001
cys	 110.0	  60.0	1.063113e-005	1.145172e+001
cys	 120.0	  60.0	5.193760e-006	1.216805e+001
cys	 130.0	  60.0	3.242385e-006	1.263920e+001
cys	 140.0	  60.0	3.618551e-006	1.252944e+001
cys	 150.0	  60.0	7.629492e-006	1.178349e+001
cys	 160.0	  60.0	2.116314e-005	1.076325e+001
cys	 170.0	  60.0	6.032064e-005	9.715836e+000
cys	-180.0	  70.0	2.079900e-004	8.478021e+000
cys	-170.0	  70.0	4.381444e-004	7.732962e+000
cys	-160.0	  70.0	7.774330e-004	7.159513e+000
cys	-150.0	  70.0	1.175040e-003	6.746453e+000
cys	-140.0	  70.0	1.504954e-003	6.498993e+000
cys	-130.0	  70.0	1.576784e-003	6.452368e+000
cys	-120.0	  70.0	1.317361e-003	6.632125e+000
cys	-110.0	  70.0	9.192279e-004	6.991976e+000
cys	-100.0	  70.0	6.214746e-004	7.383415e+000
cys	 -90.0	  70.0	4.654272e-004	7.672555e+000
cys	 -80.0	  70.0	3.604928e-004	7.928039e+000
cys	 -70.0	  70.0	2.483032e-004	8.300860e+000
cys	 -60.0	  70.0	1.411764e-004	8.865500e+000
cys	 -50.0	  70.0	6.570169e-005	9.630386e+000
cys	 -40.0	  70.0	2.554836e-005	1.057494e+001
cys	 -30.0	  70.0	8.741900e-006	1.164738e+001
cys	 -20.0	  70.0	3.510504e-006	1.255975e+001
cys	 -10.0	  70.0	4.217163e-006	1.237635e+001
cys	   0.0	  70.0	1.213678e-005	1.131927e+001
cys	  10.0	  70.0	3.947160e-005	1.013993e+001
cys	  20.0	  70.0	1.182731e-004	9.042515e+000
cys	  30.0	  70.0	2.879279e-004	8.152800e+000
cys	  40.0	  70.0	5.148596e-004	7.571616e+000
cys	  50.0	  70.0	6.359793e-004	7.360345e+000
cys	  60.0	  70.0	5.306341e-004	7.541438e+000
cys	  70.0	  70.0	3.049248e-004	8.095445e+000
cys	  80.0	  70.0	1.313807e-004	8.937411e+000
cys	  90.0	  70.0	5.123599e-005	9.879068e+000
cys	 100.0	  70.0	2.246105e-005	1.070373e+001
cys	 110.0	  70.0	1.137439e-005	1.138415e+001
cys	 120.0	  70.0	6.137055e-006	1.200117e+001
cys	 130.0	  70.0	3.862091e-006	1.246430e+001
cys	 140.0	  70.0	4.344159e-006	1.234668e+001
cys	 150.0	  70.0	9.997841e-006	1.151314e+001
cys	 160.0	  70.0	2.939605e-005	1.043465e+001
cys	 170.0	  70.0	8.349360e-005	9.390741e+000
cys	-180.0	  80.0	2.486416e-004	8.299498e+000
cys	-170.0	  80.0	4.970091e-004	7.606902e+000
cys	-160.0	  80.0	8.348054e-004	7.088312e+000
cys	-150.0	  80.0	1.205388e-003	6.720954e+000
cys	-140.0	  80.0	1.515962e-003	6.491705e+000
cys	-130.0	  80.0	1.625894e-003	6.421698e+000
cys	-120.0	  80.0	1.459172e-003	6.529886e+000
cys	-110.0	  80.0	1.142857e-003	6.774224e+000
cys	-100.0	  80.0	8.694382e-004	7.047663e+000
cys	 -90.0	  80.0	6.876783e-004	7.282189e+000
cys	 -80.0	  80.0	5.244643e-004	7.553133e+000
cys	 -70.0	  80.0	3.417915e-004	7.981310e+000
cys	 -60.0	  80.0	1.796705e-004	8.624386e+000
cys	 -50.0	  80.0	7.654708e-005	9.477605e+000
cys	 -40.0	  80.0	2.747977e-005	1.050206e+001
cys	 -30.0	  80.0	8.840602e-006	1.163616e+001
cys	 -20.0	  80.0	3.296038e-006	1.262279e+001
cys	 -10.0	  80.0	3.437231e-006	1.258084e+001
cys	   0.0	  80.0	8.569827e-006	1.166726e+001
cys	  10.0	  80.0	2.385105e-005	1.064368e+001
cys	  20.0	  80.0	6.158260e-005	9.695131e+000
cys	  30.0	  80.0	1.337524e-004	8.919520e+000
cys	  40.0	  80.0	2.223001e-004	8.411482e+000
cys	  50.0	  80.0	2.654052e-004	8.234253e+000
cys	  60.0	  80.0	2.240061e-004	8.403837e+000
cys	  70.0	  80.0	1.399100e-004	8.874511e+000
cys	  80.0	  80.0	7.350760e-005	9.518122e+000
cys	  90.0	  80.0	3.867742e-005	1.016025e+001
cys	 100.0	  80.0	2.192005e-005	1.072811e+001
cys	 110.0	  80.0	1.266376e-005	1.127677e+001
cys	 120.0	  80.0	7.211541e-006	1.183983e+001
cys	 130.0	  80.0	4.621636e-006	1.228476e+001
cys	 140.0	  80.0	5.348046e-006	1.213878e+001
cys	 150.0	  80.0	1.283035e-005	1.126370e+001
cys	 160.0	  80.0	3.783081e-005	1.018239e+001
cys	 170.0	  80.0	1.043778e-004	9.167493e+000
cys	-180.0	  90.0	2.637775e-004	8.240405e+000
cys	-170.0	  90.0	5.123720e-004	7.576460e+000
cys	-160.0	  90.0	8.355275e-004	7.087447e+000
cys	-150.0	  90.0	1.176432e-003	6.745269e+000
cys	-140.0	  90.0	1.476460e-003	6.518108e+000
cys	-130.0	  90.0	1.659959e-003	6.400963e+000
cys	-120.0	  90.0	1.670260e-003	6.394776e+000
cys	-110.0	  90.0	1.542616e-003	6.474275e+000
cys	-100.0	  90.0	1.353661e-003	6.604942e+000
cys	 -90.0	  90.0	1.129174e-003	6.786269e+000
cys	 -80.0	  90.0	8.443609e-004	7.076931e+000
cys	 -70.0	  90.0	5.228517e-004	7.556213e+000
cys	 -60.0	  90.0	2.540996e-004	8.277784e+000
cys	 -50.0	  90.0	9.818758e-005	9.228631e+000
cys	 -40.0	  90.0	3.305616e-005	1.031730e+001
cys	 -30.0	  90.0	1.060650e-005	1.145404e+001
cys	 -20.0	  90.0	3.638622e-006	1.252391e+001
cys	 -10.0	  90.0	2.683728e-006	1.282830e+001
cys	   0.0	  90.0	5.459650e-006	1.211813e+001
cys	  10.0	  90.0	1.316895e-005	1.123765e+001
cys	  20.0	  90.0	2.934293e-005	1.043646e+001
cys	  30.0	  90.0	5.643036e-005	9.782503e+000
cys	  40.0	  90.0	8.746858e-005	9.344231e+000
cys	  50.0	  90.0	1.039824e-004	9.171288e+000
cys	  60.0	  90.0	9.491813e-005	9.262496e+000
cys	  70.0	  90.0	7.124417e-005	9.549398e+000
cys	  80.0	  90.0	4.915624e-005	9.920507e+000
cys	  90.0	  90.0	3.342923e-005	1.030608e+001
cys	 100.0	  90.0	2.212676e-005	1.071872e+001
cys	 110.0	  90.0	1.381177e-005	1.118999e+001
cys	 120.0	  90.0	8.217628e-006	1.170923e+001
cys	 130.0	  90.0	5.397954e-006	1.212949e+001
cys	 140.0	  90.0	6.260237e-006	1.198129e+001
cys	 150.0	  90.0	1.481057e-005	1.112017e+001
cys	 160.0	  90.0	4.259124e-005	1.006386e+001
cys	 170.0	  90.0	1.140362e-004	9.078994e+000
cys	-180.0	 100.0	2.588592e-004	8.259226e+000
cys	-170.0	 100.0	5.085698e-004	7.583908e+000
cys	-160.0	 100.0	8.408525e-004	7.081094e+000
cys	-150.0	 100.0	1.203193e-003	6.722776e+000
cys	-140.0	 100.0	1.545848e-003	6.472182e+000
cys	-130.0	 100.0	1.821697e-003	6.307987e+000
cys	-120.0	 100.0	2.019564e-003	6.204874e+000
cys	-110.0	 100.0	2.153537e-003	6.140644e+000
cys	-100.0	 100.0	2.159712e-003	6.137780e+000
cys	 -90.0	 100.0	1.954852e-003	6.237441e+000
cys	 -80.0	 100.0	1.565096e-003	6.459808e+000
cys	 -70.0	 100.0	1.062530e-003	6.847103e+000
cys	 -60.0	 100.0	5.549033e-004	7.496717e+000
cys	 -50.0	 100.0	2.238081e-004	8.404722e+000
cys	 -40.0	 100.0	8.142655e-005	9.415809e+000
cys	 -30.0	 100.0	2.936012e-005	1.043587e+001
cys	 -20.0	 100.0	9.604174e-006	1.155331e+001
cys	 -10.0	 100.0	3.425518e-006	1.258426e+001
cys	   0.0	 100.0	3.636344e-006	1.252453e+001
cys	  10.0	 100.0	7.443867e-006	1.180812e+001
cys	  20.0	 100.0	1.485594e-005	1.111711e+001
cys	  30.0	 100.0	2.607614e-005	1.055449e+001
cys	  40.0	 100.0	3.888868e-005	1.015481e+001
cys	  50.0	 100.0	4.830435e-005	9.937989e+000
cys	  60.0	 100.0	5.067359e-005	9.890106e+000
cys	  70.0	 100.0	4.695149e-005	9.966396e+000
cys	  80.0	 100.0	3.995396e-005	1.012778e+001
cys	  90.0	 100.0	3.143410e-005	1.036762e+001
cys	 100.0	 100.0	2.264090e-005	1.069575e+001
cys	 110.0	 100.0	1.491252e-005	1.111331e+001
cys	 120.0	 100.0	9.223110e-006	1.159380e+001
cys	 130.0	 100.0	6.121507e-006	1.200370e+001
cys	 140.0	 100.0	6.714470e-006	1.191125e+001
cys	 150.0	 100.0	1.495726e-005	1.111031e+001
cys	 160.0	 100.0	4.192599e-005	1.007960e+001
cys	 170.0	 100.0	1.114066e-004	9.102324e+000
cys	-180.0	 110.0	2.563579e-004	8.268936e+000
cys	-170.0	 110.0	5.308477e-004	7.541035e+000
cys	-160.0	 110.0	9.261695e-004	6.984453e+000
cys	-150.0	 110.0	1.394415e-003	6.575280e+000
cys	-140.0	 110.0	1.846030e-003	6.294718e+000
cys	-130.0	 110.0	2.189664e-003	6.124007e+000
cys	-120.0	 110.0	2.489445e-003	5.995696e+000
cys	-110.0	 110.0	2.889622e-003	5.846630e+000
cys	-100.0	 110.0	3.257056e-003	5.726931e+000
cys	 -90.0	 110.0	3.367396e-003	5.693616e+000
cys	 -80.0	 110.0	3.325227e-003	5.706217e+000
cys	 -70.0	 110.0	2.937403e-003	5.830230e+000
cys	 -60.0	 110.0	1.925081e-003	6.252787e+000
cys	 -50.0	 110.0	9.084451e-004	7.003776e+000
cys	 -40.0	 110.0	3.409751e-004	7.983701e+000
cys	 -30.0	 110.0	1.159174e-004	9.062633e+000
cys	 -20.0	 110.0	3.503528e-005	1.025916e+001
cys	 -10.0	 110.0	8.709276e-006	1.165112e+001
cys	   0.0	 110.0	3.430278e-006	1.258287e+001
cys	  10.0	 110.0	4.901390e-006	1.222599e+001
cys	  20.0	 110.0	9.140515e-006	1.160279e+001
cys	  30.0	 110.0	1.559918e-005	1.106829e+001
cys	  40.0	 110.0	2.359594e-005	1.065444e+001
cys	  50.0	 110.0	3.146174e-005	1.036674e+001
cys	  60.0	 110.0	3.712596e-005	1.020119e+001
cys	  70.0	 110.0	3.908367e-005	1.014981e+001
cys	  80.0	 110.0	3.684642e-005	1.020875e+001
cys	  90.0	 110.0	3.110271e-005	1.037822e+001
cys	 100.0	 110.0	2.355660e-005	1.065610e+001
cys	 110.0	 110.0	1.615385e-005	1.103335e+001
cys	 120.0	 110.0	1.029217e-005	1.148413e+001
cys	 130.0	 110.0	6.762473e-006	1.190412e+001
cys	 140.0	 110.0	6.652101e-006	1.192058e+001
cys	 150.0	 110.0	1.351623e-005	1.121162e+001
cys	 160.0	 110.0	3.790786e-005	1.018035e+001
cys	 170.0	 110.0	1.048087e-004	9.163374e+000
cys	-180.0	 120.0	2.763316e-004	8.193909e+000
cys	-170.0	 120.0	6.061963e-004	7.408307e+000
cys	-160.0	 120.0	1.118477e-003	6.795787e+000
cys	-150.0	 120.0	1.768954e-003	6.337367e+000
cys	-140.0	 120.0	2.373145e-003	6.043539e+000
cys	-130.0	 120.0	2.720974e-003	5.906765e+000
cys	-120.0	 120.0	2.961476e-003	5.822068e+000
cys	-110.0	 120.0	3.500694e-003	5.654794e+000
cys	-100.0	 120.0	4.317443e-003	5.445092e+000
cys	 -90.0	 120.0	5.223757e-003	5.254538e+000
cys	 -80.0	 120.0	6.638496e-003	5.014870e+000
cys	 -70.0	 120.0	7.682570e-003	4.868801e+000
cys	 -60.0	 120.0	6.266335e-003	5.072564e+000
cys	 -50.0	 120.0	3.260241e-003	5.725954e+000
cys	 -40.0	 120.0	1.135358e-003	6.780808e+000
cys	 -30.0	 120.0	3.287107e-004	8.020332e+000
cys	 -20.0	 120.0	8.879028e-005	9.329233e+000
cys	 -10.0	 120.0	1.982555e-005	1.082854e+001
cys	   0.0	 120.0	4.654481e-006	1.227768e+001
cys	  10.0	 120.0	4.036468e-006	1.242014e+001
cys	  20.0	 120.0	7.067735e-006	1.185997e+001
cys	  30.0	 120.0	1.210365e-005	1.132200e+001
cys	  40.0	 120.0	1.882856e-005	1.088014e+001
cys	  50.0	 120.0	2.632357e-005	1.054505e+001
cys	  60.0	 120.0	3.287004e-005	1.032295e+001
cys	  70.0	 120.0	3.650277e-005	1.021812e+001
cys	  80.0	 120.0	3.597672e-005	1.023264e+001
cys	  90.0	 120.0	3.150418e-005	1.036539e+001
cys	 100.0	 120.0	2.463705e-005	1.061126e+001
cys	 110.0	 120.0	1.737807e-005	1.096030e+001
cys	 120.0	 120.0	1.128965e-005	1.139162e+001
cys	 130.0	 120.0	7.279361e-006	1.183047e+001
cys	 140.0	 120.0	6.333707e-006	1.196962e+001
cys	 150.0	 120.0	1.173085e-005	1.135329e+001
cys	 160.0	 120.0	3.464495e-005	1.027036e+001
cys	 170.0	 120.0	1.048096e-004	9.163365e+000
cys	-180.0	 130.0	3.241493e-004	8.034306e+000
cys	-170.0	 130.0	7.370571e-004	7.212845e+000
cys	-160.0	 130.0	1.394800e-003	6.575004e+000
cys	-150.0	 130.0	2.234076e-003	6.103927e+000
cys	-140.0	 130.0	2.969278e-003	5.819436e+000
cys	-130.0	 130.0	3.284663e-003	5.718491e+000
cys	-120.0	 130.0	3.364770e-003	5.694396e+000
cys	-110.0	 130.0	3.831944e-003	5.564383e+000
cys	-100.0	 130.0	4.912570e-003	5.315958e+000
cys	 -90.0	 130.0	6.583996e-003	5.023113e+000
cys	 -80.0	 130.0	9.820918e-003	4.623241e+000
cys	 -70.0	 130.0	1.371364e-002	4.289364e+000
cys	 -60.0	 130.0	1.289597e-002	4.350840e+000
cys	 -50.0	 130.0	6.886230e-003	4.978231e+000
cys	 -40.0	 130.0	2.181920e-003	6.127550e+000
cys	 -30.0	 130.0	5.452988e-004	7.514177e+000
cys	 -20.0	 130.0	1.334676e-004	8.921652e+000
cys	 -10.0	 130.0	2.840477e-005	1.046895e+001
cys	   0.0	 130.0	5.746265e-006	1.206696e+001
cys	  10.0	 130.0	3.800701e-006	1.248032e+001
cys	  20.0	 130.0	6.328917e-006	1.197038e+001
cys	  30.0	 130.0	1.083062e-005	1.143313e+001
cys	  40.0	 130.0	1.704348e-005	1.097974e+001
cys	  50.0	 130.0	2.426306e-005	1.062656e+001
cys	  60.0	 130.0	3.093808e-005	1.038352e+001
cys	  70.0	 130.0	3.509971e-005	1.025732e+001
cys	  80.0	 130.0	3.532667e-005	1.025087e+001
cys	  90.0	 130.0	3.157505e-005	1.036314e+001
cys	 100.0	 130.0	2.518690e-005	1.058919e+001
cys	 110.0	 130.0	1.809344e-005	1.091996e+001
cys	 120.0	 130.0	1.190396e-005	1.133864e+001
cys	 130.0	 130.0	7.569708e-006	1.179136e+001
cys	 140.0	 130.0	6.006084e-006	1.202274e+001
cys	 150.0	 130.0	1.055738e-005	1.145869e+001
cys	 160.0	 130.0	3.438245e-005	1.027796e+001
cys	 170.0	 130.0	1.154084e-004	9.067034e+000
cys	-180.0	 140.0	4.357626e-004	7.738413e+000
cys	-170.0	 140.0	1.034128e-003	6.874197e+000
cys	-160.0	 140.0	1.932001e-003	6.249199e+000
cys	-150.0	 140.0	2.892665e-003	5.845577e+000
cys	-140.0	 140.0	3.586450e-003	5.630592e+000
cys	-130.0	 140.0	3.831108e-003	5.564601e+000
cys	-120.0	 140.0	3.799527e-003	5.572879e+000
cys	-110.0	 140.0	4.058965e-003	5.506827e+000
cys	-100.0	 140.0	5.013149e-003	5.295691e+000
cys	 -90.0	 140.0	6.769774e-003	4.995288e+000
cys	 -80.0	 140.0	1.046820e-002	4.559413e+000
cys	 -70.0	 140.0	1.529800e-002	4.180033e+000
cys	 -60.0	 140.0	1.460975e-002	4.226066e+000
cys	 -50.0	 140.0	7.541856e-003	4.887287e+000
cys	 -40.0	 140.0	2.198400e-003	6.120026e+000
cys	 -30.0	 140.0	4.972986e-004	7.606320e+000
cys	 -20.0	 140.0	1.152494e-004	9.068412e+000
cys	 -10.0	 140.0	2.420297e-005	1.062904e+001
cys	   0.0	 140.0	5.065591e-006	1.219304e+001
cys	  10.0	 140.0	3.584232e-006	1.253897e+001
cys	  20.0	 140.0	5.948155e-006	1.203243e+001
cys	  30.0	 140.0	1.009247e-005	1.150372e+001
cys	  40.0	 140.0	1.583418e-005	1.105334e+001
cys	  50.0	 140.0	2.257597e-005	1.069862e+001
cys	  60.0	 140.0	2.892989e-005	1.045064e+001
cys	  70.0	 140.0	3.307278e-005	1.031680e+001
cys	  80.0	 140.0	3.361156e-005	1.030064e+001
cys	  90.0	 140.0	3.038107e-005	1.040169e+001
cys	 100.0	 140.0	2.452996e-005	1.061562e+001
cys	 110.0	 140.0	1.783805e-005	1.093418e+001
cys	 120.0	 140.0	1.185273e-005	1.134295e+001
cys	 130.0	 140.0	7.508684e-006	1.179945e+001
cys	 140.0	 140.0	5.705804e-006	1.207403e+001
cys	 150.0	 140.0	1.022543e-005	1.149063e+001
cys	 160.0	 140.0	3.811979e-005	1.017478e+001
cys	 170.0	 140.0	1.435552e-004	8.848791e+000
cys	-180.0	 150.0	7.357043e-004	7.214682e+000
cys	-170.0	 150.0	1.806848e-003	6.316172e+000
cys	-160.0	 150.0	3.208621e-003	5.741914e+000
cys	-150.0	 150.0	4.173511e-003	5.478998e+000
cys	-140.0	 150.0	4.391996e-003	5.427971e+000
cys	-130.0	 150.0	4.265558e-003	5.457182e+000
cys	-120.0	 150.0	4.056887e-003	5.507339e+000
cys	-110.0	 150.0	4.045758e-003	5.510086e+000
cys	-100.0	 150.0	4.656358e-003	5.369522e+000
cys	 -90.0	 150.0	6.107018e-003	5.098317e+000
cys	 -80.0	 150.0	8.968084e-003	4.714083e+000
cys	 -70.0	 150.0	1.171272e-002	4.447080e+000
cys	 -60.0	 150.0	9.891118e-003	4.616118e+000
cys	 -50.0	 150.0	4.627139e-003	5.375817e+000
cys	 -40.0	 150.0	1.238804e-003	6.693609e+000
cys	 -30.0	 150.0	2.601604e-004	8.254212e+000
cys	 -20.0	 150.0	5.878466e-005	9.741630e+000
cys	 -10.0	 150.0	1.263549e-005	1.127900e+001
cys	   0.0	 150.0	3.371536e-006	1.260014e+001
cys	  10.0	 150.0	3.321983e-006	1.261495e+001
cys	  20.0	 150.0	5.635536e-006	1.208642e+001
cys	  30.0	 150.0	9.405820e-006	1.157418e+001
cys	  40.0	 150.0	1.455202e-005	1.113778e+001
cys	  50.0	 150.0	2.054976e-005	1.079266e+001
cys	  60.0	 150.0	2.619541e-005	1.054993e+001
cys	  70.0	 150.0	2.990894e-005	1.041735e+001
cys	  80.0	 150.0	3.046298e-005	1.039900e+001
cys	  90.0	 150.0	2.767408e-005	1.049501e+001
cys	 100.0	 150.0	2.250708e-005	1.070168e+001
cys	 110.0	 150.0	1.651246e-005	1.101140e+001
cys	 120.0	 150.0	1.107485e-005	1.141083e+001
cys	 130.0	 150.0	7.067657e-006	1.185998e+001
cys	 140.0	 150.0	5.494876e-006	1.211169e+001
cys	 150.0	 150.0	1.148589e-005	1.137439e+001
cys	 160.0	 150.0	5.172934e-005	9.869486e+000
cys	 170.0	 150.0	2.220132e-004	8.412774e+000
cys	-180.0	 160.0	1.213279e-003	6.714429e+000
cys	-170.0	 160.0	2.929487e-003	5.832928e+000
cys	-160.0	 160.0	4.854480e-003	5.327853e+000
cys	-150.0	 160.0	5.549723e-003	5.194007e+000
cys	-140.0	 160.0	4.855236e-003	5.327698e+000
cys	-130.0	 160.0	4.005153e-003	5.520174e+000
cys	-120.0	 160.0	3.497602e-003	5.655678e+000
cys	-110.0	 160.0	3.307671e-003	5.711511e+000
cys	-100.0	 160.0	3.692856e-003	5.601355e+000
cys	 -90.0	 160.0	4.728053e-003	5.354242e+000
cys	 -80.0	 160.0	6.213197e-003	5.081080e+000
cys	 -70.0	 160.0	6.777796e-003	4.994103e+000
cys	 -60.0	 160.0	4.817832e-003	5.335431e+000
cys	 -50.0	 160.0	1.986984e-003	6.221138e+000
cys	 -40.0	 160.0	4.912840e-004	7.618488e+000
cys	 -30.0	 160.0	9.533486e-005	9.258115e+000
cys	 -20.0	 160.0	2.022737e-005	1.080847e+001
cys	 -10.0	 160.0	4.728898e-006	1.226182e+001
cys	   0.0	 160.0	2.287879e-006	1.298789e+001
cys	  10.0	 160.0	3.237490e-006	1.264071e+001
cys	  20.0	 160.0	5.501847e-006	1.211043e+001
cys	  30.0	 160.0	8.918773e-006	1.162735e+001
cys	  40.0	 160.0	1.342184e-005	1.121863e+001
cys	  50.0	 160.0	1.851831e-005	1.089675e+001
cys	  60.0	 160.0	2.318955e-005	1.067181e+001
cys	  70.0	 160.0	2.615821e-005	1.055135e+001
cys	  80.0	 160.0	2.646365e-005	1.053974e+001
cys	  90.0	 160.0	2.399272e-005	1.063776e+001
cys	 100.0	 160.0	1.955213e-005	1.084243e+001
cys	 110.0	 160.0	1.442111e-005	1.114682e+001
cys	 120.0	 160.0	9.756409e-006	1.153759e+001
cys	 130.0	 160.0	6.353296e-006	1.196654e+001
cys	 140.0	 160.0	5.505706e-006	1.210973e+001
cys	 150.0	 160.0	1.486895e-005	1.111624e+001
cys	 160.0	 160.0	7.726706e-005	9.468243e+000
cys	 170.0	 160.0	3.554888e-004	7.942017e+000
cys	-180.0	 170.0	1.432726e-003	6.548176e+000
cys	-170.0	 170.0	3.326760e-003	5.705756e+000
cys	-160.0	 170.0	5.191839e-003	5.260667e+000
cys	-150.0	 170.0	5.447245e-003	5.212645e+000
cys	-140.0	 170.0	4.140815e-003	5.486863e+000
cys	-130.0	 170.0	2.852746e-003	5.859473e+000
cys	-120.0	 170.0	2.213907e-003	6.112996e+000
cys	-110.0	 170.0	2.022373e-003	6.203484e+000
cys	-100.0	 170.0	2.295102e-003	6.076978e+000
cys	 -90.0	 170.0	2.908715e-003	5.840044e+000
cys	 -80.0	 170.0	3.405538e-003	5.682352e+000
cys	 -70.0	 170.0	3.148931e-003	5.760692e+000
cys	 -60.0	 170.0	1.977340e-003	6.226003e+000
cys	 -50.0	 170.0	7.730559e-004	7.165159e+000
cys	 -40.0	 170.0	1.929993e-004	8.552824e+000
cys	 -30.0	 170.0	3.628818e-005	1.022402e+001
cys	 -20.0	 170.0	6.810858e-006	1.189699e+001
cys	 -10.0	 170.0	2.109884e-006	1.306888e+001
cys	   0.0	 170.0	2.152785e-006	1.304875e+001
cys	  10.0	 170.0	3.552264e-006	1.254793e+001
cys	  20.0	 170.0	5.869967e-006	1.204566e+001
cys	  30.0	 170.0	9.114005e-006	1.160570e+001
cys	  40.0	 170.0	1.312084e-005	1.124131e+001
cys	  50.0	 170.0	1.736196e-005	1.096123e+001
cys	  60.0	 170.0	2.096176e-005	1.077281e+001
cys	  70.0	 170.0	2.295679e-005	1.068190e+001
cys	  80.0	 170.0	2.272106e-005	1.069222e+001
cys	  90.0	 170.0	2.030262e-005	1.080476e+001
cys	 100.0	 170.0	1.641586e-005	1.101726e+001
cys	 110.0	 170.0	1.208450e-005	1.132359e+001
cys	 120.0	 170.0	8.215928e-006	1.170944e+001
cys	 130.0	 170.0	5.509135e-006	1.210910e+001
cys	 140.0	 170.0	5.538695e-006	1.210375e+001
cys	 150.0	 170.0	1.773210e-005	1.094013e+001
cys	 160.0	 170.0	9.372751e-005	9.275119e+000
cys	 170.0	 170.0	4.276741e-004	7.757149e+000
