gln	-180.0	-180.0	3.392916e-004	7.988651e+000
gln	-170.0	-180.0	6.944839e-004	7.272342e+000
gln	-160.0	-180.0	1.112904e-003	6.800782e+000
gln	-150.0	-180.0	1.442864e-003	6.541125e+000
gln	-140.0	-180.0	1.599782e-003	6.437888e+000
gln	-130.0	-180.0	1.564061e-003	6.460470e+000
gln	-120.0	-180.0	1.387802e-003	6.580034e+000
gln	-110.0	-180.0	1.238229e-003	6.694073e+000
gln	-100.0	-180.0	1.261951e-003	6.675096e+000
gln	 -90.0	-180.0	1.407628e-003	6.565849e+000
gln	 -80.0	-180.0	1.428744e-003	6.550959e+000
gln	 -70.0	-180.0	1.116718e-003	6.797361e+000
gln	 -60.0	-180.0	6.005239e-004	7.417708e+000
gln	 -50.0	-180.0	2.105900e-004	8.465597e+000
gln	 -40.0	-180.0	4.976804e-005	9.908137e+000
gln	 -30.0	-180.0	9.920329e-006	1.152092e+001
gln	 -20.0	-180.0	3.298557e-006	1.262203e+001
gln	 -10.0	-180.0	2.927425e-006	1.274139e+001
gln	   0.0	-180.0	4.124854e-006	1.239848e+001
gln	  10.0	-180.0	6.406149e-006	1.195825e+001
gln	  20.0	-180.0	9.666436e-006	1.154685e+001
gln	  30.0	-180.0	1.349427e-005	1.121325e+001
gln	  40.0	-180.0	1.707090e-005	1.097814e+001
gln	  50.0	-180.0	1.943164e-005	1.084861e+001
gln	  60.0	-180.0	1.994528e-005	1.082252e+001
gln	  70.0	-180.0	1.863608e-005	1.089041e+001
gln	  80.0	-180.0	1.608204e-005	1.103781e+001
gln	  90.0	-180.0	1.302618e-005	1.124855e+001
gln	 100.0	-180.0	1.004935e-005	1.150800e+001
gln	 110.0	-180.0	7.488893e-006	1.180209e+001
gln	 120.0	-180.0	5.560258e-006	1.209987e+001
gln	 130.0	-180.0	4.651841e-006	1.227825e+001
gln	 140.0	-180.0	6.094589e-006	1.200811e+001
gln	 150.0	-180.0	1.453868e-005	1.113870e+001
gln	 160.0	-180.0	4.451731e-005	1.001963e+001
gln	 170.0	-180.0	1.326232e-004	8.927998e+000
gln	-180.0	-170.0	1.525089e-004	8.788288e+000
gln	-170.0	-170.0	2.833999e-004	8.168651e+000
gln	-160.0	-170.0	4.172711e-004	7.781775e+000
gln	-150.0	-170.0	5.039028e-004	7.593127e+000
gln	-140.0	-170.0	5.323340e-004	7.538239e+000
gln	-130.0	-170.0	5.110934e-004	7.578958e+000
gln	-120.0	-170.0	4.555373e-004	7.694033e+000
gln	-110.0	-170.0	4.154274e-004	7.786203e+000
gln	-100.0	-170.0	4.315911e-004	7.748032e+000
gln	 -90.0	-170.0	4.664765e-004	7.670303e+000
gln	 -80.0	-170.0	4.384186e-004	7.732336e+000
gln	 -70.0	-170.0	3.181216e-004	8.053077e+000
gln	 -60.0	-170.0	1.659770e-004	8.703661e+000
gln	 -50.0	-170.0	6.105476e-005	9.703739e+000
gln	 -40.0	-170.0	1.733036e-005	1.096305e+001
gln	 -30.0	-170.0	5.301588e-006	1.214750e+001
gln	 -20.0	-170.0	3.092293e-006	1.268660e+001
gln	 -10.0	-170.0	3.639419e-006	1.252369e+001
gln	   0.0	-170.0	5.681101e-006	1.207837e+001
gln	  10.0	-170.0	9.204358e-006	1.159583e+001
gln	  20.0	-170.0	1.411956e-005	1.116795e+001
gln	  30.0	-170.0	1.974800e-005	1.083246e+001
gln	  40.0	-170.0	2.473879e-005	1.060714e+001
gln	  50.0	-170.0	2.756014e-005	1.049914e+001
gln	  60.0	-170.0	2.733616e-005	1.050730e+001
gln	  70.0	-170.0	2.435313e-005	1.062285e+001
gln	  80.0	-170.0	1.978880e-005	1.083039e+001
gln	  90.0	-170.0	1.496089e-005	1.111007e+001
gln	 100.0	-170.0	1.074724e-005	1.144086e+001
gln	 110.0	-170.0	7.487511e-006	1.180227e+001
gln	 120.0	-170.0	5.217207e-006	1.216355e+001
gln	 130.0	-170.0	4.017465e-006	1.242486e+001
gln	 140.0	-170.0	4.542079e-006	1.230213e+001
gln	 150.0	-170.0	9.214947e-006	1.159468e+001
gln	 160.0	-170.0	2.489924e-005	1.060067e+001
gln	 170.0	-170.0	6.632315e-005	9.620972e+000
gln	-180.0	-160.0	5.763703e-005	9.761345e+000
gln	-170.0	-160.0	9.676937e-005	9.243180e+000
gln	-160.0	-160.0	1.320041e-004	8.932678e+000
gln	-150.0	-160.0	1.528919e-004	8.785780e+000
gln	-140.0	-160.0	1.619085e-004	8.728479e+000
gln	-130.0	-160.0	1.634305e-004	8.719122e+000
gln	-120.0	-160.0	1.586113e-004	8.749054e+000
gln	-110.0	-160.0	1.547225e-004	8.773877e+000
gln	-100.0	-160.0	1.569177e-004	8.759789e+000
gln	 -90.0	-160.0	1.537327e-004	8.780295e+000
gln	 -80.0	-160.0	1.302867e-004	8.945773e+000
gln	 -70.0	-160.0	8.918212e-005	9.324830e+000
gln	 -60.0	-160.0	4.788151e-005	9.946781e+000
gln	 -50.0	-160.0	2.069538e-005	1.078560e+001
gln	 -40.0	-160.0	8.283464e-006	1.170125e+001
gln	 -30.0	-160.0	4.139354e-006	1.239497e+001
gln	 -20.0	-160.0	3.517420e-006	1.255778e+001
gln	 -10.0	-160.0	4.806193e-006	1.224561e+001
gln	   0.0	-160.0	7.907793e-006	1.174766e+001
gln	  10.0	-160.0	1.309158e-005	1.124354e+001
gln	  20.0	-160.0	2.025343e-005	1.080719e+001
gln	  30.0	-160.0	2.833618e-005	1.047137e+001
gln	  40.0	-160.0	3.525590e-005	1.025288e+001
gln	  50.0	-160.0	3.871034e-005	1.015940e+001
gln	  60.0	-160.0	3.750082e-005	1.019115e+001
gln	  70.0	-160.0	3.227901e-005	1.034109e+001
gln	  80.0	-160.0	2.503419e-005	1.059527e+001
gln	  90.0	-160.0	1.784725e-005	1.093366e+001
gln	 100.0	-160.0	1.198000e-005	1.133227e+001
gln	 110.0	-160.0	7.769741e-006	1.176527e+001
gln	 120.0	-160.0	5.029111e-006	1.220027e+001
gln	 130.0	-160.0	3.508043e-006	1.256045e+001
gln	 140.0	-160.0	3.288818e-006	1.262498e+001
gln	 150.0	-160.0	5.293254e-006	1.214908e+001
gln	 160.0	-160.0	1.207228e-005	1.132460e+001
gln	 170.0	-160.0	2.819300e-005	1.047644e+001
gln	-180.0	-150.0	2.167223e-005	1.073948e+001
gln	-170.0	-150.0	3.414356e-005	1.028494e+001
gln	-160.0	-150.0	4.590737e-005	9.988885e+000
gln	-150.0	-150.0	5.547449e-005	9.799587e+000
gln	-140.0	-150.0	6.393964e-005	9.657571e+000
gln	-130.0	-150.0	7.147589e-005	9.546150e+000
gln	-120.0	-150.0	7.644463e-005	9.478944e+000
gln	-110.0	-150.0	7.764373e-005	9.463380e+000
gln	-100.0	-150.0	7.409338e-005	9.510184e+000
gln	 -90.0	-150.0	6.447529e-005	9.649228e+000
gln	 -80.0	-150.0	4.955308e-005	9.912466e+000
gln	 -70.0	-150.0	3.318395e-005	1.031344e+001
gln	 -60.0	-150.0	1.954267e-005	1.084291e+001
gln	 -50.0	-150.0	1.057208e-005	1.145729e+001
gln	 -40.0	-150.0	5.842521e-006	1.205035e+001
gln	 -30.0	-150.0	4.011000e-006	1.242647e+001
gln	 -20.0	-150.0	4.168735e-006	1.238790e+001
gln	 -10.0	-150.0	6.185213e-006	1.199335e+001
gln	   0.0	-150.0	1.047539e-005	1.146648e+001
gln	  10.0	-150.0	1.753229e-005	1.095147e+001
gln	  20.0	-150.0	2.721966e-005	1.051157e+001
gln	  30.0	-150.0	3.804547e-005	1.017673e+001
gln	  40.0	-150.0	4.710012e-005	9.963235e+000
gln	  50.0	-150.0	5.122699e-005	9.879244e+000
gln	  60.0	-150.0	4.888640e-005	9.926011e+000
gln	  70.0	-150.0	4.115870e-005	1.009808e+001
gln	  80.0	-150.0	3.094507e-005	1.038330e+001
gln	  90.0	-150.0	2.116482e-005	1.076317e+001
gln	 100.0	-150.0	1.348739e-005	1.121376e+001
gln	 110.0	-150.0	8.236027e-006	1.170699e+001
gln	 120.0	-150.0	4.987308e-006	1.220861e+001
gln	 130.0	-150.0	3.186784e-006	1.265650e+001
gln	 140.0	-150.0	2.519546e-006	1.289143e+001
gln	 150.0	-150.0	3.127348e-006	1.267533e+001
gln	 160.0	-150.0	5.774391e-006	1.206208e+001
gln	 170.0	-150.0	1.171936e-005	1.135427e+001
gln	-180.0	-140.0	1.031095e-005	1.148230e+001
gln	-170.0	-140.0	1.639469e-005	1.101855e+001
gln	-160.0	-140.0	2.373155e-005	1.064871e+001
gln	-150.0	-140.0	3.209444e-005	1.034683e+001
gln	-140.0	-140.0	4.106745e-005	1.010029e+001
gln	-130.0	-140.0	4.917605e-005	9.920104e+000
gln	-120.0	-140.0	5.424047e-005	9.822083e+000
gln	-110.0	-140.0	5.455024e-005	9.816388e+000
gln	-100.0	-140.0	4.967430e-005	9.910023e+000
gln	 -90.0	-140.0	4.080908e-005	1.010661e+001
gln	 -80.0	-140.0	3.036441e-005	1.040224e+001
gln	 -70.0	-140.0	2.072789e-005	1.078403e+001
gln	 -60.0	-140.0	1.324261e-005	1.123207e+001
gln	 -50.0	-140.0	8.185568e-006	1.171314e+001
gln	 -40.0	-140.0	5.286203e-006	1.215041e+001
gln	 -30.0	-140.0	4.193950e-006	1.238187e+001
gln	 -20.0	-140.0	4.805648e-006	1.224572e+001
gln	 -10.0	-140.0	7.436728e-006	1.180908e+001
gln	   0.0	-140.0	1.276619e-005	1.126871e+001
gln	  10.0	-140.0	2.144090e-005	1.075021e+001
gln	  20.0	-140.0	3.327772e-005	1.031062e+001
gln	  30.0	-140.0	4.639954e-005	9.978221e+000
gln	  40.0	-140.0	5.719343e-005	9.769072e+000
gln	  50.0	-140.0	6.179629e-005	9.691667e+000
gln	  60.0	-140.0	5.841296e-005	9.747973e+000
gln	  70.0	-140.0	4.851774e-005	9.933581e+000
gln	  80.0	-140.0	3.579438e-005	1.023772e+001
gln	  90.0	-140.0	2.385877e-005	1.064336e+001
gln	 100.0	-140.0	1.470128e-005	1.112758e+001
gln	 110.0	-140.0	8.615041e-006	1.166200e+001
gln	 120.0	-140.0	4.975635e-006	1.221096e+001
gln	 130.0	-140.0	2.998918e-006	1.271726e+001
gln	 140.0	-140.0	2.133998e-006	1.305751e+001
gln	 150.0	-140.0	2.183107e-006	1.303476e+001
gln	 160.0	-140.0	3.305040e-006	1.262006e+001
gln	 170.0	-140.0	5.905600e-006	1.203961e+001
gln	-180.0	-130.0	7.433978e-006	1.180945e+001
gln	-170.0	-130.0	1.230825e-005	1.130524e+001
gln	-160.0	-130.0	1.911751e-005	1.086491e+001
gln	-150.0	-130.0	2.765885e-005	1.049556e+001
gln	-140.0	-130.0	3.691081e-005	1.020701e+001
gln	-130.0	-130.0	4.489047e-005	1.001128e+001
gln	-120.0	-130.0	4.933913e-005	9.916793e+000
gln	-110.0	-130.0	4.885600e-005	9.926633e+000
gln	-100.0	-130.0	4.364158e-005	1.003950e+001
gln	 -90.0	-130.0	3.537641e-005	1.024947e+001
gln	 -80.0	-130.0	2.630589e-005	1.054572e+001
gln	 -70.0	-130.0	1.820929e-005	1.091358e+001
gln	 -60.0	-130.0	1.195556e-005	1.133431e+001
gln	 -50.0	-130.0	7.687222e-006	1.177595e+001
gln	 -40.0	-130.0	5.219058e-006	1.216319e+001
gln	 -30.0	-130.0	4.371090e-006	1.234050e+001
gln	 -20.0	-130.0	5.208066e-006	1.216530e+001
gln	 -10.0	-130.0	8.178614e-006	1.171399e+001
gln	   0.0	-130.0	1.406183e-005	1.117205e+001
gln	  10.0	-130.0	2.355560e-005	1.065615e+001
gln	  20.0	-130.0	3.642396e-005	1.022028e+001
gln	  30.0	-130.0	5.057883e-005	9.891977e+000
gln	  40.0	-130.0	6.206830e-005	9.687275e+000
gln	  50.0	-130.0	6.672388e-005	9.614948e+000
gln	  60.0	-130.0	6.268296e-005	9.677421e+000
gln	  70.0	-130.0	5.165563e-005	9.870911e+000
gln	  80.0	-130.0	3.771612e-005	1.018542e+001
gln	  90.0	-130.0	2.479722e-005	1.060478e+001
gln	 100.0	-130.0	1.501091e-005	1.110673e+001
gln	 110.0	-130.0	8.607763e-006	1.166285e+001
gln	 120.0	-130.0	4.852689e-006	1.223598e+001
gln	 130.0	-130.0	2.852183e-006	1.276743e+001
gln	 140.0	-130.0	1.960008e-006	1.314256e+001
gln	 150.0	-130.0	1.867071e-006	1.319114e+001
gln	 160.0	-130.0	2.569842e-006	1.287167e+001
gln	 170.0	-130.0	4.303868e-006	1.235600e+001
gln	-180.0	-120.0	7.275034e-006	1.183106e+001
gln	-170.0	-120.0	1.231730e-005	1.130451e+001
gln	-160.0	-120.0	1.961678e-005	1.083913e+001
gln	-150.0	-120.0	2.887101e-005	1.045267e+001
gln	-140.0	-120.0	3.876679e-005	1.015795e+001
gln	-130.0	-120.0	4.705836e-005	9.964122e+000
gln	-120.0	-120.0	5.139484e-005	9.875973e+000
gln	-110.0	-120.0	5.049081e-005	9.893719e+000
gln	-100.0	-120.0	4.478965e-005	1.001353e+001
gln	 -90.0	-120.0	3.613861e-005	1.022815e+001
gln	 -80.0	-120.0	2.679312e-005	1.052737e+001
gln	 -70.0	-120.0	1.849447e-005	1.089804e+001
gln	 -60.0	-120.0	1.210460e-005	1.132192e+001
gln	 -50.0	-120.0	7.765560e-006	1.176581e+001
gln	 -40.0	-120.0	5.272217e-006	1.215306e+001
gln	 -30.0	-120.0	4.417356e-006	1.232997e+001
gln	 -20.0	-120.0	5.241418e-006	1.215892e+001
gln	 -10.0	-120.0	8.161966e-006	1.171603e+001
gln	   0.0	-120.0	1.390694e-005	1.118312e+001
gln	  10.0	-120.0	2.310762e-005	1.067535e+001
gln	  20.0	-120.0	3.548325e-005	1.024645e+001
gln	  30.0	-120.0	4.898424e-005	9.924012e+000
gln	  40.0	-120.0	5.981523e-005	9.724250e+000
gln	  50.0	-120.0	6.402955e-005	9.656166e+000
gln	  60.0	-120.0	5.992315e-005	9.722448e+000
gln	  70.0	-120.0	4.920231e-005	9.919570e+000
gln	  80.0	-120.0	3.579340e-005	1.023775e+001
gln	  90.0	-120.0	2.344395e-005	1.066090e+001
gln	 100.0	-120.0	1.413822e-005	1.116663e+001
gln	 110.0	-120.0	8.082442e-006	1.172582e+001
gln	 120.0	-120.0	4.554384e-006	1.229942e+001
gln	 130.0	-120.0	2.693477e-006	1.282468e+001
gln	 140.0	-120.0	1.881353e-006	1.318352e+001
gln	 150.0	-120.0	1.820186e-006	1.321657e+001
gln	 160.0	-120.0	2.503053e-006	1.289800e+001
gln	 170.0	-120.0	4.174226e-006	1.238658e+001
gln	-180.0	-110.0	7.943596e-006	1.174314e+001
gln	-170.0	-110.0	1.360066e-005	1.120539e+001
gln	-160.0	-110.0	2.186369e-005	1.073068e+001
gln	-150.0	-110.0	3.237947e-005	1.033799e+001
gln	-140.0	-110.0	4.363840e-005	1.003957e+001
gln	-130.0	-110.0	5.310735e-005	9.843195e+000
gln	-120.0	-110.0	5.814745e-005	9.752529e+000
gln	-110.0	-110.0	5.729129e-005	9.767362e+000
gln	-100.0	-110.0	5.097916e-005	9.884094e+000
gln	 -90.0	-110.0	4.122381e-005	1.009649e+001
gln	 -80.0	-110.0	3.055530e-005	1.039597e+001
gln	 -70.0	-110.0	2.099759e-005	1.077110e+001
gln	 -60.0	-110.0	1.359013e-005	1.120617e+001
gln	 -50.0	-110.0	8.527598e-006	1.167220e+001
gln	 -40.0	-110.0	5.569672e-006	1.209817e+001
gln	 -30.0	-110.0	4.406772e-006	1.233237e+001
gln	 -20.0	-110.0	4.937802e-006	1.221859e+001
gln	 -10.0	-110.0	7.414772e-006	1.181204e+001
gln	   0.0	-110.0	1.237684e-005	1.129968e+001
gln	  10.0	-110.0	2.028710e-005	1.080553e+001
gln	  20.0	-110.0	3.083849e-005	1.038675e+001
gln	  30.0	-110.0	4.224874e-005	1.007194e+001
gln	  40.0	-110.0	5.130921e-005	9.877640e+000
gln	  50.0	-110.0	5.473508e-005	9.813006e+000
gln	  60.0	-110.0	5.115050e-005	9.880738e+000
gln	  70.0	-110.0	4.202917e-005	1.007715e+001
gln	  80.0	-110.0	3.067660e-005	1.039201e+001
gln	  90.0	-110.0	2.022729e-005	1.080848e+001
gln	 100.0	-110.0	1.233507e-005	1.130306e+001
gln	 110.0	-110.0	7.171909e-006	1.184534e+001
gln	 120.0	-110.0	4.140647e-006	1.239466e+001
gln	 130.0	-110.0	2.533977e-006	1.288572e+001
gln	 140.0	-110.0	1.852885e-006	1.319877e+001
gln	 150.0	-110.0	1.878283e-006	1.318515e+001
gln	 160.0	-110.0	2.660119e-006	1.283714e+001
gln	 170.0	-110.0	4.504681e-006	1.231039e+001
gln	-180.0	-100.0	8.734323e-006	1.164825e+001
gln	-170.0	-100.0	1.512441e-005	1.109920e+001
gln	-160.0	-100.0	2.459281e-005	1.061306e+001
gln	-150.0	-100.0	3.687566e-005	1.020796e+001
gln	-140.0	-100.0	5.041886e-005	9.895145e+000
gln	-130.0	-100.0	6.240967e-005	9.681790e+000
gln	-120.0	-100.0	6.965811e-005	9.571911e+000
gln	-110.0	-100.0	7.005534e-005	9.566225e+000
gln	-100.0	-100.0	6.366351e-005	9.661899e+000
gln	 -90.0	-100.0	5.259213e-005	9.852944e+000
gln	 -80.0	-100.0	3.984279e-005	1.013057e+001
gln	 -70.0	-100.0	2.799281e-005	1.048356e+001
gln	 -60.0	-100.0	1.845103e-005	1.090039e+001
gln	 -50.0	-100.0	1.157343e-005	1.136680e+001
gln	 -40.0	-100.0	7.178226e-006	1.184446e+001
gln	 -30.0	-100.0	4.939311e-006	1.221828e+001
gln	 -20.0	-100.0	4.636902e-006	1.228146e+001
gln	 -10.0	-100.0	6.268072e-006	1.198004e+001
gln	   0.0	-100.0	1.003035e-005	1.150990e+001
gln	  10.0	-100.0	1.610770e-005	1.103621e+001
gln	  20.0	-100.0	2.416372e-005	1.063066e+001
gln	  30.0	-100.0	3.280532e-005	1.032492e+001
gln	  40.0	-100.0	3.962260e-005	1.013611e+001
gln	  50.0	-100.0	4.219003e-005	1.007333e+001
gln	  60.0	-100.0	3.951297e-005	1.013888e+001
gln	  70.0	-100.0	3.269471e-005	1.032830e+001
gln	  80.0	-100.0	2.417751e-005	1.063009e+001
gln	  90.0	-100.0	1.627735e-005	1.102574e+001
gln	 100.0	-100.0	1.023042e-005	1.149015e+001
gln	 110.0	-100.0	6.192027e-006	1.199225e+001
gln	 120.0	-100.0	3.753994e-006	1.249269e+001
gln	 130.0	-100.0	2.424826e-006	1.292975e+001
gln	 140.0	-100.0	1.867958e-006	1.319066e+001
gln	 150.0	-100.0	1.968828e-006	1.313807e+001
gln	 160.0	-100.0	2.850943e-006	1.276786e+001
gln	 170.0	-100.0	4.895308e-006	1.222723e+001
gln	-180.0	 -90.0	9.311612e-006	1.158425e+001
gln	-170.0	 -90.0	1.638716e-005	1.101901e+001
gln	-160.0	 -90.0	2.719195e-005	1.051259e+001
gln	-150.0	 -90.0	4.184642e-005	1.008150e+001
gln	-140.0	 -90.0	5.912792e-005	9.735807e+000
gln	-130.0	 -90.0	7.610272e-005	9.483427e+000
gln	-120.0	 -90.0	8.861922e-005	9.331162e+000
gln	-110.0	 -90.0	9.307351e-005	9.282121e+000
gln	-100.0	 -90.0	8.851132e-005	9.332380e+000
gln	 -90.0	 -90.0	7.698831e-005	9.471857e+000
gln	 -80.0	 -90.0	6.202862e-005	9.687915e+000
gln	 -70.0	 -90.0	4.709920e-005	9.963255e+000
gln	 -60.0	 -90.0	3.435281e-005	1.027883e+001
gln	 -50.0	 -90.0	2.390399e-005	1.064147e+001
gln	 -40.0	 -90.0	1.524543e-005	1.109123e+001
gln	 -30.0	 -90.0	8.891598e-006	1.163040e+001
gln	 -20.0	 -90.0	5.634271e-006	1.208664e+001
gln	 -10.0	 -90.0	5.409945e-006	1.212727e+001
gln	   0.0	 -90.0	7.632309e-006	1.178312e+001
gln	  10.0	 -90.0	1.181093e-005	1.134649e+001
gln	  20.0	 -90.0	1.742299e-005	1.095772e+001
gln	  30.0	 -90.0	2.342732e-005	1.066161e+001
gln	  40.0	 -90.0	2.818244e-005	1.047681e+001
gln	  50.0	 -90.0	3.006808e-005	1.041205e+001
gln	  60.0	 -90.0	2.841541e-005	1.046858e+001
gln	  70.0	 -90.0	2.393119e-005	1.064033e+001
gln	  80.0	 -90.0	1.820491e-005	1.091382e+001
gln	  90.0	 -90.0	1.276510e-005	1.126880e+001
gln	 100.0	 -90.0	8.461401e-006	1.168000e+001
gln	 110.0	 -90.0	5.452705e-006	1.211940e+001
gln	 120.0	 -90.0	3.528251e-006	1.255471e+001
gln	 130.0	 -90.0	2.412503e-006	1.293485e+001
gln	 140.0	 -90.0	1.926625e-006	1.315974e+001
gln	 150.0	 -90.0	2.053042e-006	1.309619e+001
gln	 160.0	 -90.0	2.979623e-006	1.272371e+001
gln	 170.0	 -90.0	5.153768e-006	1.217578e+001
gln	-180.0	 -80.0	9.602794e-006	1.155346e+001
gln	-170.0	 -80.0	1.734386e-005	1.096227e+001
gln	-160.0	 -80.0	2.981643e-005	1.042045e+001
gln	-150.0	 -80.0	4.809455e-005	9.942342e+000
gln	-140.0	 -80.0	7.207648e-005	9.537783e+000
gln	-130.0	 -80.0	9.914552e-005	9.218922e+000
gln	-120.0	 -80.0	1.234998e-004	8.999271e+000
gln	-110.0	 -80.0	1.385310e-004	8.884416e+000
gln	-100.0	 -80.0	1.413506e-004	8.864267e+000
gln	 -90.0	 -80.0	1.336485e-004	8.920297e+000
gln	 -80.0	 -80.0	1.193968e-004	9.033058e+000
gln	 -70.0	 -80.0	1.047415e-004	9.164016e+000
gln	 -60.0	 -80.0	9.259522e-005	9.287273e+000
gln	 -50.0	 -80.0	7.623568e-005	9.481681e+000
gln	 -40.0	 -80.0	5.165528e-005	9.870918e+000
gln	 -30.0	 -80.0	2.740455e-005	1.050480e+001
gln	 -20.0	 -80.0	1.218601e-005	1.131522e+001
gln	 -10.0	 -80.0	6.265779e-006	1.198041e+001
gln	   0.0	 -80.0	5.939913e-006	1.203382e+001
gln	  10.0	 -80.0	8.312088e-006	1.169780e+001
gln	  20.0	 -80.0	1.196634e-005	1.133341e+001
gln	  30.0	 -80.0	1.595551e-005	1.104571e+001
gln	  40.0	 -80.0	1.920577e-005	1.086030e+001
gln	  50.0	 -80.0	2.069998e-005	1.078538e+001
gln	  60.0	 -80.0	1.998546e-005	1.082051e+001
gln	  70.0	 -80.0	1.742261e-005	1.095774e+001
gln	  80.0	 -80.0	1.391556e-005	1.118250e+001
gln	  90.0	 -80.0	1.038079e-005	1.147555e+001
gln	 100.0	 -80.0	7.384617e-006	1.181611e+001
gln	 110.0	 -80.0	5.110579e-006	1.218420e+001
gln	 120.0	 -80.0	3.517787e-006	1.255768e+001
gln	 130.0	 -80.0	2.506219e-006	1.289674e+001
gln	 140.0	 -80.0	2.019742e-006	1.311254e+001
gln	 150.0	 -80.0	2.111360e-006	1.306818e+001
gln	 160.0	 -80.0	3.013110e-006	1.271254e+001
gln	 170.0	 -80.0	5.226210e-006	1.216182e+001
gln	-180.0	 -70.0	9.802454e-006	1.153288e+001
gln	-170.0	 -70.0	1.843936e-005	1.090102e+001
gln	-160.0	 -70.0	3.347912e-005	1.030459e+001
gln	-150.0	 -70.0	5.793013e-005	9.756273e+000
gln	-140.0	 -70.0	9.434192e-005	9.268585e+000
gln	-130.0	 -70.0	1.416520e-004	8.862137e+000
gln	-120.0	 -70.0	1.918460e-004	8.558817e+000
gln	-110.0	 -70.0	2.330496e-004	8.364259e+000
gln	-100.0	 -70.0	2.585967e-004	8.260241e+000
gln	 -90.0	 -70.0	2.699253e-004	8.217365e+000
gln	 -80.0	 -70.0	2.794890e-004	8.182548e+000
gln	 -70.0	 -70.0	3.083075e-004	8.084413e+000
gln	 -60.0	 -70.0	3.348451e-004	8.001842e+000
gln	 -50.0	 -70.0	2.943456e-004	8.130756e+000
gln	 -40.0	 -70.0	1.891685e-004	8.572873e+000
gln	 -30.0	 -70.0	8.957842e-005	9.320396e+000
gln	 -20.0	 -70.0	3.319536e-005	1.031310e+001
gln	 -10.0	 -70.0	1.112069e-005	1.140670e+001
gln	   0.0	 -70.0	5.584301e-006	1.209555e+001
gln	  10.0	 -70.0	5.998286e-006	1.202404e+001
gln	  20.0	 -70.0	8.249368e-006	1.170537e+001
gln	  30.0	 -70.0	1.094944e-005	1.142222e+001
gln	  40.0	 -70.0	1.331702e-005	1.122647e+001
gln	  50.0	 -70.0	1.470847e-005	1.112709e+001
gln	  60.0	 -70.0	1.477463e-005	1.112260e+001
gln	  70.0	 -70.0	1.359654e-005	1.120570e+001
gln	  80.0	 -70.0	1.158981e-005	1.136538e+001
gln	  90.0	 -70.0	9.268121e-006	1.158893e+001
gln	 100.0	 -70.0	7.043423e-006	1.186342e+001
gln	 110.0	 -70.0	5.152686e-006	1.217599e+001
gln	 120.0	 -70.0	3.689121e-006	1.251012e+001
gln	 130.0	 -70.0	2.673678e-006	1.283206e+001
gln	 140.0	 -70.0	2.126911e-006	1.306084e+001
gln	 150.0	 -70.0	2.141847e-006	1.305384e+001
gln	 160.0	 -70.0	2.978335e-006	1.272415e+001
gln	 170.0	 -70.0	5.193604e-006	1.216808e+001
gln	-180.0	 -60.0	1.022919e-005	1.149027e+001
gln	-170.0	 -60.0	2.029099e-005	1.080533e+001
gln	-160.0	 -60.0	3.936074e-005	1.014274e+001
gln	-150.0	 -60.0	7.378295e-005	9.514383e+000
gln	-140.0	 -60.0	1.314065e-004	8.937215e+000
gln	-130.0	 -60.0	2.159383e-004	8.440518e+000
gln	-120.0	 -60.0	3.183626e-004	8.052320e+000
gln	-110.0	 -60.0	4.184118e-004	7.779044e+000
gln	-100.0	 -60.0	5.003904e-004	7.600122e+000
gln	 -90.0	 -60.0	5.770112e-004	7.457649e+000
gln	 -80.0	 -60.0	7.441100e-004	7.203322e+000
gln	 -70.0	 -60.0	1.098006e-003	6.814259e+000
gln	 -60.0	 -60.0	1.347612e-003	6.609421e+000
gln	 -50.0	 -60.0	1.099223e-003	6.813152e+000
gln	 -40.0	 -60.0	5.939449e-004	7.428724e+000
gln	 -30.0	 -60.0	2.330131e-004	8.364416e+000
gln	 -20.0	 -60.0	7.373619e-005	9.515017e+000
gln	 -10.0	 -60.0	2.038132e-005	1.080089e+001
gln	   0.0	 -60.0	6.535506e-006	1.193826e+001
gln	  10.0	 -60.0	4.764993e-006	1.225421e+001
gln	  20.0	 -60.0	6.070492e-006	1.201207e+001
gln	  30.0	 -60.0	8.088826e-006	1.172503e+001
gln	  40.0	 -60.0	1.010797e-005	1.150219e+001
gln	  50.0	 -60.0	1.168488e-005	1.135722e+001
gln	  60.0	 -60.0	1.247130e-005	1.129208e+001
gln	  70.0	 -60.0	1.227593e-005	1.130787e+001
gln	  80.0	 -60.0	1.114458e-005	1.140456e+001
gln	  90.0	 -60.0	9.371149e-006	1.157787e+001
gln	 100.0	 -60.0	7.371626e-006	1.181787e+001
gln	 110.0	 -60.0	5.502837e-006	1.211025e+001
gln	 120.0	 -60.0	3.971663e-006	1.243633e+001
gln	 130.0	 -60.0	2.862949e-006	1.276366e+001
gln	 140.0	 -60.0	2.222345e-006	1.301695e+001
gln	 150.0	 -60.0	2.152799e-006	1.304874e+001
gln	 160.0	 -60.0	2.935567e-006	1.273861e+001
gln	 170.0	 -60.0	5.207778e-006	1.216536e+001
gln	-180.0	 -50.0	1.106155e-005	1.141204e+001
gln	-170.0	 -50.0	2.311899e-005	1.067486e+001
gln	-160.0	 -50.0	4.759561e-005	9.952770e+000
gln	-150.0	 -50.0	9.564200e-005	9.254899e+000
gln	-140.0	 -50.0	1.840504e-004	8.600301e+000
gln	-130.0	 -50.0	3.276195e-004	8.023658e+000
gln	-120.0	 -50.0	5.220330e-004	7.557780e+000
gln	-110.0	 -50.0	7.352526e-004	7.215296e+000
gln	-100.0	 -50.0	9.325707e-004	6.977566e+000
gln	 -90.0	 -50.0	1.192126e-003	6.732017e+000
gln	 -80.0	 -50.0	1.975084e-003	6.227144e+000
gln	 -70.0	 -50.0	3.675543e-003	5.606054e+000
gln	 -60.0	 -50.0	4.674458e-003	5.365642e+000
gln	 -50.0	 -50.0	3.323228e-003	5.706819e+000
gln	 -40.0	 -50.0	1.420280e-003	6.556901e+000
gln	 -30.0	 -50.0	4.354313e-004	7.739173e+000
gln	 -20.0	 -50.0	1.141283e-004	9.078187e+000
gln	 -10.0	 -50.0	2.797716e-005	1.048412e+001
gln	   0.0	 -50.0	7.402134e-006	1.181374e+001
gln	  10.0	 -50.0	4.139458e-006	1.239495e+001
gln	  20.0	 -50.0	4.964110e-006	1.221328e+001
gln	  30.0	 -50.0	6.790814e-006	1.189994e+001
gln	  40.0	 -50.0	8.994014e-006	1.161895e+001
gln	  50.0	 -50.0	1.127042e-005	1.139333e+001
gln	  60.0	 -50.0	1.312017e-005	1.124136e+001
gln	  70.0	 -50.0	1.386193e-005	1.118636e+001
gln	  80.0	 -50.0	1.308938e-005	1.124371e+001
gln	  90.0	 -50.0	1.107479e-005	1.141084e+001
gln	 100.0	 -50.0	8.557714e-006	1.166868e+001
gln	 110.0	 -50.0	6.205147e-006	1.199013e+001
gln	 120.0	 -50.0	4.343520e-006	1.234683e+001
gln	 130.0	 -50.0	3.039698e-006	1.270375e+001
gln	 140.0	 -50.0	2.285382e-006	1.298898e+001
gln	 150.0	 -50.0	2.150256e-006	1.304992e+001
gln	 160.0	 -50.0	2.930706e-006	1.274027e+001
gln	 170.0	 -50.0	5.373612e-006	1.213401e+001
gln	-180.0	 -40.0	1.218375e-005	1.131541e+001
gln	-170.0	 -40.0	2.648437e-005	1.053896e+001
gln	-160.0	 -40.0	5.682936e-005	9.775457e+000
gln	-150.0	 -40.0	1.201558e-004	9.026721e+000
gln	-140.0	 -40.0	2.461928e-004	8.309396e+000
gln	-130.0	 -40.0	4.706081e-004	7.661485e+000
gln	-120.0	 -40.0	8.072984e-004	7.121817e+000
gln	-110.0	 -40.0	1.217794e-003	6.710714e+000
gln	-100.0	 -40.0	1.648087e-003	6.408140e+000
gln	 -90.0	 -40.0	2.353901e-003	6.051681e+000
gln	 -80.0	 -40.0	4.652736e-003	5.370300e+000
gln	 -70.0	 -40.0	9.560424e-003	4.650123e+000
gln	 -60.0	 -40.0	1.180015e-002	4.439643e+000
gln	 -50.0	 -40.0	7.138012e-003	4.942321e+000
gln	 -40.0	 -40.0	2.334680e-003	6.059880e+000
gln	 -30.0	 -40.0	5.400957e-004	7.523764e+000
gln	 -20.0	 -40.0	1.152389e-004	9.068503e+000
gln	 -10.0	 -40.0	2.575853e-005	1.056674e+001
gln	   0.0	 -40.0	6.576461e-006	1.193201e+001
gln	  10.0	 -40.0	3.640992e-006	1.252325e+001
gln	  20.0	 -40.0	4.541236e-006	1.230231e+001
gln	  30.0	 -40.0	6.742791e-006	1.190704e+001
gln	  40.0	 -40.0	1.010386e-005	1.150259e+001
gln	  50.0	 -40.0	1.456973e-005	1.113656e+001
gln	  60.0	 -40.0	1.903696e-005	1.086913e+001
gln	  70.0	 -40.0	2.137386e-005	1.075334e+001
gln	  80.0	 -40.0	2.017946e-005	1.081085e+001
gln	  90.0	 -40.0	1.622988e-005	1.102866e+001
gln	 100.0	 -40.0	1.155177e-005	1.136867e+001
gln	 110.0	 -40.0	7.640105e-006	1.178210e+001
gln	 120.0	 -40.0	4.919435e-006	1.222232e+001
gln	 130.0	 -40.0	3.223643e-006	1.264500e+001
gln	 140.0	 -40.0	2.313083e-006	1.297693e+001
gln	 150.0	 -40.0	2.132062e-006	1.305842e+001
gln	 160.0	 -40.0	2.962884e-006	1.272935e+001
gln	 170.0	 -40.0	5.670107e-006	1.208030e+001
gln	-180.0	 -30.0	1.332779e-005	1.122566e+001
gln	-170.0	 -30.0	2.976291e-005	1.042225e+001
gln	-160.0	 -30.0	6.562989e-005	9.631479e+000
gln	-150.0	 -30.0	1.443544e-004	8.843239e+000
gln	-140.0	 -30.0	3.134538e-004	8.067859e+000
gln	-130.0	 -30.0	6.437430e-004	7.348211e+000
gln	-120.0	 -30.0	1.196126e-003	6.728667e+000
gln	-110.0	 -30.0	1.984410e-003	6.222434e+000
gln	-100.0	 -30.0	3.034954e-003	5.797559e+000
gln	 -90.0	 -30.0	4.904124e-003	5.317679e+000
gln	 -80.0	 -30.0	9.724644e-003	4.633092e+000
gln	 -70.0	 -30.0	1.803664e-002	4.015350e+000
gln	 -60.0	 -30.0	1.946561e-002	3.939106e+000
gln	 -50.0	 -30.0	9.790201e-003	4.626373e+000
gln	 -40.0	 -30.0	2.437410e-003	6.016819e+000
gln	 -30.0	 -30.0	4.149432e-004	7.787369e+000
gln	 -20.0	 -30.0	7.248019e-005	9.532197e+000
gln	 -10.0	 -30.0	1.552156e-005	1.107328e+001
gln	   0.0	 -30.0	4.448576e-006	1.232293e+001
gln	  10.0	 -30.0	3.193131e-006	1.265451e+001
gln	  20.0	 -30.0	4.732319e-006	1.226110e+001
gln	  30.0	 -30.0	8.427934e-006	1.168396e+001
gln	  40.0	 -30.0	1.559277e-005	1.106870e+001
gln	  50.0	 -30.0	2.681908e-005	1.052640e+001
gln	  60.0	 -30.0	3.879032e-005	1.015734e+001
gln	  70.0	 -30.0	4.467219e-005	1.001616e+001
gln	  80.0	 -30.0	4.056930e-005	1.011250e+001
gln	  90.0	 -30.0	2.980724e-005	1.042076e+001
gln	 100.0	 -30.0	1.867166e-005	1.088850e+001
gln	 110.0	 -30.0	1.067699e-005	1.144742e+001
gln	 120.0	 -30.0	5.976967e-006	1.202760e+001
gln	 130.0	 -30.0	3.494489e-006	1.256432e+001
gln	 140.0	 -30.0	2.326129e-006	1.297130e+001
gln	 150.0	 -30.0	2.095937e-006	1.307551e+001
gln	 160.0	 -30.0	2.999083e-006	1.271720e+001
gln	 170.0	 -30.0	5.991633e-006	1.202515e+001
gln	-180.0	 -20.0	1.441820e-005	1.114702e+001
gln	-170.0	 -20.0	3.299770e-005	1.031907e+001
gln	-160.0	 -20.0	7.462027e-005	9.503098e+000
gln	-150.0	 -20.0	1.704832e-004	8.676874e+000
gln	-140.0	 -20.0	3.922792e-004	7.843537e+000
gln	-130.0	 -20.0	8.672400e-004	7.050195e+000
gln	-120.0	 -20.0	1.767200e-003	6.338359e+000
gln	-110.0	 -20.0	3.334869e-003	5.703322e+000
gln	-100.0	 -20.0	5.908576e-003	5.131350e+000
gln	 -90.0	 -20.0	9.908460e-003	4.614366e+000
gln	 -80.0	 -20.0	1.611303e-002	4.128127e+000
gln	 -70.0	 -20.0	2.251333e-002	3.793648e+000
gln	 -60.0	 -20.0	1.899247e-002	3.963713e+000
gln	 -50.0	 -20.0	7.632074e-003	4.875396e+000
gln	 -40.0	 -20.0	1.474704e-003	6.519298e+000
gln	 -30.0	 -20.0	1.877546e-004	8.580375e+000
gln	 -20.0	 -20.0	2.797948e-005	1.048404e+001
gln	 -10.0	 -20.0	6.411979e-006	1.195734e+001
gln	   0.0	 -20.0	2.648609e-006	1.284148e+001
gln	  10.0	 -20.0	3.038274e-006	1.270422e+001
gln	  20.0	 -20.0	5.986809e-006	1.202595e+001
gln	  30.0	 -20.0	1.403961e-005	1.117363e+001
gln	  40.0	 -20.0	3.240452e-005	1.033721e+001
gln	  50.0	 -20.0	6.305543e-005	9.671496e+000
gln	  60.0	 -20.0	9.503430e-005	9.261273e+000
gln	  70.0	 -20.0	1.077076e-004	9.136091e+000
gln	  80.0	 -20.0	9.223234e-005	9.291200e+000
gln	  90.0	 -20.0	6.153081e-005	9.695972e+000
gln	 100.0	 -20.0	3.379511e-005	1.029519e+001
gln	 110.0	 -20.0	1.649841e-005	1.101225e+001
gln	 120.0	 -20.0	7.814776e-006	1.175949e+001
gln	 130.0	 -20.0	3.929868e-006	1.244690e+001
gln	 140.0	 -20.0	2.354762e-006	1.295907e+001
gln	 150.0	 -20.0	2.056237e-006	1.309463e+001
gln	 160.0	 -20.0	3.031795e-006	1.270636e+001
gln	 170.0	 -20.0	6.291395e-006	1.197633e+001
gln	-180.0	 -10.0	1.583514e-005	1.105328e+001
gln	-170.0	 -10.0	3.731953e-005	1.019599e+001
gln	-160.0	 -10.0	8.696369e-005	9.350020e+000
gln	-150.0	 -10.0	2.053678e-004	8.490708e+000
gln	-140.0	 -10.0	4.931716e-004	7.614653e+000
gln	-130.0	 -10.0	1.157391e-003	6.761587e+000
gln	-120.0	 -10.0	2.557025e-003	5.968911e+000
gln	-110.0	 -10.0	5.227613e-003	5.253800e+000
gln	-100.0	 -10.0	9.458739e-003	4.660816e+000
gln	 -90.0	 -10.0	1.421687e-002	4.253326e+000
gln	 -80.0	 -10.0	1.735276e-002	4.054004e+000
gln	 -70.0	 -10.0	1.681258e-002	4.085628e+000
gln	 -60.0	 -10.0	1.035605e-002	4.570185e+000
gln	 -50.0	 -10.0	3.202928e-003	5.743690e+000
gln	 -40.0	 -10.0	4.869041e-004	7.627443e+000
gln	 -30.0	 -10.0	4.911666e-005	9.921312e+000
gln	 -20.0	 -10.0	7.047260e-006	1.186287e+001
gln	 -10.0	 -10.0	2.231192e-006	1.301297e+001
gln	   0.0	 -10.0	1.831371e-006	1.321045e+001
gln	  10.0	 -10.0	3.488964e-006	1.256591e+001
gln	  20.0	 -10.0	9.713561e-006	1.154199e+001
gln	  30.0	 -10.0	2.946309e-005	1.043237e+001
gln	  40.0	 -10.0	7.761835e-005	9.463707e+000
gln	  50.0	 -10.0	1.571884e-004	8.758066e+000
gln	  60.0	 -10.0	2.335994e-004	8.361903e+000
gln	  70.0	 -10.0	2.528330e-004	8.282782e+000
gln	  80.0	 -10.0	2.021595e-004	8.506453e+000
gln	  90.0	 -10.0	1.232509e-004	9.001288e+000
gln	 100.0	 -10.0	6.035278e-005	9.715304e+000
gln	 110.0	 -10.0	2.561199e-005	1.057245e+001
gln	 120.0	 -10.0	1.037267e-005	1.147634e+001
gln	 130.0	 -10.0	4.480415e-006	1.231579e+001
gln	 140.0	 -10.0	2.407443e-006	1.293695e+001
gln	 150.0	 -10.0	2.057081e-006	1.309422e+001
gln	 160.0	 -10.0	3.140032e-006	1.267128e+001
gln	 170.0	 -10.0	6.721916e-006	1.191014e+001
gln	-180.0	   0.0	1.842483e-005	1.090181e+001
gln	-170.0	   0.0	4.471238e-005	1.001526e+001
gln	-160.0	   0.0	1.073862e-004	9.139078e+000
gln	-150.0	   0.0	2.582329e-004	8.261649e+000
gln	-140.0	   0.0	6.249175e-004	7.377891e+000
gln	-130.0	   0.0	1.484351e-003	6.512778e+000
gln	-120.0	   0.0	3.312522e-003	5.710046e+000
gln	-110.0	   0.0	6.502764e-003	5.035528e+000
gln	-100.0	   0.0	1.030379e-002	4.575243e+000
gln	 -90.0	   0.0	1.241348e-002	4.388972e+000
gln	 -80.0	   0.0	1.115699e-002	4.495689e+000
gln	 -70.0	   0.0	7.437097e-003	4.901275e+000
gln	 -60.0	   0.0	3.257119e-003	5.726912e+000
gln	 -50.0	   0.0	7.721584e-004	7.166321e+000
gln	 -40.0	   0.0	9.631623e-005	9.247874e+000
gln	 -30.0	   0.0	8.709867e-006	1.165105e+001
gln	 -20.0	   0.0	1.587759e-006	1.335319e+001
gln	 -10.0	   0.0	1.042955e-006	1.377345e+001
gln	   0.0	   0.0	1.756421e-006	1.325223e+001
gln	  10.0	   0.0	5.179507e-006	1.217080e+001
gln	  20.0	   0.0	1.934693e-005	1.085298e+001
gln	  30.0	   0.0	6.755028e-005	9.602638e+000
gln	  40.0	   0.0	1.845135e-004	8.597788e+000
gln	  50.0	   0.0	3.663245e-004	7.911991e+000
gln	  60.0	   0.0	5.173166e-004	7.566855e+000
gln	  70.0	   0.0	5.224851e-004	7.556914e+000
gln	  80.0	   0.0	3.856788e-004	7.860506e+000
gln	  90.0	   0.0	2.151975e-004	8.443954e+000
gln	 100.0	   0.0	9.529043e-005	9.258581e+000
gln	 110.0	   0.0	3.598198e-005	1.023249e+001
gln	 120.0	   0.0	1.280320e-005	1.126582e+001
gln	 130.0	   0.0	4.892037e-006	1.222790e+001
gln	 140.0	   0.0	2.458408e-006	1.291600e+001
gln	 150.0	   0.0	2.175342e-006	1.303832e+001
gln	 160.0	   0.0	3.508173e-006	1.256042e+001
gln	 170.0	   0.0	7.672472e-006	1.177787e+001
gln	-180.0	  10.0	2.318999e-005	1.067179e+001
gln	-170.0	  10.0	5.696511e-005	9.773071e+000
gln	-160.0	  10.0	1.388421e-004	8.882173e+000
gln	-150.0	  10.0	3.320796e-004	8.010136e+000
gln	-140.0	  10.0	7.740683e-004	7.163850e+000
gln	-130.0	  10.0	1.722351e-003	6.364065e+000
gln	-120.0	  10.0	3.492159e-003	5.657235e+000
gln	-110.0	  10.0	5.916830e-003	5.129955e+000
gln	-100.0	  10.0	7.572529e-003	4.883228e+000
gln	 -90.0	  10.0	6.946799e-003	4.969474e+000
gln	 -80.0	  10.0	4.584435e-003	5.385088e+000
gln	 -70.0	  10.0	2.189172e-003	6.124232e+000
gln	 -60.0	  10.0	7.153276e-004	7.242770e+000
gln	 -50.0	  10.0	1.446695e-004	8.841059e+000
gln	 -40.0	  10.0	1.862398e-005	1.089106e+001
gln	 -30.0	  10.0	2.211840e-006	1.302169e+001
gln	 -20.0	  10.0	6.951401e-007	1.417915e+001
gln	 -10.0	  10.0	8.774562e-007	1.394624e+001
gln	   0.0	  10.0	2.387581e-006	1.294523e+001
gln	  10.0	  10.0	9.664650e-006	1.154704e+001
gln	  20.0	  10.0	4.157725e-005	1.008796e+001
gln	  30.0	  10.0	1.492623e-004	8.809805e+000
gln	  40.0	  10.0	3.971521e-004	7.831191e+000
gln	  50.0	  10.0	7.458067e-004	7.201044e+000
gln	  60.0	  10.0	9.769061e-004	6.931120e+000
gln	  70.0	  10.0	9.033895e-004	7.009357e+000
gln	  80.0	  10.0	6.068147e-004	7.407287e+000
gln	  90.0	  10.0	3.078564e-004	8.085877e+000
gln	 100.0	  10.0	1.239108e-004	8.995949e+000
gln	 110.0	  10.0	4.238289e-005	1.006877e+001
gln	 120.0	  10.0	1.365128e-005	1.120168e+001
gln	 130.0	  10.0	4.844367e-006	1.223769e+001
gln	 140.0	  10.0	2.491832e-006	1.290249e+001
gln	 150.0	  10.0	2.514464e-006	1.289345e+001
gln	 160.0	  10.0	4.383097e-006	1.233776e+001
gln	 170.0	  10.0	9.661385e-006	1.154737e+001
gln	-180.0	  20.0	3.065700e-005	1.039265e+001
gln	-170.0	  20.0	7.372232e-005	9.515205e+000
gln	-160.0	  20.0	1.760761e-004	8.644594e+000
gln	-150.0	  20.0	4.052283e-004	7.811060e+000
gln	-140.0	  20.0	8.747391e-004	7.041585e+000
gln	-130.0	  20.0	1.718123e-003	6.366523e+000
gln	-120.0	  20.0	2.935182e-003	5.830986e+000
gln	-110.0	  20.0	4.040534e-003	5.511378e+000
gln	-100.0	  20.0	4.088388e-003	5.499604e+000
gln	 -90.0	  20.0	2.894063e-003	5.845094e+000
gln	 -80.0	  20.0	1.465024e-003	6.525883e+000
gln	 -70.0	  20.0	5.549908e-004	7.496559e+000
gln	 -60.0	  20.0	1.604393e-004	8.737595e+000
gln	 -50.0	  20.0	3.610038e-005	1.022921e+001
gln	 -40.0	  20.0	6.875592e-006	1.188753e+001
gln	 -30.0	  20.0	1.462594e-006	1.343530e+001
gln	 -20.0	  20.0	6.815287e-007	1.419893e+001
gln	 -10.0	  20.0	1.149890e-006	1.367584e+001
gln	   0.0	  20.0	4.193706e-006	1.238193e+001
gln	  10.0	  20.0	1.933381e-005	1.085366e+001
gln	  20.0	  20.0	8.405858e-005	9.383997e+000
gln	  30.0	  20.0	2.907979e-004	8.142882e+000
gln	  40.0	  20.0	7.298538e-004	7.222666e+000
gln	  50.0	  20.0	1.273066e-003	6.666327e+000
gln	  60.0	  20.0	1.527071e-003	6.484404e+000
gln	  70.0	  20.0	1.277303e-003	6.663004e+000
gln	  80.0	  20.0	7.704994e-004	7.168472e+000
gln	  90.0	  20.0	3.514495e-004	7.953444e+000
gln	 100.0	  20.0	1.282071e-004	8.961864e+000
gln	 110.0	  20.0	4.017792e-005	1.012219e+001
gln	 120.0	  20.0	1.209437e-005	1.132277e+001
gln	 130.0	  20.0	4.284553e-006	1.236049e+001
gln	 140.0	  20.0	2.569269e-006	1.287189e+001
gln	 150.0	  20.0	3.182664e-006	1.265779e+001
gln	 160.0	  20.0	5.978975e-006	1.202726e+001
gln	 170.0	  20.0	1.309663e-005	1.124316e+001
gln	-180.0	  30.0	4.041561e-005	1.011629e+001
gln	-170.0	  30.0	9.206638e-005	9.293001e+000
gln	-160.0	  30.0	2.069247e-004	8.483156e+000
gln	-150.0	  30.0	4.421724e-004	7.723811e+000
gln	-140.0	  30.0	8.617924e-004	7.056496e+000
gln	-130.0	  30.0	1.467365e-003	6.524287e+000
gln	-120.0	  30.0	2.082492e-003	6.174190e+000
gln	-110.0	  30.0	2.322047e-003	6.065306e+000
gln	-100.0	  30.0	1.909330e-003	6.261003e+000
gln	 -90.0	  30.0	1.127845e-003	6.787447e+000
gln	 -80.0	  30.0	5.032631e-004	7.594397e+000
gln	 -70.0	  30.0	1.872658e-004	8.582981e+000
gln	 -60.0	  30.0	6.239426e-005	9.682037e+000
gln	 -50.0	  30.0	1.919935e-005	1.086063e+001
gln	 -40.0	  30.0	5.634697e-006	1.208657e+001
gln	 -30.0	  30.0	1.771087e-006	1.324392e+001
gln	 -20.0	  30.0	9.454595e-007	1.387159e+001
gln	 -10.0	  30.0	1.832313e-006	1.320993e+001
gln	   0.0	  30.0	7.502654e-006	1.180025e+001
gln	  10.0	  30.0	3.457824e-005	1.027229e+001
gln	  20.0	  30.0	1.430281e-004	8.852469e+000
gln	  30.0	  30.0	4.647091e-004	7.674099e+000
gln	  40.0	  30.0	1.088865e-003	6.822619e+000
gln	  50.0	  30.0	1.759274e-003	6.342854e+000
gln	  60.0	  30.0	1.933835e-003	6.248250e+000
gln	  70.0	  30.0	1.463661e-003	6.526814e+000
gln	  80.0	  30.0	7.901004e-004	7.143351e+000
gln	  90.0	  30.0	3.215111e-004	8.042479e+000
gln	 100.0	  30.0	1.057382e-004	9.154545e+000
gln	 110.0	  30.0	3.066214e-005	1.039248e+001
gln	 120.0	  30.0	9.023149e-006	1.161572e+001
gln	 130.0	  30.0	3.572858e-006	1.254214e+001
gln	 140.0	  30.0	2.821295e-006	1.277831e+001
gln	 150.0	  30.0	4.244288e-006	1.236994e+001
gln	 160.0	  30.0	8.361366e-006	1.169189e+001
gln	 170.0	  30.0	1.801869e-005	1.092410e+001
gln	-180.0	  40.0	5.138336e-005	9.876196e+000
gln	-170.0	  40.0	1.092836e-004	9.121564e+000
gln	-160.0	  40.0	2.253352e-004	8.397922e+000
gln	-150.0	  40.0	4.352032e-004	7.739698e+000
gln	-140.0	  40.0	7.536355e-004	7.190602e+000
gln	-130.0	  40.0	1.116442e-003	6.797608e+000
gln	-120.0	  40.0	1.353447e-003	6.605101e+000
gln	-110.0	  40.0	1.293435e-003	6.650454e+000
gln	-100.0	  40.0	9.585740e-004	6.950064e+000
gln	 -90.0	  40.0	5.709261e-004	7.468251e+000
gln	 -80.0	  40.0	2.982981e-004	8.117417e+000
gln	 -70.0	  40.0	1.440681e-004	8.845224e+000
gln	 -60.0	  40.0	6.257008e-005	9.679223e+000
gln	 -50.0	  40.0	2.377096e-005	1.064705e+001
gln	 -40.0	  40.0	8.066173e-006	1.172783e+001
gln	 -30.0	  40.0	2.693162e-006	1.282479e+001
gln	 -20.0	  40.0	1.396482e-006	1.348155e+001
gln	 -10.0	  40.0	2.757323e-006	1.280125e+001
gln	   0.0	  40.0	1.128276e-005	1.139223e+001
gln	  10.0	  40.0	4.925040e-005	9.918593e+000
gln	  20.0	  40.0	1.897071e-004	8.570029e+000
gln	  30.0	  40.0	5.746751e-004	7.461706e+000
gln	  40.0	  40.0	1.258895e-003	6.677521e+000
gln	  50.0	  40.0	1.899056e-003	6.266399e+000
gln	  60.0	  40.0	1.937540e-003	6.246336e+000
gln	  70.0	  40.0	1.347684e-003	6.609368e+000
gln	  80.0	  40.0	6.604064e-004	7.322655e+000
gln	  90.0	  40.0	2.419180e-004	8.326912e+000
gln	 100.0	  40.0	7.225255e-005	9.535343e+000
gln	 110.0	  40.0	1.990411e-005	1.082458e+001
gln	 120.0	  40.0	6.231993e-006	1.198581e+001
gln	 130.0	  40.0	3.171235e-006	1.266139e+001
gln	 140.0	  40.0	3.340576e-006	1.260937e+001
gln	 150.0	  40.0	5.659610e-006	1.208216e+001
gln	 160.0	  40.0	1.136364e-005	1.138509e+001
gln	 170.0	  40.0	2.399876e-005	1.063751e+001
gln	-180.0	  50.0	6.233910e-005	9.682922e+000
gln	-170.0	  50.0	1.250560e-004	8.986749e+000
gln	-160.0	  50.0	2.380314e-004	8.343108e+000
gln	-150.0	  50.0	4.160359e-004	7.784739e+000
gln	-140.0	  50.0	6.418826e-004	7.351105e+000
gln	-130.0	  50.0	8.418012e-004	7.079967e+000
gln	-120.0	  50.0	9.168582e-004	6.994558e+000
gln	-110.0	  50.0	8.365659e-004	7.086205e+000
gln	-100.0	  50.0	6.741254e-004	7.302094e+000
gln	 -90.0	  50.0	5.084626e-004	7.584119e+000
gln	 -80.0	  50.0	3.521028e-004	7.951587e+000
gln	 -70.0	  50.0	2.070400e-004	8.482598e+000
gln	 -60.0	  50.0	9.847933e-005	9.225664e+000
gln	 -50.0	  50.0	3.815819e-005	1.017377e+001
gln	 -40.0	  50.0	1.266797e-005	1.127643e+001
gln	 -30.0	  50.0	4.026730e-006	1.242256e+001
gln	 -20.0	  50.0	1.907771e-006	1.316957e+001
gln	 -10.0	  50.0	3.441775e-006	1.257952e+001
gln	   0.0	  50.0	1.319189e-005	1.123591e+001
gln	  10.0	  50.0	5.326239e-005	9.840280e+000
gln	  20.0	  50.0	1.891148e-004	8.573156e+000
gln	  30.0	  50.0	5.323804e-004	7.538152e+000
gln	  40.0	  50.0	1.094461e-003	6.817493e+000
gln	  50.0	  50.0	1.558469e-003	6.464051e+000
gln	  60.0	  50.0	1.502591e-003	6.500564e+000
gln	  70.0	  50.0	9.846641e-004	6.923210e+000
gln	  80.0	  50.0	4.518046e-004	7.702261e+000
gln	  90.0	  50.0	1.543663e-004	8.776182e+000
gln	 100.0	  50.0	4.378159e-005	1.003630e+001
gln	 110.0	  50.0	1.242796e-005	1.129556e+001
gln	 120.0	  50.0	4.738968e-006	1.225969e+001
gln	 130.0	  50.0	3.255394e-006	1.263520e+001
gln	 140.0	  50.0	4.090683e-006	1.240680e+001
gln	 150.0	  50.0	7.255267e-006	1.183378e+001
gln	 160.0	  50.0	1.458110e-005	1.113578e+001
gln	 170.0	  50.0	3.022651e-005	1.040679e+001
gln	-180.0	  60.0	7.211390e-005	9.537264e+000
gln	-170.0	  60.0	1.400703e-004	8.873366e+000
gln	-160.0	  60.0	2.550076e-004	8.274217e+000
gln	-150.0	  60.0	4.204983e-004	7.774070e+000
gln	-140.0	  60.0	6.048654e-004	7.410505e+000
gln	-130.0	  60.0	7.402194e-004	7.208564e+000
gln	-120.0	  60.0	7.793898e-004	7.156999e+000
gln	-110.0	  60.0	7.542095e-004	7.189840e+000
gln	-100.0	  60.0	7.226455e-004	7.232592e+000
gln	 -90.0	  60.0	6.648550e-004	7.315942e+000
gln	 -80.0	  60.0	5.230269e-004	7.555878e+000
gln	 -70.0	  60.0	3.235519e-004	8.036151e+000
gln	 -60.0	  60.0	1.542695e-004	8.776810e+000
gln	 -50.0	  60.0	5.819930e-005	9.751637e+000
gln	 -40.0	  60.0	1.848724e-005	1.089843e+001
gln	 -30.0	  60.0	5.570035e-006	1.209811e+001
gln	 -20.0	  60.0	2.367078e-006	1.295385e+001
gln	 -10.0	  60.0	3.513707e-006	1.255884e+001
gln	   0.0	  60.0	1.192496e-005	1.133688e+001
gln	  10.0	  60.0	4.370656e-005	1.003801e+001
gln	  20.0	  60.0	1.417013e-004	8.861789e+000
gln	  30.0	  60.0	3.688133e-004	7.905220e+000
gln	  40.0	  60.0	7.121648e-004	7.247201e+000
gln	  50.0	  60.0	9.653008e-004	6.943071e+000
gln	  60.0	  60.0	8.942340e-004	7.019543e+000
gln	  70.0	  60.0	5.668475e-004	7.475420e+000
gln	  80.0	  60.0	2.534856e-004	8.280204e+000
gln	  90.0	  60.0	8.597994e-005	9.361397e+000
gln	 100.0	  60.0	2.566960e-005	1.057020e+001
gln	 110.0	  60.0	8.728231e-006	1.164895e+001
gln	 120.0	  60.0	4.408782e-006	1.233191e+001
gln	 130.0	  60.0	3.688759e-006	1.251022e+001
gln	 140.0	  60.0	4.918820e-006	1.222244e+001
gln	 150.0	  60.0	8.758314e-006	1.164551e+001
gln	 160.0	  60.0	1.747030e-005	1.095501e+001
gln	 170.0	  60.0	3.573473e-005	1.023939e+001
gln	-180.0	  70.0	8.000616e-005	9.433407e+000
gln	-170.0	  70.0	1.543882e-004	8.776040e+000
gln	-160.0	  70.0	2.791387e-004	8.183802e+000
gln	-150.0	  70.0	4.570404e-004	7.690739e+000
gln	-140.0	  70.0	6.533616e-004	7.333380e+000
gln	-130.0	  70.0	8.011499e-004	7.129462e+000
gln	-120.0	  70.0	8.673968e-004	7.050014e+000
gln	-110.0	  70.0	8.995804e-004	7.013582e+000
gln	-100.0	  70.0	9.403254e-004	6.969285e+000
gln	 -90.0	  70.0	9.185310e-004	6.992735e+000
gln	 -80.0	  70.0	7.402376e-004	7.208539e+000
gln	 -70.0	  70.0	4.579258e-004	7.688803e+000
gln	 -60.0	  70.0	2.149736e-004	8.444995e+000
gln	 -50.0	  70.0	7.912772e-005	9.444447e+000
gln	 -40.0	  70.0	2.456255e-005	1.061429e+001
gln	 -30.0	  70.0	7.327910e-006	1.182382e+001
gln	 -20.0	  70.0	2.892916e-006	1.275325e+001
gln	 -10.0	  70.0	3.175569e-006	1.266002e+001
gln	   0.0	  70.0	8.717491e-006	1.165018e+001
gln	  10.0	  70.0	2.817738e-005	1.047699e+001
gln	  20.0	  70.0	8.233187e-005	9.404752e+000
gln	  30.0	  70.0	1.964024e-004	8.535345e+000
gln	  40.0	  70.0	3.549123e-004	7.943640e+000
gln	  50.0	  70.0	4.597217e-004	7.684889e+000
gln	  60.0	  70.0	4.148537e-004	7.787585e+000
gln	  70.0	  70.0	2.614457e-004	8.249284e+000
gln	  80.0	  70.0	1.198973e-004	9.028875e+000
gln	  90.0	  70.0	4.438851e-005	1.002253e+001
gln	 100.0	  70.0	1.620639e-005	1.103010e+001
gln	 110.0	  70.0	7.386588e-006	1.181584e+001
gln	 120.0	  70.0	4.665575e-006	1.227530e+001
gln	 130.0	  70.0	4.229284e-006	1.237348e+001
gln	 140.0	  70.0	5.640405e-006	1.208555e+001
gln	 150.0	  70.0	9.904832e-006	1.152249e+001
gln	 160.0	  70.0	1.958912e-005	1.084054e+001
gln	 170.0	  70.0	3.986090e-005	1.013011e+001
gln	-180.0	  80.0	8.701303e-005	9.349453e+000
gln	-170.0	  80.0	1.691792e-004	8.684552e+000
gln	-160.0	  80.0	3.082287e-004	8.084669e+000
gln	-150.0	  80.0	5.111897e-004	7.578770e+000
gln	-140.0	  80.0	7.480848e-004	7.197994e+000
gln	-130.0	  80.0	9.539180e-004	6.954933e+000
gln	-120.0	  80.0	1.090185e-003	6.821408e+000
gln	-110.0	  80.0	1.187776e-003	6.735672e+000
gln	-100.0	  80.0	1.264178e-003	6.673333e+000
gln	 -90.0	  80.0	1.224277e-003	6.705405e+000
gln	 -80.0	  80.0	9.704732e-004	6.937727e+000
gln	 -70.0	  80.0	5.895222e-004	7.436198e+000
gln	 -60.0	  80.0	2.717734e-004	8.210542e+000
gln	 -50.0	  80.0	9.936794e-005	9.216681e+000
gln	 -40.0	  80.0	3.174176e-005	1.035788e+001
gln	 -30.0	  80.0	1.019567e-005	1.149355e+001
gln	 -20.0	  80.0	4.042675e-006	1.241860e+001
gln	 -10.0	  80.0	3.071387e-006	1.269338e+001
gln	   0.0	  80.0	5.763961e-006	1.206389e+001
gln	  10.0	  80.0	1.539942e-005	1.108118e+001
gln	  20.0	  80.0	3.963808e-005	1.013572e+001
gln	  30.0	  80.0	8.559373e-005	9.365899e+000
gln	  40.0	  80.0	1.437886e-004	8.847166e+000
gln	  50.0	  80.0	1.784096e-004	8.631428e+000
gln	  60.0	  80.0	1.594896e-004	8.743532e+000
gln	  70.0	  80.0	1.040324e-004	9.170808e+000
gln	  80.0	  80.0	5.295332e-005	9.846100e+000
gln	  90.0	  80.0	2.423946e-005	1.062753e+001
gln	 100.0	  80.0	1.197703e-005	1.133252e+001
gln	 110.0	  80.0	7.063298e-006	1.186060e+001
gln	 120.0	  80.0	5.053986e-006	1.219533e+001
gln	 130.0	  80.0	4.691254e-006	1.226981e+001
gln	 140.0	  80.0	6.131132e-006	1.200213e+001
gln	 150.0	  80.0	1.058821e-005	1.145577e+001
gln	 160.0	  80.0	2.092464e-005	1.077458e+001
gln	 170.0	  80.0	4.293618e-005	1.005580e+001
gln	-180.0	  90.0	9.716813e-005	9.239068e+000
gln	-170.0	  90.0	1.910907e-004	8.562762e+000
gln	-160.0	  90.0	3.479030e-004	7.963587e+000
gln	-150.0	  90.0	5.763906e-004	7.458725e+000
gln	-140.0	  90.0	8.546396e-004	7.064831e+000
gln	-130.0	  90.0	1.132041e-003	6.783733e+000
gln	-120.0	  90.0	1.373703e-003	6.590245e+000
gln	-110.0	  90.0	1.577437e-003	6.451954e+000
gln	-100.0	  90.0	1.702266e-003	6.375795e+000
gln	 -90.0	  90.0	1.626150e-003	6.421540e+000
gln	 -80.0	  90.0	1.273057e-003	6.666334e+000
gln	 -70.0	  90.0	7.728340e-004	7.165446e+000
gln	 -60.0	  90.0	3.629990e-004	7.921110e+000
gln	 -50.0	  90.0	1.414090e-004	8.863854e+000
gln	 -40.0	  90.0	5.065334e-005	9.890505e+000
gln	 -30.0	  90.0	1.799556e-005	1.092539e+001
gln	 -20.0	  90.0	7.035003e-006	1.186461e+001
gln	 -10.0	  90.0	3.859004e-006	1.246510e+001
gln	   0.0	  90.0	4.241880e-006	1.237050e+001
gln	  10.0	  90.0	8.216581e-006	1.170936e+001
gln	  20.0	  90.0	1.779321e-005	1.093669e+001
gln	  30.0	  90.0	3.423702e-005	1.028220e+001
gln	  40.0	  90.0	5.330939e-005	9.839398e+000
gln	  50.0	  90.0	6.407557e-005	9.655447e+000
gln	  60.0	  90.0	5.871216e-005	9.742864e+000
gln	  70.0	  90.0	4.239557e-005	1.006847e+001
gln	  80.0	  90.0	2.636676e-005	1.054341e+001
gln	  90.0	  90.0	1.594592e-005	1.104631e+001
gln	 100.0	  90.0	1.019606e-005	1.149351e+001
gln	 110.0	  90.0	7.033780e-006	1.186479e+001
gln	 120.0	  90.0	5.371672e-006	1.213437e+001
gln	 130.0	  90.0	4.999842e-006	1.220610e+001
gln	 140.0	  90.0	6.379050e-006	1.196249e+001
gln	 150.0	  90.0	1.094408e-005	1.142271e+001
gln	 160.0	  90.0	2.206820e-005	1.072137e+001
gln	 170.0	  90.0	4.672341e-005	9.971265e+000
gln	-180.0	 100.0	1.179510e-004	9.045241e+000
gln	-170.0	 100.0	2.364293e-004	8.349861e+000
gln	-160.0	 100.0	4.272146e-004	7.758224e+000
gln	-150.0	 100.0	6.923815e-004	7.275373e+000
gln	-140.0	 100.0	1.008725e-003	6.899068e+000
gln	-130.0	 100.0	1.343294e-003	6.612630e+000
gln	-120.0	 100.0	1.691831e-003	6.381944e+000
gln	-110.0	 100.0	2.043091e-003	6.193292e+000
gln	-100.0	 100.0	2.285740e-003	6.081066e+000
gln	 -90.0	 100.0	2.254804e-003	6.094692e+000
gln	 -80.0	 100.0	1.872634e-003	6.280409e+000
gln	 -70.0	 100.0	1.260990e-003	6.675858e+000
gln	 -60.0	 100.0	6.957156e-004	7.270570e+000
gln	 -50.0	 100.0	3.304993e-004	8.014906e+000
gln	 -40.0	 100.0	1.340388e-004	8.917381e+000
gln	 -30.0	 100.0	4.536692e-005	1.000073e+001
gln	 -20.0	 100.0	1.464815e-005	1.113120e+001
gln	 -10.0	 100.0	6.016560e-006	1.202099e+001
gln	   0.0	 100.0	4.145878e-006	1.239340e+001
gln	  10.0	 100.0	5.234064e-006	1.216032e+001
gln	  20.0	 100.0	8.910808e-006	1.162825e+001
gln	  30.0	 100.0	1.500374e-005	1.110721e+001
gln	  40.0	 100.0	2.182594e-005	1.073241e+001
gln	  50.0	 100.0	2.614329e-005	1.055192e+001
gln	  60.0	 100.0	2.577416e-005	1.056614e+001
gln	  70.0	 100.0	2.177374e-005	1.073481e+001
gln	  80.0	 100.0	1.683164e-005	1.099225e+001
gln	  90.0	 100.0	1.260514e-005	1.128141e+001
gln	 100.0	 100.0	9.397201e-006	1.157510e+001
gln	 110.0	 100.0	7.076711e-006	1.185870e+001
gln	 120.0	 100.0	5.601633e-006	1.209245e+001
gln	 130.0	 100.0	5.175129e-006	1.217165e+001
gln	 140.0	 100.0	6.474053e-006	1.194771e+001
gln	 150.0	 100.0	1.129868e-005	1.139082e+001
gln	 160.0	 100.0	2.405565e-005	1.063514e+001
gln	 170.0	 100.0	5.417068e-005	9.823371e+000
gln	-180.0	 110.0	1.584682e-004	8.749957e+000
gln	-170.0	 110.0	3.292044e-004	8.018832e+000
gln	-160.0	 110.0	5.989542e-004	7.420325e+000
gln	-150.0	 110.0	9.511549e-004	6.957834e+000
gln	-140.0	 110.0	1.330966e-003	6.621850e+000
gln	-130.0	 110.0	1.695460e-003	6.379801e+000
gln	-120.0	 110.0	2.092810e-003	6.169248e+000
gln	-110.0	 110.0	2.575831e-003	5.961583e+000
gln	-100.0	 110.0	3.034371e-003	5.797751e+000
gln	 -90.0	 110.0	3.292277e-003	5.716176e+000
gln	 -80.0	 110.0	3.206338e-003	5.742626e+000
gln	 -70.0	 110.0	2.713974e-003	5.909341e+000
gln	 -60.0	 110.0	1.945326e-003	6.242326e+000
gln	 -50.0	 110.0	1.106957e-003	6.806141e+000
gln	 -40.0	 110.0	4.554431e-004	7.694240e+000
gln	 -30.0	 110.0	1.334867e-004	8.921509e+000
gln	 -20.0	 110.0	3.260709e-005	1.033098e+001
gln	 -10.0	 110.0	9.776010e-006	1.153558e+001
gln	   0.0	 110.0	4.931929e-006	1.221978e+001
gln	  10.0	 110.0	4.395002e-006	1.233504e+001
gln	  20.0	 110.0	5.827040e-006	1.205300e+001
gln	  30.0	 110.0	8.571897e-006	1.166702e+001
gln	  40.0	 110.0	1.181738e-005	1.134594e+001
gln	  50.0	 110.0	1.440668e-005	1.114782e+001
gln	  60.0	 110.0	1.544991e-005	1.107791e+001
gln	  70.0	 110.0	1.489070e-005	1.111477e+001
gln	  80.0	 110.0	1.327992e-005	1.122926e+001
gln	  90.0	 110.0	1.121083e-005	1.139863e+001
gln	 100.0	 110.0	9.090946e-006	1.160823e+001
gln	 110.0	 110.0	7.199951e-006	1.184144e+001
gln	 120.0	 110.0	5.799377e-006	1.205776e+001
gln	 130.0	 110.0	5.284463e-006	1.215074e+001
gln	 140.0	 110.0	6.555398e-006	1.193522e+001
gln	 150.0	 110.0	1.202339e-005	1.132866e+001
gln	 160.0	 110.0	2.794375e-005	1.048532e+001
gln	 170.0	 110.0	6.839551e-005	9.590203e+000
gln	-180.0	 120.0	2.245109e-004	8.401586e+000
gln	-170.0	 120.0	4.897054e-004	7.621707e+000
gln	-160.0	 120.0	9.198844e-004	6.991263e+000
gln	-150.0	 120.0	1.468650e-003	6.523412e+000
gln	-140.0	 120.0	1.990062e-003	6.219590e+000
gln	-130.0	 120.0	2.364785e-003	6.047068e+000
gln	-120.0	 120.0	2.695499e-003	5.916172e+000
gln	-110.0	 120.0	3.199291e-003	5.744826e+000
gln	-100.0	 120.0	3.927856e-003	5.539662e+000
gln	 -90.0	 120.0	4.808049e-003	5.337464e+000
gln	 -80.0	 120.0	5.651618e-003	5.175813e+000
gln	 -70.0	 120.0	5.996306e-003	5.116612e+000
gln	 -60.0	 120.0	5.179607e-003	5.263026e+000
gln	 -50.0	 120.0	3.151779e-003	5.759788e+000
gln	 -40.0	 120.0	1.234342e-003	6.697218e+000
gln	 -30.0	 120.0	3.183333e-004	8.052412e+000
gln	 -20.0	 120.0	6.273896e-005	9.676528e+000
gln	 -10.0	 120.0	1.425675e-005	1.115828e+001
gln	   0.0	 120.0	5.833646e-006	1.205187e+001
gln	  10.0	 120.0	4.319913e-006	1.235228e+001
gln	  20.0	 120.0	4.889521e-006	1.222842e+001
gln	  30.0	 120.0	6.542532e-006	1.193719e+001
gln	  40.0	 120.0	8.686237e-006	1.165377e+001
gln	  50.0	 120.0	1.071197e-005	1.144415e+001
gln	  60.0	 120.0	1.207780e-005	1.132414e+001
gln	  70.0	 120.0	1.249645e-005	1.129007e+001
gln	  80.0	 120.0	1.198296e-005	1.133203e+001
gln	  90.0	 120.0	1.075651e-005	1.144000e+001
gln	 100.0	 120.0	9.125515e-006	1.160444e+001
gln	 110.0	 120.0	7.422879e-006	1.181094e+001
gln	 120.0	 120.0	6.007311e-006	1.202253e+001
gln	 130.0	 120.0	5.392658e-006	1.213047e+001
gln	 140.0	 120.0	6.742675e-006	1.190705e+001
gln	 150.0	 120.0	1.334618e-005	1.122428e+001
gln	 160.0	 120.0	3.422765e-005	1.028248e+001
gln	 170.0	 120.0	9.092779e-005	9.305445e+000
gln	-180.0	 130.0	3.178224e-004	8.054018e+000
gln	-170.0	 130.0	7.283124e-004	7.224781e+000
gln	-160.0	 130.0	1.430251e-003	6.549905e+000
gln	-150.0	 130.0	2.356287e-003	6.050668e+000
gln	-140.0	 130.0	3.202214e-003	5.743913e+000
gln	-130.0	 130.0	3.650493e-003	5.612893e+000
gln	-120.0	 130.0	3.793693e-003	5.574415e+000
gln	-110.0	 130.0	4.102652e-003	5.496122e+000
gln	-100.0	 130.0	4.972992e-003	5.303734e+000
gln	 -90.0	 130.0	6.515337e-003	5.033596e+000
gln	 -80.0	 130.0	8.576814e-003	4.758693e+000
gln	 -70.0	 130.0	1.026253e-002	4.579256e+000
gln	 -60.0	 130.0	9.508710e-003	4.655547e+000
gln	 -50.0	 130.0	5.737167e-003	5.160790e+000
gln	 -40.0	 130.0	2.092903e-003	6.169203e+000
gln	 -30.0	 130.0	4.863928e-004	7.628494e+000
gln	 -20.0	 130.0	8.397386e-005	9.385005e+000
gln	 -10.0	 130.0	1.624155e-005	1.102794e+001
gln	   0.0	 130.0	6.039300e-006	1.201722e+001
gln	  10.0	 130.0	4.283406e-006	1.236076e+001
gln	  20.0	 130.0	4.641058e-006	1.228057e+001
gln	  30.0	 130.0	5.990187e-006	1.202539e+001
gln	  40.0	 130.0	7.808192e-006	1.176034e+001
gln	  50.0	 130.0	9.648405e-006	1.154872e+001
gln	  60.0	 130.0	1.109068e-005	1.140941e+001
gln	  70.0	 130.0	1.181792e-005	1.134589e+001
gln	  80.0	 130.0	1.169798e-005	1.135609e+001
gln	  90.0	 130.0	1.080136e-005	1.143584e+001
gln	 100.0	 130.0	9.358730e-006	1.157920e+001
gln	 110.0	 130.0	7.698044e-006	1.177454e+001
gln	 120.0	 130.0	6.218251e-006	1.198802e+001
gln	 130.0	 130.0	5.524479e-006	1.210632e+001
gln	 140.0	 130.0	7.074336e-006	1.185904e+001
gln	 150.0	 130.0	1.523861e-005	1.109168e+001
gln	 160.0	 130.0	4.269295e-005	1.006148e+001
gln	 170.0	 130.0	1.216196e-004	9.014613e+000
gln	-180.0	 140.0	4.466219e-004	7.713798e+000
gln	-170.0	 140.0	1.056736e-003	6.852571e+000
gln	-160.0	 140.0	2.118905e-003	6.156856e+000
gln	-150.0	 140.0	3.565809e-003	5.636364e+000
gln	-140.0	 140.0	4.949730e-003	5.308422e+000
gln	-130.0	 140.0	5.654493e-003	5.175305e+000
gln	-120.0	 140.0	5.602146e-003	5.184605e+000
gln	-110.0	 140.0	5.482699e-003	5.206158e+000
gln	-100.0	 140.0	6.123889e-003	5.095558e+000
gln	 -90.0	 140.0	7.831232e-003	4.849635e+000
gln	 -80.0	 140.0	1.034658e-002	4.571100e+000
gln	 -70.0	 140.0	1.235330e-002	4.393832e+000
gln	 -60.0	 140.0	1.105416e-002	4.504948e+000
gln	 -50.0	 140.0	6.228502e-003	5.078619e+000
gln	 -40.0	 140.0	2.075996e-003	6.177314e+000
gln	 -30.0	 140.0	4.388827e-004	7.731278e+000
gln	 -20.0	 140.0	7.024705e-005	9.563492e+000
gln	 -10.0	 140.0	1.329360e-005	1.122823e+001
gln	   0.0	 140.0	5.266592e-006	1.215413e+001
gln	  10.0	 140.0	4.071449e-006	1.241151e+001
gln	  20.0	 140.0	4.617593e-006	1.228564e+001
gln	  30.0	 140.0	6.007453e-006	1.202251e+001
gln	  40.0	 140.0	7.802204e-006	1.176110e+001
gln	  50.0	 140.0	9.618358e-006	1.155184e+001
gln	  60.0	 140.0	1.108214e-005	1.141018e+001
gln	  70.0	 140.0	1.188470e-005	1.134026e+001
gln	  80.0	 140.0	1.186256e-005	1.134212e+001
gln	  90.0	 140.0	1.104133e-005	1.141387e+001
gln	 100.0	 140.0	9.621706e-006	1.155149e+001
gln	 110.0	 140.0	7.927358e-006	1.174519e+001
gln	 120.0	 140.0	6.378126e-006	1.196264e+001
gln	 130.0	 140.0	5.653344e-006	1.208326e+001
gln	 140.0	 140.0	7.511090e-006	1.179913e+001
gln	 150.0	 140.0	1.757994e-005	1.094875e+001
gln	 160.0	 140.0	5.336007e-005	9.838448e+000
gln	 170.0	 140.0	1.624612e-004	8.725071e+000
gln	-180.0	 150.0	6.009000e-004	7.417082e+000
gln	-170.0	 150.0	1.426126e-003	6.552794e+000
gln	-160.0	 150.0	2.791036e-003	5.881343e+000
gln	-150.0	 150.0	4.576470e-003	5.386827e+000
gln	-140.0	 150.0	6.291339e-003	5.068581e+000
gln	-130.0	 150.0	7.178763e-003	4.936628e+000
gln	-120.0	 150.0	7.009509e-003	4.960488e+000
gln	-110.0	 150.0	6.500929e-003	5.035810e+000
gln	-100.0	 150.0	6.702378e-003	5.005293e+000
gln	 -90.0	 150.0	8.101555e-003	4.815699e+000
gln	 -80.0	 150.0	1.010224e-002	4.594998e+000
gln	 -70.0	 150.0	1.091121e-002	4.517964e+000
gln	 -60.0	 150.0	8.555299e-003	4.761204e+000
gln	 -50.0	 150.0	4.218062e-003	5.468380e+000
gln	 -40.0	 150.0	1.247467e-003	6.686640e+000
gln	 -30.0	 150.0	2.393574e-004	8.337553e+000
gln	 -20.0	 150.0	3.719582e-005	1.019931e+001
gln	 -10.0	 150.0	8.078941e-006	1.172625e+001
gln	   0.0	 150.0	4.105489e-006	1.240319e+001
gln	  10.0	 150.0	3.858957e-006	1.246511e+001
gln	  20.0	 150.0	4.811409e-006	1.224452e+001
gln	  30.0	 150.0	6.429719e-006	1.195458e+001
gln	  40.0	 150.0	8.353826e-006	1.169279e+001
gln	  50.0	 150.0	1.021299e-005	1.149185e+001
gln	  60.0	 150.0	1.164138e-005	1.136094e+001
gln	  70.0	 150.0	1.235416e-005	1.130152e+001
gln	  80.0	 150.0	1.222053e-005	1.131239e+001
gln	  90.0	 150.0	1.129195e-005	1.139142e+001
gln	 100.0	 150.0	9.780982e-006	1.153507e+001
gln	 110.0	 150.0	8.013082e-006	1.173444e+001
gln	 120.0	 150.0	6.413508e-006	1.195710e+001
gln	 130.0	 150.0	5.711243e-006	1.207307e+001
gln	 140.0	 150.0	7.934151e-006	1.174433e+001
gln	 150.0	 150.0	2.003670e-005	1.081794e+001
gln	 160.0	 150.0	6.527088e-005	9.636965e+000
gln	 170.0	 150.0	2.107590e-004	8.464795e+000
gln	-180.0	 160.0	6.782999e-004	7.295921e+000
gln	-170.0	 160.0	1.571153e-003	6.455946e+000
gln	-160.0	 160.0	2.911408e-003	5.839118e+000
gln	-150.0	 160.0	4.458636e-003	5.412912e+000
gln	-140.0	 160.0	5.791783e-003	5.151315e+000
gln	-130.0	 160.0	6.380862e-003	5.054452e+000
gln	-120.0	 160.0	6.113147e-003	5.097314e+000
gln	-110.0	 160.0	5.563337e-003	5.191557e+000
gln	-100.0	 160.0	5.536511e-003	5.196391e+000
gln	 -90.0	 160.0	6.408942e-003	5.050061e+000
gln	 -80.0	 160.0	7.456758e-003	4.898635e+000
gln	 -70.0	 160.0	7.091446e-003	4.948866e+000
gln	 -60.0	 160.0	4.705929e-003	5.358932e+000
gln	 -50.0	 160.0	1.967082e-003	6.231204e+000
gln	 -40.0	 160.0	5.067804e-004	7.587433e+000
gln	 -30.0	 160.0	8.845259e-005	9.333044e+000
gln	 -20.0	 160.0	1.432213e-005	1.115370e+001
gln	 -10.0	 160.0	4.403488e-006	1.233311e+001
gln	   0.0	 160.0	3.344915e-006	1.260807e+001
gln	  10.0	 160.0	3.976216e-006	1.243518e+001
gln	  20.0	 160.0	5.450653e-006	1.211978e+001
gln	  30.0	 160.0	7.464796e-006	1.180531e+001
gln	  40.0	 160.0	9.657901e-006	1.154773e+001
gln	  50.0	 160.0	1.159789e-005	1.136469e+001
gln	  60.0	 160.0	1.288970e-005	1.125908e+001
gln	  70.0	 160.0	1.329799e-005	1.122790e+001
gln	  80.0	 160.0	1.279828e-005	1.126620e+001
gln	  90.0	 160.0	1.154535e-005	1.136923e+001
gln	 100.0	 160.0	9.807539e-006	1.153236e+001
gln	 110.0	 160.0	7.914704e-006	1.174679e+001
gln	 120.0	 160.0	6.270912e-006	1.197959e+001
gln	 130.0	 160.0	5.598928e-006	1.209294e+001
gln	 140.0	 160.0	8.034693e-006	1.173174e+001
gln	 150.0	 160.0	2.122726e-005	1.076022e+001
gln	 160.0	 160.0	7.165716e-005	9.543617e+000
gln	 170.0	 160.0	2.369029e-004	8.347860e+000
gln	-180.0	 170.0	5.672182e-004	7.474767e+000
gln	-170.0	 170.0	1.250611e-003	6.684123e+000
gln	-160.0	 170.0	2.164544e-003	6.135545e+000
gln	-150.0	 170.0	3.046196e-003	5.793862e+000
gln	-140.0	 170.0	3.646457e-003	5.613999e+000
gln	-130.0	 170.0	3.779403e-003	5.578189e+000
gln	-120.0	 170.0	3.490261e-003	5.657779e+000
gln	-110.0	 170.0	3.141786e-003	5.762964e+000
gln	-100.0	 170.0	3.128544e-003	5.767188e+000
gln	 -90.0	 170.0	3.527514e-003	5.647162e+000
gln	 -80.0	 170.0	3.831116e-003	5.564599e+000
gln	 -70.0	 170.0	3.270520e-003	5.722806e+000
gln	 -60.0	 170.0	1.903243e-003	6.264196e+000
gln	 -50.0	 170.0	7.000029e-004	7.264426e+000
gln	 -40.0	 170.0	1.631734e-004	8.720697e+000
gln	 -30.0	 170.0	2.757383e-005	1.049864e+001
gln	 -20.0	 170.0	5.546267e-006	1.210239e+001
gln	 -10.0	 170.0	2.968574e-006	1.272743e+001
gln	   0.0	 170.0	3.338294e-006	1.261005e+001
gln	  10.0	 170.0	4.733660e-006	1.226081e+001
gln	  20.0	 170.0	6.911777e-006	1.188228e+001
gln	  30.0	 170.0	9.596259e-006	1.155414e+001
gln	  40.0	 170.0	1.228766e-005	1.130692e+001
gln	  50.0	 170.0	1.437353e-005	1.115012e+001
gln	  60.0	 170.0	1.537761e-005	1.108260e+001
gln	  70.0	 170.0	1.515891e-005	1.109692e+001
gln	  80.0	 170.0	1.391099e-005	1.118283e+001
gln	  90.0	 170.0	1.200280e-005	1.133037e+001
gln	 100.0	 170.0	9.817691e-006	1.153132e+001
gln	 110.0	 170.0	7.689664e-006	1.177563e+001
gln	 120.0	 170.0	5.957136e-006	1.203092e+001
gln	 130.0	 170.0	5.234555e-006	1.216023e+001
gln	 140.0	 170.0	7.423191e-006	1.181090e+001
gln	 150.0	 170.0	1.932490e-005	1.085412e+001
gln	 160.0	 170.0	6.391161e-005	9.658009e+000
gln	 170.0	 170.0	2.054966e-004	8.490081e+000
