glu	-180.0	-180.0	2.360873e-004	8.351309e+000
glu	-170.0	-180.0	4.505583e-004	7.705023e+000
glu	-160.0	-180.0	7.360907e-004	7.214157e+000
glu	-150.0	-180.0	1.021694e-003	6.886293e+000
glu	-140.0	-180.0	1.196457e-003	6.728391e+000
glu	-130.0	-180.0	1.208545e-003	6.718339e+000
glu	-120.0	-180.0	1.143029e-003	6.774073e+000
glu	-110.0	-180.0	1.125820e-003	6.789244e+000
glu	-100.0	-180.0	1.219461e-003	6.709346e+000
glu	 -90.0	-180.0	1.397093e-003	6.573362e+000
glu	 -80.0	-180.0	1.480055e-003	6.515676e+000
glu	 -70.0	-180.0	1.237000e-003	6.695066e+000
glu	 -60.0	-180.0	7.239588e-004	7.230776e+000
glu	 -50.0	-180.0	2.811612e-004	8.176582e+000
glu	 -40.0	-180.0	7.476090e-005	9.501216e+000
glu	 -30.0	-180.0	1.581351e-005	1.105465e+001
glu	 -20.0	-180.0	4.421904e-006	1.232894e+001
glu	 -10.0	-180.0	3.455756e-006	1.257547e+001
glu	   0.0	-180.0	4.718589e-006	1.226400e+001
glu	  10.0	-180.0	6.957397e-006	1.187571e+001
glu	  20.0	-180.0	9.952363e-006	1.151770e+001
glu	  30.0	-180.0	1.336859e-005	1.122260e+001
glu	  40.0	-180.0	1.657941e-005	1.100735e+001
glu	  50.0	-180.0	1.880015e-005	1.088165e+001
glu	  60.0	-180.0	1.940607e-005	1.084992e+001
glu	  70.0	-180.0	1.823879e-005	1.091196e+001
glu	  80.0	-180.0	1.568099e-005	1.106306e+001
glu	  90.0	-180.0	1.244960e-005	1.129382e+001
glu	 100.0	-180.0	9.273331e-006	1.158837e+001
glu	 110.0	-180.0	6.679212e-006	1.191651e+001
glu	 120.0	-180.0	5.015859e-006	1.220291e+001
glu	 130.0	-180.0	4.774193e-006	1.225229e+001
glu	 140.0	-180.0	7.387928e-006	1.181566e+001
glu	 150.0	-180.0	1.698487e-005	1.098319e+001
glu	 160.0	-180.0	4.365079e-005	1.003929e+001
glu	 170.0	-180.0	1.072860e-004	9.140012e+000
glu	-180.0	-170.0	1.263476e-004	8.976474e+000
glu	-170.0	-170.0	2.213825e-004	8.415619e+000
glu	-160.0	-170.0	3.312477e-004	8.012644e+000
glu	-150.0	-170.0	4.255037e-004	7.762237e+000
glu	-140.0	-170.0	4.752673e-004	7.651633e+000
glu	-130.0	-170.0	4.769669e-004	7.648063e+000
glu	-120.0	-170.0	4.609948e-004	7.682124e+000
glu	-110.0	-170.0	4.621149e-004	7.679697e+000
glu	-100.0	-170.0	4.924514e-004	7.616115e+000
glu	 -90.0	-170.0	5.281724e-004	7.546088e+000
glu	 -80.0	-170.0	5.050905e-004	7.590773e+000
glu	 -70.0	-170.0	3.813317e-004	7.871841e+000
glu	 -60.0	-170.0	2.099219e-004	8.468775e+000
glu	 -50.0	-170.0	8.240602e-005	9.403852e+000
glu	 -40.0	-170.0	2.455005e-005	1.061480e+001
glu	 -30.0	-170.0	7.155400e-006	1.184764e+001
glu	 -20.0	-170.0	3.803626e-006	1.247956e+001
glu	 -10.0	-170.0	4.315500e-006	1.235330e+001
glu	   0.0	-170.0	6.308098e-006	1.197368e+001
glu	  10.0	-170.0	9.455560e-006	1.156891e+001
glu	  20.0	-170.0	1.362676e-005	1.120347e+001
glu	  30.0	-170.0	1.836074e-005	1.090530e+001
glu	  40.0	-170.0	2.276378e-005	1.069034e+001
glu	  50.0	-170.0	2.572746e-005	1.056795e+001
glu	  60.0	-170.0	2.639312e-005	1.054241e+001
glu	  70.0	-170.0	2.458334e-005	1.061344e+001
glu	  80.0	-170.0	2.088591e-005	1.077644e+001
glu	  90.0	-170.0	1.633320e-005	1.102231e+001
glu	 100.0	-170.0	1.193035e-005	1.133642e+001
glu	 110.0	-170.0	8.348225e-006	1.169346e+001
glu	 120.0	-170.0	5.920742e-006	1.203705e+001
glu	 130.0	-170.0	4.925599e-006	1.222106e+001
glu	 140.0	-170.0	6.155523e-006	1.199816e+001
glu	 150.0	-170.0	1.192457e-005	1.133691e+001
glu	 160.0	-170.0	2.754827e-005	1.049957e+001
glu	 170.0	-170.0	6.227828e-005	9.683898e+000
glu	-180.0	-160.0	6.026246e-005	9.716801e+000
glu	-170.0	-160.0	9.783586e-005	9.232219e+000
glu	-160.0	-160.0	1.365048e-004	8.899151e+000
glu	-150.0	-160.0	1.656097e-004	8.705876e+000
glu	-140.0	-160.0	1.797682e-004	8.623842e+000
glu	-130.0	-160.0	1.818728e-004	8.612203e+000
glu	-120.0	-160.0	1.804303e-004	8.620166e+000
glu	-110.0	-160.0	1.827565e-004	8.607356e+000
glu	-100.0	-160.0	1.893677e-004	8.571820e+000
glu	 -90.0	-160.0	1.897225e-004	8.569948e+000
glu	 -80.0	-160.0	1.663314e-004	8.701529e+000
glu	 -70.0	-160.0	1.167548e-004	9.055435e+000
glu	 -60.0	-160.0	6.289710e-005	9.674010e+000
glu	 -50.0	-160.0	2.649738e-005	1.053846e+001
glu	 -40.0	-160.0	9.919000e-006	1.152106e+001
glu	 -30.0	-160.0	4.694571e-006	1.226910e+001
glu	 -20.0	-160.0	4.061340e-006	1.241400e+001
glu	 -10.0	-160.0	5.364867e-006	1.213564e+001
glu	   0.0	-160.0	8.068161e-006	1.172758e+001
glu	  10.0	-160.0	1.220350e-005	1.131379e+001
glu	  20.0	-160.0	1.765719e-005	1.094437e+001
glu	  30.0	-160.0	2.381451e-005	1.064522e+001
glu	  40.0	-160.0	2.948188e-005	1.043173e+001
glu	  50.0	-160.0	3.319762e-005	1.031303e+001
glu	  60.0	-160.0	3.385999e-005	1.029328e+001
glu	  70.0	-160.0	3.129181e-005	1.037215e+001
glu	  80.0	-160.0	2.632372e-005	1.054504e+001
glu	  90.0	-160.0	2.033917e-005	1.080296e+001
glu	 100.0	-160.0	1.463817e-005	1.113188e+001
glu	 110.0	-160.0	1.003621e-005	1.150931e+001
glu	 120.0	-160.0	6.848516e-006	1.189148e+001
glu	 130.0	-160.0	5.157998e-006	1.217496e+001
glu	 140.0	-160.0	5.235608e-006	1.216003e+001
glu	 150.0	-160.0	8.074768e-006	1.172677e+001
glu	 160.0	-160.0	1.594327e-005	1.104647e+001
glu	 170.0	-160.0	3.237013e-005	1.033827e+001
glu	-180.0	-150.0	2.900239e-005	1.044813e+001
glu	-170.0	-150.0	4.431697e-005	1.002414e+001
glu	-160.0	-150.0	5.957370e-005	9.728296e+000
glu	-150.0	-150.0	7.105254e-005	9.552091e+000
glu	-140.0	-150.0	7.731619e-005	9.467607e+000
glu	-130.0	-150.0	7.948811e-005	9.439903e+000
glu	-120.0	-150.0	7.963399e-005	9.438070e+000
glu	-110.0	-150.0	7.919874e-005	9.443550e+000
glu	-100.0	-150.0	7.788562e-005	9.460269e+000
glu	 -90.0	-150.0	7.262377e-005	9.530218e+000
glu	 -80.0	-150.0	5.972337e-005	9.725787e+000
glu	 -70.0	-150.0	4.077460e-005	1.010745e+001
glu	 -60.0	-150.0	2.287595e-005	1.068542e+001
glu	 -50.0	-150.0	1.127536e-005	1.139289e+001
glu	 -40.0	-150.0	5.864372e-006	1.204662e+001
glu	 -30.0	-150.0	4.211953e-006	1.237758e+001
glu	 -20.0	-150.0	4.570309e-006	1.229593e+001
glu	 -10.0	-150.0	6.373497e-006	1.196336e+001
glu	   0.0	-150.0	9.696179e-006	1.154378e+001
glu	  10.0	-150.0	1.472193e-005	1.112617e+001
glu	  20.0	-150.0	2.132436e-005	1.075566e+001
glu	  30.0	-150.0	2.873864e-005	1.045727e+001
glu	  40.0	-150.0	3.549499e-005	1.024612e+001
glu	  50.0	-150.0	3.981773e-005	1.013120e+001
glu	  60.0	-150.0	4.040266e-005	1.011662e+001
glu	  70.0	-150.0	3.709562e-005	1.020201e+001
glu	  80.0	-150.0	3.096310e-005	1.038271e+001
glu	  90.0	-150.0	2.370753e-005	1.064972e+001
glu	 100.0	-150.0	1.688364e-005	1.098917e+001
glu	 110.0	-150.0	1.142230e-005	1.137994e+001
glu	 120.0	-150.0	7.617369e-006	1.178508e+001
glu	 130.0	-150.0	5.408132e-006	1.212761e+001
glu	 140.0	-150.0	4.736493e-006	1.226021e+001
glu	 150.0	-150.0	5.864676e-006	1.204656e+001
glu	 160.0	-150.0	9.577172e-006	1.155613e+001
glu	 170.0	-150.0	1.704733e-005	1.097952e+001
glu	-180.0	-140.0	1.630295e-005	1.102416e+001
glu	-170.0	-140.0	2.383337e-005	1.064442e+001
glu	-160.0	-140.0	3.174766e-005	1.035769e+001
glu	-150.0	-140.0	3.849523e-005	1.016498e+001
glu	-140.0	-140.0	4.307506e-005	1.005257e+001
glu	-130.0	-140.0	4.528705e-005	1.000249e+001
glu	-120.0	-140.0	4.536841e-005	1.000069e+001
glu	-110.0	-140.0	4.364397e-005	1.003945e+001
glu	-100.0	-140.0	4.028220e-005	1.011960e+001
glu	 -90.0	-140.0	3.500405e-005	1.026005e+001
glu	 -80.0	-140.0	2.760445e-005	1.049753e+001
glu	 -70.0	-140.0	1.921655e-005	1.085974e+001
glu	 -60.0	-140.0	1.200594e-005	1.133011e+001
glu	 -50.0	-140.0	7.301288e-006	1.182746e+001
glu	 -40.0	-140.0	4.968395e-006	1.221241e+001
glu	 -30.0	-140.0	4.344265e-006	1.234665e+001
glu	 -20.0	-140.0	5.047530e-006	1.219661e+001
glu	 -10.0	-140.0	7.116429e-006	1.185310e+001
glu	   0.0	-140.0	1.082853e-005	1.143333e+001
glu	  10.0	-140.0	1.642293e-005	1.101683e+001
glu	  20.0	-140.0	2.374858e-005	1.064799e+001
glu	  30.0	-140.0	3.193180e-005	1.035191e+001
glu	  40.0	-140.0	3.932062e-005	1.014376e+001
glu	  50.0	-140.0	4.394660e-005	1.003254e+001
glu	  60.0	-140.0	4.439779e-005	1.002232e+001
glu	  70.0	-140.0	4.056063e-005	1.011271e+001
glu	  80.0	-140.0	3.366880e-005	1.029894e+001
glu	  90.0	-140.0	2.562739e-005	1.057185e+001
glu	 100.0	-140.0	1.813837e-005	1.091748e+001
glu	 110.0	-140.0	1.218709e-005	1.131513e+001
glu	 120.0	-140.0	8.041380e-006	1.173091e+001
glu	 130.0	-140.0	5.553149e-006	1.210115e+001
glu	 140.0	-140.0	4.495862e-006	1.231235e+001
glu	 150.0	-140.0	4.801537e-006	1.224657e+001
glu	 160.0	-140.0	6.659111e-006	1.191952e+001
glu	 170.0	-140.0	1.042792e-005	1.147102e+001
glu	-180.0	-130.0	1.149835e-005	1.137331e+001
glu	-170.0	-130.0	1.637349e-005	1.101985e+001
glu	-160.0	-130.0	2.188442e-005	1.072974e+001
glu	-150.0	-130.0	2.718929e-005	1.051269e+001
glu	-140.0	-130.0	3.140486e-005	1.036855e+001
glu	-130.0	-130.0	3.385769e-005	1.029334e+001
glu	-120.0	-130.0	3.420161e-005	1.028324e+001
glu	-110.0	-130.0	3.246250e-005	1.033542e+001
glu	-100.0	-130.0	2.899772e-005	1.044829e+001
glu	 -90.0	-130.0	2.431740e-005	1.062432e+001
glu	 -80.0	-130.0	1.900984e-005	1.087055e+001
glu	 -70.0	-130.0	1.384193e-005	1.118781e+001
glu	 -60.0	-130.0	9.597731e-006	1.155398e+001
glu	 -50.0	-130.0	6.685140e-006	1.191562e+001
glu	 -40.0	-130.0	5.082736e-006	1.218966e+001
glu	 -30.0	-130.0	4.644628e-006	1.227980e+001
glu	 -20.0	-130.0	5.362670e-006	1.213605e+001
glu	 -10.0	-130.0	7.434648e-006	1.180936e+001
glu	   0.0	-130.0	1.118326e-005	1.140109e+001
glu	  10.0	-130.0	1.684600e-005	1.099140e+001
glu	  20.0	-130.0	2.424727e-005	1.062721e+001
glu	  30.0	-130.0	3.247689e-005	1.033498e+001
glu	  40.0	-130.0	3.984915e-005	1.013041e+001
glu	  50.0	-130.0	4.438347e-005	1.002264e+001
glu	  60.0	-130.0	4.468855e-005	1.001579e+001
glu	  70.0	-130.0	4.069613e-005	1.010938e+001
glu	  80.0	-130.0	3.368514e-005	1.029845e+001
glu	  90.0	-130.0	2.558265e-005	1.057360e+001
glu	 100.0	-130.0	1.808385e-005	1.092049e+001
glu	 110.0	-130.0	1.214944e-005	1.131823e+001
glu	 120.0	-130.0	8.017695e-006	1.173386e+001
glu	 130.0	-130.0	5.506382e-006	1.210960e+001
glu	 140.0	-130.0	4.331556e-006	1.234958e+001
glu	 150.0	-130.0	4.309615e-006	1.235466e+001
glu	 160.0	-130.0	5.427663e-006	1.212400e+001
glu	 170.0	-130.0	7.796726e-006	1.176181e+001
glu	-180.0	-120.0	9.698164e-006	1.154357e+001
glu	-170.0	-120.0	1.367203e-005	1.120016e+001
glu	-160.0	-120.0	1.840955e-005	1.090264e+001
glu	-150.0	-120.0	2.333514e-005	1.066555e+001
glu	-140.0	-120.0	2.764753e-005	1.049597e+001
glu	-130.0	-120.0	3.052380e-005	1.039700e+001
glu	-120.0	-120.0	3.138250e-005	1.036926e+001
glu	-110.0	-120.0	3.009385e-005	1.041119e+001
glu	-100.0	-120.0	2.701031e-005	1.051929e+001
glu	 -90.0	-120.0	2.278506e-005	1.068941e+001
glu	 -80.0	-120.0	1.813998e-005	1.091739e+001
glu	 -70.0	-120.0	1.372957e-005	1.119596e+001
glu	 -60.0	-120.0	1.004889e-005	1.150805e+001
glu	 -50.0	-120.0	7.357097e-006	1.181985e+001
glu	 -40.0	-120.0	5.706412e-006	1.207392e+001
glu	 -30.0	-120.0	5.082647e-006	1.218968e+001
glu	 -20.0	-120.0	5.553742e-006	1.210104e+001
glu	 -10.0	-120.0	7.331793e-006	1.182329e+001
glu	   0.0	-120.0	1.071382e-005	1.144398e+001
glu	  10.0	-120.0	1.589702e-005	1.104938e+001
glu	  20.0	-120.0	2.268717e-005	1.069371e+001
glu	  30.0	-120.0	3.021721e-005	1.040710e+001
glu	  40.0	-120.0	3.692470e-005	1.020663e+001
glu	  50.0	-120.0	4.100137e-005	1.010190e+001
glu	  60.0	-120.0	4.119883e-005	1.009710e+001
glu	  70.0	-120.0	3.748360e-005	1.019161e+001
glu	  80.0	-120.0	3.104110e-005	1.038020e+001
glu	  90.0	-120.0	2.362958e-005	1.065301e+001
glu	 100.0	-120.0	1.678297e-005	1.099515e+001
glu	 110.0	-120.0	1.136414e-005	1.138505e+001
glu	 120.0	-120.0	7.583150e-006	1.178958e+001
glu	 130.0	-120.0	5.270678e-006	1.215335e+001
glu	 140.0	-120.0	4.159679e-006	1.239007e+001
glu	 150.0	-120.0	4.058274e-006	1.241475e+001
glu	 160.0	-120.0	4.909237e-006	1.222439e+001
glu	 170.0	-120.0	6.764849e-006	1.190377e+001
glu	-180.0	-110.0	9.094265e-006	1.160787e+001
glu	-170.0	-110.0	1.283859e-005	1.126306e+001
glu	-160.0	-110.0	1.749097e-005	1.095383e+001
glu	-150.0	-110.0	2.260971e-005	1.069713e+001
glu	-140.0	-110.0	2.743280e-005	1.050377e+001
glu	-130.0	-110.0	3.103537e-005	1.038038e+001
glu	-120.0	-110.0	3.265624e-005	1.032947e+001
glu	-110.0	-110.0	3.201883e-005	1.034919e+001
glu	-100.0	-110.0	2.940150e-005	1.043447e+001
glu	 -90.0	-110.0	2.542360e-005	1.057983e+001
glu	 -80.0	-110.0	2.079722e-005	1.078069e+001
glu	 -70.0	-110.0	1.620916e-005	1.102993e+001
glu	 -60.0	-110.0	1.222410e-005	1.131210e+001
glu	 -50.0	-110.0	9.162883e-006	1.160035e+001
glu	 -40.0	-110.0	7.091849e-006	1.185656e+001
glu	 -30.0	-110.0	5.980150e-006	1.202706e+001
glu	 -20.0	-110.0	5.891862e-006	1.204194e+001
glu	 -10.0	-110.0	7.036031e-006	1.186447e+001
glu	   0.0	-110.0	9.667780e-006	1.154671e+001
glu	  10.0	-110.0	1.391841e-005	1.118230e+001
glu	  20.0	-110.0	1.957319e-005	1.084135e+001
glu	  30.0	-110.0	2.586224e-005	1.056273e+001
glu	  40.0	-110.0	3.145770e-005	1.036687e+001
glu	  50.0	-110.0	3.485110e-005	1.026443e+001
glu	  60.0	-110.0	3.501400e-005	1.025976e+001
glu	  70.0	-110.0	3.192651e-005	1.035207e+001
glu	  80.0	-110.0	2.657046e-005	1.053571e+001
glu	  90.0	-110.0	2.039540e-005	1.080020e+001
glu	 100.0	-110.0	1.466736e-005	1.112989e+001
glu	 110.0	-110.0	1.010614e-005	1.150237e+001
glu	 120.0	-110.0	6.900475e-006	1.188392e+001
glu	 130.0	-110.0	4.928859e-006	1.222040e+001
glu	 140.0	-110.0	3.986737e-006	1.243254e+001
glu	 150.0	-110.0	3.926825e-006	1.244768e+001
glu	 160.0	-110.0	4.711012e-006	1.226561e+001
glu	 170.0	-110.0	6.399669e-006	1.195926e+001
glu	-180.0	-100.0	9.126985e-006	1.160428e+001
glu	-170.0	-100.0	1.302985e-005	1.124827e+001
glu	-160.0	-100.0	1.810235e-005	1.091947e+001
glu	-150.0	-100.0	2.401783e-005	1.063671e+001
glu	-140.0	-100.0	3.001281e-005	1.041389e+001
glu	-130.0	-100.0	3.499236e-005	1.026038e+001
glu	-120.0	-100.0	3.793863e-005	1.017954e+001
glu	-110.0	-100.0	3.837473e-005	1.016811e+001
glu	-100.0	-100.0	3.644475e-005	1.021971e+001
glu	 -90.0	-100.0	3.261363e-005	1.033078e+001
glu	 -80.0	-100.0	2.752526e-005	1.050041e+001
glu	 -70.0	-100.0	2.209595e-005	1.072012e+001
glu	 -60.0	-100.0	1.725876e-005	1.096719e+001
glu	 -50.0	-100.0	1.343682e-005	1.121751e+001
glu	 -40.0	-100.0	1.050480e-005	1.146368e+001
glu	 -30.0	-100.0	8.310792e-006	1.169796e+001
glu	 -20.0	-100.0	7.030886e-006	1.186520e+001
glu	 -10.0	-100.0	7.016580e-006	1.186723e+001
glu	   0.0	-100.0	8.511156e-006	1.167413e+001
glu	  10.0	-100.0	1.153095e-005	1.137048e+001
glu	  20.0	-100.0	1.579559e-005	1.105578e+001
glu	  30.0	-100.0	2.062765e-005	1.078888e+001
glu	  40.0	-100.0	2.496385e-005	1.059808e+001
glu	  50.0	-100.0	2.763323e-005	1.049649e+001
glu	  60.0	-100.0	2.784175e-005	1.048897e+001
glu	  70.0	-100.0	2.555894e-005	1.057452e+001
glu	  80.0	-100.0	2.151023e-005	1.074698e+001
glu	  90.0	-100.0	1.678157e-005	1.099523e+001
glu	 100.0	-100.0	1.233667e-005	1.130293e+001
glu	 110.0	-100.0	8.744247e-006	1.164711e+001
glu	 120.0	-100.0	6.182041e-006	1.199386e+001
glu	 130.0	-100.0	4.594427e-006	1.229067e+001
glu	 140.0	-100.0	3.859172e-006	1.246506e+001
glu	 150.0	-100.0	3.895213e-006	1.245576e+001
glu	 160.0	-100.0	4.709521e-006	1.226592e+001
glu	 170.0	-100.0	6.400728e-006	1.195910e+001
glu	-180.0	 -90.0	9.671321e-006	1.154635e+001
glu	-170.0	 -90.0	1.412198e-005	1.116778e+001
glu	-160.0	 -90.0	2.025077e-005	1.080732e+001
glu	-150.0	 -90.0	2.791649e-005	1.048629e+001
glu	-140.0	 -90.0	3.635152e-005	1.022227e+001
glu	-130.0	 -90.0	4.417635e-005	1.002732e+001
glu	-120.0	 -90.0	4.995079e-005	9.904472e+000
glu	-110.0	 -90.0	5.288807e-005	9.847333e+000
glu	-100.0	 -90.0	5.289891e-005	9.847128e+000
glu	 -90.0	 -90.0	5.003354e-005	9.902817e+000
glu	 -80.0	 -90.0	4.462109e-005	1.001730e+001
glu	 -70.0	 -90.0	3.802704e-005	1.017721e+001
glu	 -60.0	 -90.0	3.198395e-005	1.035028e+001
glu	 -50.0	 -90.0	2.665294e-005	1.053261e+001
glu	 -40.0	 -90.0	2.093999e-005	1.077385e+001
glu	 -30.0	 -90.0	1.506902e-005	1.110287e+001
glu	 -20.0	 -90.0	1.044833e-005	1.146907e+001
glu	 -10.0	 -90.0	8.000547e-006	1.173600e+001
glu	   0.0	 -90.0	7.770214e-006	1.176521e+001
glu	  10.0	 -90.0	9.356367e-006	1.157945e+001
glu	  20.0	 -90.0	1.221862e-005	1.131255e+001
glu	  30.0	 -90.0	1.567512e-005	1.106344e+001
glu	  40.0	 -90.0	1.887179e-005	1.087784e+001
glu	  50.0	 -90.0	2.092995e-005	1.077433e+001
glu	  60.0	 -90.0	2.125128e-005	1.075909e+001
glu	  70.0	 -90.0	1.977316e-005	1.083119e+001
glu	  80.0	 -90.0	1.696812e-005	1.098417e+001
glu	  90.0	 -90.0	1.358283e-005	1.120670e+001
glu	 100.0	 -90.0	1.030955e-005	1.148244e+001
glu	 110.0	 -90.0	7.589753e-006	1.178871e+001
glu	 120.0	 -90.0	5.601863e-006	1.209241e+001
glu	 130.0	 -90.0	4.358350e-006	1.234342e+001
glu	 140.0	 -90.0	3.818435e-006	1.247567e+001
glu	 150.0	 -90.0	3.969405e-006	1.243689e+001
glu	 160.0	 -90.0	4.873263e-006	1.223175e+001
glu	 170.0	 -90.0	6.689066e-006	1.191504e+001
glu	-180.0	 -80.0	1.073987e-005	1.144155e+001
glu	-170.0	 -80.0	1.624822e-005	1.102753e+001
glu	-160.0	 -80.0	2.439038e-005	1.062132e+001
glu	-150.0	 -80.0	3.543339e-005	1.024786e+001
glu	-140.0	 -80.0	4.875236e-005	9.928757e+000
glu	-130.0	 -80.0	6.264853e-005	9.677970e+000
glu	-120.0	 -80.0	7.510985e-005	9.496559e+000
glu	-110.0	 -80.0	8.508407e-005	9.371871e+000
glu	-100.0	 -80.0	9.265741e-005	9.286602e+000
glu	 -90.0	 -80.0	9.770638e-005	9.233544e+000
glu	 -80.0	 -80.0	9.974368e-005	9.212907e+000
glu	 -70.0	 -80.0	9.914638e-005	9.218913e+000
glu	 -60.0	 -80.0	9.576259e-005	9.253638e+000
glu	 -50.0	 -80.0	8.428780e-005	9.381273e+000
glu	 -40.0	 -80.0	6.126914e-005	9.700234e+000
glu	 -30.0	 -80.0	3.654691e-005	1.021691e+001
glu	 -20.0	 -80.0	1.961848e-005	1.083904e+001
glu	 -10.0	 -80.0	1.099714e-005	1.141788e+001
glu	   0.0	 -80.0	7.846890e-006	1.175539e+001
glu	  10.0	 -80.0	7.781083e-006	1.176381e+001
glu	  20.0	 -80.0	9.376641e-006	1.157729e+001
glu	  30.0	 -80.0	1.172315e-005	1.135395e+001
glu	  40.0	 -80.0	1.406015e-005	1.117217e+001
glu	  50.0	 -80.0	1.570858e-005	1.106130e+001
glu	  60.0	 -80.0	1.619769e-005	1.103064e+001
glu	  70.0	 -80.0	1.541294e-005	1.108030e+001
glu	  80.0	 -80.0	1.361090e-005	1.120464e+001
glu	  90.0	 -80.0	1.127119e-005	1.139326e+001
glu	 100.0	 -80.0	8.886290e-006	1.163100e+001
glu	 110.0	 -80.0	6.814941e-006	1.189639e+001
glu	 120.0	 -80.0	5.248922e-006	1.215749e+001
glu	 130.0	 -80.0	4.260908e-006	1.236603e+001
glu	 140.0	 -80.0	3.877765e-006	1.246025e+001
glu	 150.0	 -80.0	4.146426e-006	1.239326e+001
glu	 160.0	 -80.0	5.188003e-006	1.216916e+001
glu	 170.0	 -80.0	7.247833e-006	1.183481e+001
glu	-180.0	 -70.0	1.235437e-005	1.130150e+001
glu	-170.0	 -70.0	1.957616e-005	1.084120e+001
glu	-160.0	 -70.0	3.108310e-005	1.037885e+001
glu	-150.0	 -70.0	4.803971e-005	9.943483e+000
glu	-140.0	 -70.0	7.050243e-005	9.559863e+000
glu	-130.0	 -70.0	9.682923e-005	9.242562e+000
glu	-120.0	 -70.0	1.246607e-004	8.989915e+000
glu	-110.0	 -70.0	1.537622e-004	8.780103e+000
glu	-100.0	 -70.0	1.881016e-004	8.578529e+000
glu	 -90.0	 -70.0	2.341637e-004	8.359490e+000
glu	 -80.0	 -70.0	2.984794e-004	8.116810e+000
glu	 -70.0	 -70.0	3.757104e-004	7.886692e+000
glu	 -60.0	 -70.0	4.238324e-004	7.766172e+000
glu	 -50.0	 -70.0	3.707891e-004	7.899877e+000
glu	 -40.0	 -70.0	2.287369e-004	8.382938e+000
glu	 -30.0	 -70.0	1.044581e-004	9.166725e+000
glu	 -20.0	 -70.0	4.140665e-005	1.009207e+001
glu	 -10.0	 -70.0	1.695598e-005	1.098489e+001
glu	   0.0	 -70.0	8.773450e-006	1.164378e+001
glu	  10.0	 -70.0	6.842480e-006	1.189236e+001
glu	  20.0	 -70.0	7.407027e-006	1.181308e+001
glu	  30.0	 -70.0	8.995344e-006	1.161880e+001
glu	  40.0	 -70.0	1.082131e-005	1.143399e+001
glu	  50.0	 -70.0	1.230910e-005	1.130517e+001
glu	  60.0	 -70.0	1.303689e-005	1.124773e+001
glu	  70.0	 -70.0	1.281008e-005	1.126528e+001
glu	  80.0	 -70.0	1.170964e-005	1.135510e+001
glu	  90.0	 -70.0	1.003786e-005	1.150915e+001
glu	 100.0	 -70.0	8.180972e-006	1.171370e+001
glu	 110.0	 -70.0	6.474336e-006	1.194766e+001
glu	 120.0	 -70.0	5.139442e-006	1.217857e+001
glu	 130.0	 -70.0	4.296972e-006	1.235760e+001
glu	 140.0	 -70.0	4.020772e-006	1.242404e+001
glu	 150.0	 -70.0	4.403150e-006	1.233319e+001
glu	 160.0	 -70.0	5.626844e-006	1.208796e+001
glu	 170.0	 -70.0	8.056354e-006	1.172905e+001
glu	-180.0	 -60.0	1.444069e-005	1.114546e+001
glu	-170.0	 -60.0	2.406822e-005	1.063462e+001
glu	-160.0	 -60.0	4.049936e-005	1.011422e+001
glu	-150.0	 -60.0	6.663797e-005	9.616236e+000
glu	-140.0	 -60.0	1.044726e-004	9.166586e+000
glu	-130.0	 -60.0	1.537577e-004	8.780133e+000
glu	-120.0	 -60.0	2.130371e-004	8.454044e+000
glu	-110.0	 -60.0	2.863814e-004	8.158186e+000
glu	-100.0	 -60.0	3.941399e-004	7.838805e+000
glu	 -90.0	 -60.0	5.863161e-004	7.441651e+000
glu	 -80.0	 -60.0	9.649601e-004	6.943424e+000
glu	 -70.0	 -60.0	1.573251e-003	6.454611e+000
glu	 -60.0	 -60.0	2.021013e-003	6.204156e+000
glu	 -50.0	 -60.0	1.660942e-003	6.400370e+000
glu	 -40.0	 -60.0	8.290979e-004	7.095172e+000
glu	 -30.0	 -60.0	2.811396e-004	8.176659e+000
glu	 -20.0	 -60.0	8.118615e-005	9.418766e+000
glu	 -10.0	 -60.0	2.497556e-005	1.059761e+001
glu	   0.0	 -60.0	9.892558e-006	1.152373e+001
glu	  10.0	 -60.0	6.261981e-006	1.198101e+001
glu	  20.0	 -60.0	6.183032e-006	1.199370e+001
glu	  30.0	 -60.0	7.424797e-006	1.181069e+001
glu	  40.0	 -60.0	9.142150e-006	1.160262e+001
glu	  50.0	 -60.0	1.079415e-005	1.143651e+001
glu	  60.0	 -60.0	1.191357e-005	1.133783e+001
glu	  70.0	 -60.0	1.216012e-005	1.131735e+001
glu	  80.0	 -60.0	1.145605e-005	1.137699e+001
glu	  90.0	 -60.0	1.002614e-005	1.151031e+001
glu	 100.0	 -60.0	8.274142e-006	1.170238e+001
glu	 110.0	 -60.0	6.596280e-006	1.192900e+001
glu	 120.0	 -60.0	5.268404e-006	1.215378e+001
glu	 130.0	 -60.0	4.443361e-006	1.232410e+001
glu	 140.0	 -60.0	4.213911e-006	1.237712e+001
glu	 150.0	 -60.0	4.697110e-006	1.226856e+001
glu	 160.0	 -60.0	6.136129e-006	1.200132e+001
glu	 170.0	 -60.0	9.047519e-006	1.161302e+001
glu	-180.0	 -50.0	1.675138e-005	1.099703e+001
glu	-170.0	 -50.0	2.926879e-005	1.043899e+001
glu	-160.0	 -50.0	5.189216e-005	9.866343e+000
glu	-150.0	 -50.0	9.038262e-005	9.311459e+000
glu	-140.0	 -50.0	1.507769e-004	8.799709e+000
glu	-130.0	 -50.0	2.372216e-004	8.346516e+000
glu	-120.0	 -50.0	3.527651e-004	7.949708e+000
glu	-110.0	 -50.0	5.126557e-004	7.575906e+000
glu	-100.0	 -50.0	7.768150e-004	7.160308e+000
glu	 -90.0	 -50.0	1.342086e-003	6.613530e+000
glu	 -80.0	 -50.0	2.784665e-003	5.883628e+000
glu	 -70.0	 -50.0	5.651879e-003	5.175767e+000
glu	 -60.0	 -50.0	7.831028e-003	4.849661e+000
glu	 -50.0	 -50.0	5.799687e-003	5.149951e+000
glu	 -40.0	 -50.0	2.292228e-003	6.078231e+000
glu	 -30.0	 -50.0	5.756202e-004	7.460062e+000
glu	 -20.0	 -50.0	1.225345e-004	9.007118e+000
glu	 -10.0	 -50.0	2.981161e-005	1.042061e+001
glu	   0.0	 -50.0	9.928404e-006	1.152011e+001
glu	  10.0	 -50.0	5.676584e-006	1.207916e+001
glu	  20.0	 -50.0	5.547462e-006	1.210217e+001
glu	  30.0	 -50.0	6.954446e-006	1.187613e+001
glu	  40.0	 -50.0	9.118809e-006	1.160517e+001
glu	  50.0	 -50.0	1.148557e-005	1.137442e+001
glu	  60.0	 -50.0	1.337073e-005	1.122244e+001
glu	  70.0	 -50.0	1.411129e-005	1.116854e+001
glu	  80.0	 -50.0	1.344106e-005	1.121720e+001
glu	  90.0	 -50.0	1.166141e-005	1.135923e+001
glu	 100.0	 -50.0	9.411073e-006	1.157362e+001
glu	 110.0	 -50.0	7.291196e-006	1.182884e+001
glu	 120.0	 -50.0	5.666354e-006	1.208096e+001
glu	 130.0	 -50.0	4.689078e-006	1.227027e+001
glu	 140.0	 -50.0	4.423075e-006	1.232868e+001
glu	 150.0	 -50.0	4.974516e-006	1.221118e+001
glu	 160.0	 -50.0	6.633481e-006	1.192338e+001
glu	 170.0	 -50.0	1.008459e-005	1.150450e+001
glu	-180.0	 -40.0	1.889601e-005	1.087656e+001
glu	-170.0	 -40.0	3.435197e-005	1.027885e+001
glu	-160.0	 -40.0	6.362832e-005	9.662452e+000
glu	-150.0	 -40.0	1.164530e-004	9.058023e+000
glu	-140.0	 -40.0	2.056445e-004	8.489362e+000
glu	-130.0	 -40.0	3.452646e-004	7.971199e+000
glu	-120.0	 -40.0	5.527089e-004	7.500679e+000
glu	-110.0	 -40.0	8.715482e-004	7.045239e+000
glu	-100.0	 -40.0	1.437219e-003	6.545045e+000
glu	 -90.0	 -40.0	2.718729e-003	5.907591e+000
glu	 -80.0	 -40.0	6.408627e-003	5.050110e+000
glu	 -70.0	 -40.0	1.459430e-002	4.227124e+000
glu	 -60.0	 -40.0	2.010398e-002	3.906838e+000
glu	 -50.0	 -40.0	1.283904e-002	4.355265e+000
glu	 -40.0	 -40.0	3.934688e-003	5.537924e+000
glu	 -30.0	 -40.0	7.382648e-004	7.211208e+000
glu	 -20.0	 -40.0	1.212214e-004	9.017892e+000
glu	 -10.0	 -40.0	2.546711e-005	1.057812e+001
glu	   0.0	 -40.0	8.173389e-006	1.171463e+001
glu	  10.0	 -40.0	5.010240e-006	1.220403e+001
glu	  20.0	 -40.0	5.548099e-006	1.210206e+001
glu	  30.0	 -40.0	7.864601e-006	1.175314e+001
glu	  40.0	 -40.0	1.149666e-005	1.137345e+001
glu	  50.0	 -40.0	1.575892e-005	1.105810e+001
glu	  60.0	 -40.0	1.930812e-005	1.085498e+001
glu	  70.0	 -40.0	2.068429e-005	1.078614e+001
glu	  80.0	 -40.0	1.935301e-005	1.085266e+001
glu	  90.0	 -40.0	1.607344e-005	1.103834e+001
glu	 100.0	 -40.0	1.220893e-005	1.131334e+001
glu	 110.0	 -40.0	8.837236e-006	1.163654e+001
glu	 120.0	 -40.0	6.432547e-006	1.195414e+001
glu	 130.0	 -40.0	5.051096e-006	1.219591e+001
glu	 140.0	 -40.0	4.625889e-006	1.228384e+001
glu	 150.0	 -40.0	5.183675e-006	1.217000e+001
glu	 160.0	 -40.0	7.024007e-006	1.186618e+001
glu	 170.0	 -40.0	1.098190e-005	1.141926e+001
glu	-180.0	 -30.0	2.050463e-005	1.079486e+001
glu	-170.0	 -30.0	3.852292e-005	1.016426e+001
glu	-160.0	 -30.0	7.409899e-005	9.510109e+000
glu	-150.0	 -30.0	1.418492e-004	8.860746e+000
glu	-140.0	 -30.0	2.645546e-004	8.237463e+000
glu	-130.0	 -30.0	4.758933e-004	7.650317e+000
glu	-120.0	 -30.0	8.331587e-004	7.090286e+000
glu	-110.0	 -30.0	1.466620e-003	6.524795e+000
glu	-100.0	 -30.0	2.682594e-003	5.920971e+000
glu	 -90.0	 -30.0	5.288092e-003	5.242298e+000
glu	 -80.0	 -30.0	1.234468e-002	4.394530e+000
glu	 -70.0	 -30.0	2.665486e-002	3.624784e+000
glu	 -60.0	 -30.0	3.205381e-002	3.440339e+000
glu	 -50.0	 -30.0	1.657141e-002	4.100077e+000
glu	 -40.0	 -30.0	3.806317e-003	5.571093e+000
glu	 -30.0	 -30.0	5.255826e-004	7.551003e+000
glu	 -20.0	 -30.0	7.075337e-005	9.556310e+000
glu	 -10.0	 -30.0	1.482376e-005	1.111928e+001
glu	   0.0	 -30.0	5.635030e-006	1.208651e+001
glu	  10.0	 -30.0	4.635359e-006	1.228180e+001
glu	  20.0	 -30.0	6.628161e-006	1.192418e+001
glu	  30.0	 -30.0	1.124934e-005	1.139520e+001
glu	  40.0	 -30.0	1.865180e-005	1.088957e+001
glu	  50.0	 -30.0	2.760622e-005	1.049747e+001
glu	  60.0	 -30.0	3.486634e-005	1.026399e+001
glu	  70.0	 -30.0	3.697763e-005	1.020520e+001
glu	  80.0	 -30.0	3.313237e-005	1.031500e+001
glu	  90.0	 -30.0	2.567419e-005	1.057002e+001
glu	 100.0	 -30.0	1.785800e-005	1.093306e+001
glu	 110.0	 -30.0	1.171474e-005	1.135466e+001
glu	 120.0	 -30.0	7.724126e-006	1.177116e+001
glu	 130.0	 -30.0	5.564378e-006	1.209913e+001
glu	 140.0	 -30.0	4.813373e-006	1.224411e+001
glu	 150.0	 -30.0	5.289818e-006	1.214973e+001
glu	 160.0	 -30.0	7.232692e-006	1.183690e+001
glu	 170.0	 -30.0	1.157360e-005	1.136678e+001
glu	-180.0	 -20.0	2.141702e-005	1.075132e+001
glu	-170.0	 -20.0	4.147635e-005	1.009039e+001
glu	-160.0	 -20.0	8.284331e-005	9.398560e+000
glu	-150.0	 -20.0	1.662079e-004	8.702271e+000
glu	-140.0	 -20.0	3.293148e-004	8.018496e+000
glu	-130.0	 -20.0	6.440438e-004	7.347744e+000
glu	-120.0	 -20.0	1.261789e-003	6.675225e+000
glu	-110.0	 -20.0	2.514483e-003	5.985688e+000
glu	-100.0	 -20.0	4.980347e-003	5.302256e+000
glu	 -90.0	 -20.0	9.464820e-003	4.660174e+000
glu	 -80.0	 -20.0	1.868208e-002	3.980190e+000
glu	 -70.0	 -20.0	3.207895e-002	3.439555e+000
glu	 -60.0	 -20.0	2.993045e-002	3.508879e+000
glu	 -50.0	 -20.0	1.187563e-002	4.433267e+000
glu	 -40.0	 -20.0	2.021953e-003	6.203691e+000
glu	 -30.0	 -20.0	2.038806e-004	8.497976e+000
glu	 -20.0	 -20.0	2.457552e-005	1.061376e+001
glu	 -10.0	 -20.0	6.485058e-006	1.194601e+001
glu	   0.0	 -20.0	3.916931e-006	1.245020e+001
glu	  10.0	 -20.0	5.167726e-006	1.217308e+001
glu	  20.0	 -20.0	9.894805e-006	1.152350e+001
glu	  30.0	 -20.0	1.995551e-005	1.082201e+001
glu	  40.0	 -20.0	3.658927e-005	1.021576e+001
glu	  50.0	 -20.0	5.672945e-005	9.777217e+000
glu	  60.0	 -20.0	7.190073e-005	9.540224e+000
glu	  70.0	 -20.0	7.395529e-005	9.512050e+000
glu	  80.0	 -20.0	6.252381e-005	9.679963e+000
glu	  90.0	 -20.0	4.469605e-005	1.001563e+001
glu	 100.0	 -20.0	2.816202e-005	1.047754e+001
glu	 110.0	 -20.0	1.651539e-005	1.101122e+001
glu	 120.0	 -20.0	9.678411e-006	1.154561e+001
glu	 130.0	 -20.0	6.242012e-006	1.198421e+001
glu	 140.0	 -20.0	4.979081e-006	1.221027e+001
glu	 150.0	 -20.0	5.285341e-006	1.215057e+001
glu	 160.0	 -20.0	7.238423e-006	1.183611e+001
glu	 170.0	 -20.0	1.179350e-005	1.134796e+001
glu	-180.0	 -10.0	2.178039e-005	1.073450e+001
glu	-170.0	 -10.0	4.354752e-005	1.004166e+001
glu	-160.0	 -10.0	9.075689e-005	9.307326e+000
glu	-150.0	 -10.0	1.920633e-004	8.557685e+000
glu	-140.0	 -10.0	4.074427e-004	7.805610e+000
glu	-130.0	 -10.0	8.711280e-004	7.045722e+000
glu	-120.0	 -10.0	1.877393e-003	6.277871e+000
glu	-110.0	 -10.0	3.949373e-003	5.534198e+000
glu	-100.0	 -10.0	7.581246e-003	4.882078e+000
glu	 -90.0	 -10.0	1.244442e-002	4.386483e+000
glu	 -80.0	 -10.0	1.832581e-002	3.999445e+000
glu	 -70.0	 -10.0	2.241346e-002	3.798094e+000
glu	 -60.0	 -10.0	1.543604e-002	4.171050e+000
glu	 -50.0	 -10.0	4.634549e-003	5.374216e+000
glu	 -40.0	 -10.0	5.982949e-004	7.421427e+000
glu	 -30.0	 -10.0	4.631208e-005	9.980108e+000
glu	 -20.0	 -10.0	6.267564e-006	1.198012e+001
glu	 -10.0	 -10.0	3.024627e-006	1.270872e+001
glu	   0.0	 -10.0	3.603791e-006	1.253352e+001
glu	  10.0	 -10.0	7.367144e-006	1.181848e+001
glu	  20.0	 -10.0	1.763179e-005	1.094581e+001
glu	  30.0	 -10.0	4.004332e-005	1.012555e+001
glu	  40.0	 -10.0	7.778371e-005	9.461579e+000
glu	  50.0	 -10.0	1.224446e-004	9.007852e+000
glu	  60.0	 -10.0	1.525761e-004	8.787847e+000
glu	  70.0	 -10.0	1.503652e-004	8.802443e+000
glu	  80.0	 -10.0	1.192253e-004	9.034495e+000
glu	  90.0	 -10.0	7.850332e-005	9.452370e+000
glu	 100.0	 -10.0	4.485348e-005	1.001211e+001
glu	 110.0	 -10.0	2.353967e-005	1.065682e+001
glu	 120.0	 -10.0	1.223527e-005	1.131119e+001
glu	 130.0	 -10.0	7.011272e-006	1.186799e+001
glu	 140.0	 -10.0	5.101795e-006	1.218592e+001
glu	 150.0	 -10.0	5.193391e-006	1.216812e+001
glu	 160.0	 -10.0	7.096183e-006	1.185595e+001
glu	 170.0	 -10.0	1.172694e-005	1.135362e+001
glu	-180.0	   0.0	2.205038e-005	1.072218e+001
glu	-170.0	   0.0	4.554056e-005	9.996907e+000
glu	-160.0	   0.0	9.906246e-005	9.219760e+000
glu	-150.0	   0.0	2.200880e-004	8.421483e+000
glu	-140.0	   0.0	4.911921e-004	7.618675e+000
glu	-130.0	   0.0	1.098540e-003	6.813774e+000
glu	-120.0	   0.0	2.400249e-003	6.032183e+000
glu	-110.0	   0.0	4.778195e-003	5.343693e+000
glu	-100.0	   0.0	7.990989e-003	4.829441e+000
glu	 -90.0	   0.0	1.051634e-002	4.554825e+000
glu	 -80.0	   0.0	1.098439e-002	4.511280e+000
glu	 -70.0	   0.0	9.040722e-003	4.706016e+000
glu	 -60.0	   0.0	4.501497e-003	5.403345e+000
glu	 -50.0	   0.0	1.043768e-003	6.864918e+000
glu	 -40.0	   0.0	1.095093e-004	9.119501e+000
glu	 -30.0	   0.0	8.116293e-006	1.172164e+001
glu	 -20.0	   0.0	2.166809e-006	1.304225e+001
glu	 -10.0	   0.0	2.299433e-006	1.298285e+001
glu	   0.0	   0.0	4.635493e-006	1.228177e+001
glu	  10.0	   0.0	1.235942e-005	1.130109e+001
glu	  20.0	   0.0	3.363983e-005	1.029980e+001
glu	  30.0	   0.0	8.122267e-005	9.418316e+000
glu	  40.0	   0.0	1.611347e-004	8.733270e+000
glu	  50.0	   0.0	2.519361e-004	8.286335e+000
glu	  60.0	   0.0	3.050074e-004	8.095175e+000
glu	  70.0	   0.0	2.865068e-004	8.157748e+000
glu	  80.0	   0.0	2.128868e-004	8.454750e+000
glu	  90.0	   0.0	1.294530e-004	8.952193e+000
glu	 100.0	   0.0	6.747116e-005	9.603810e+000
glu	 110.0	   0.0	3.196758e-005	1.035079e+001
glu	 120.0	   0.0	1.488904e-005	1.111489e+001
glu	 130.0	   0.0	7.659069e-006	1.177962e+001
glu	 140.0	   0.0	5.137713e-006	1.217890e+001
glu	 150.0	   0.0	5.067697e-006	1.219262e+001
glu	 160.0	   0.0	6.942040e-006	1.187791e+001
glu	 170.0	   0.0	1.162549e-005	1.136231e+001
glu	-180.0	  10.0	2.287062e-005	1.068566e+001
glu	-170.0	  10.0	4.830229e-005	9.938032e+000
glu	-160.0	  10.0	1.077182e-004	9.135992e+000
glu	-150.0	  10.0	2.438306e-004	8.319037e+000
glu	-140.0	  10.0	5.444861e-004	7.515668e+000
glu	-130.0	  10.0	1.178597e-003	6.743431e+000
glu	-120.0	  10.0	2.380486e-003	6.040451e+000
glu	-110.0	  10.0	4.148537e-003	5.485000e+000
glu	-100.0	  10.0	5.734055e-003	5.161332e+000
glu	 -90.0	  10.0	5.911966e-003	5.130777e+000
glu	 -80.0	  10.0	4.425871e-003	5.420288e+000
glu	 -70.0	  10.0	2.414270e-003	6.026358e+000
glu	 -60.0	  10.0	8.601478e-004	7.058406e+000
glu	 -50.0	  10.0	1.653239e-004	8.707604e+000
glu	 -40.0	  10.0	1.808325e-005	1.092052e+001
glu	 -30.0	  10.0	2.770885e-006	1.279634e+001
glu	 -20.0	  10.0	1.736893e-006	1.326341e+001
glu	 -10.0	  10.0	2.744903e-006	1.280576e+001
glu	   0.0	  10.0	7.133948e-006	1.185065e+001
glu	  10.0	  10.0	2.155225e-005	1.074503e+001
glu	  20.0	  10.0	6.194787e-005	9.689217e+000
glu	  30.0	  10.0	1.522409e-004	8.790047e+000
glu	  40.0	  10.0	3.006417e-004	8.109591e+000
glu	  50.0	  10.0	4.603902e-004	7.683436e+000
glu	  60.0	  10.0	5.382232e-004	7.527237e+000
glu	  70.0	  10.0	4.814269e-004	7.638756e+000
glu	  80.0	  10.0	3.359455e-004	7.998562e+000
glu	  90.0	  10.0	1.894599e-004	8.571333e+000
glu	 100.0	  10.0	9.068812e-005	9.308084e+000
glu	 110.0	  10.0	3.920639e-005	1.014667e+001
glu	 120.0	  10.0	1.663111e-005	1.100424e+001
glu	 130.0	  10.0	7.871920e-006	1.175221e+001
glu	 140.0	  10.0	5.043302e-006	1.219745e+001
glu	 150.0	  10.0	4.989165e-006	1.220824e+001
glu	 160.0	  10.0	6.969677e-006	1.187394e+001
glu	 170.0	  10.0	1.185973e-005	1.134236e+001
glu	-180.0	  20.0	2.480577e-005	1.060443e+001
glu	-170.0	  20.0	5.223470e-005	9.859764e+000
glu	-160.0	  20.0	1.149297e-004	9.071190e+000
glu	-150.0	  20.0	2.526713e-004	8.283421e+000
glu	-140.0	  20.0	5.338965e-004	7.535309e+000
glu	-130.0	  20.0	1.050963e-003	6.858048e+000
glu	-120.0	  20.0	1.849019e-003	6.293100e+000
glu	-110.0	  20.0	2.714565e-003	5.909123e+000
glu	-100.0	  20.0	3.073429e-003	5.784961e+000
glu	 -90.0	  20.0	2.533454e-003	5.978172e+000
glu	 -80.0	  20.0	1.471079e-003	6.521759e+000
glu	 -70.0	  20.0	5.949507e-004	7.427032e+000
glu	 -60.0	  20.0	1.684411e-004	8.688924e+000
glu	 -50.0	  20.0	3.542601e-005	1.024806e+001
glu	 -40.0	  20.0	7.818157e-006	1.175906e+001
glu	 -30.0	  20.0	2.920121e-006	1.274389e+001
glu	 -20.0	  20.0	2.225589e-006	1.301549e+001
glu	 -10.0	  20.0	3.959438e-006	1.243941e+001
glu	   0.0	  20.0	1.133689e-005	1.138745e+001
glu	  10.0	  20.0	3.555144e-005	1.024453e+001
glu	  20.0	  20.0	1.026050e-004	9.184624e+000
glu	  30.0	  20.0	2.489912e-004	8.298093e+000
glu	  40.0	  20.0	4.806845e-004	7.640300e+000
glu	  50.0	  20.0	7.139894e-004	7.244642e+000
glu	  60.0	  20.0	8.031752e-004	7.126938e+000
glu	  70.0	  20.0	6.848120e-004	7.286366e+000
glu	  80.0	  20.0	4.505689e-004	7.705000e+000
glu	  90.0	  20.0	2.369675e-004	8.347587e+000
glu	 100.0	  20.0	1.048944e-004	9.162556e+000
glu	 110.0	  20.0	4.181296e-005	1.008230e+001
glu	 120.0	  20.0	1.646273e-005	1.101441e+001
glu	 130.0	  20.0	7.438183e-006	1.180888e+001
glu	 140.0	  20.0	4.830596e-006	1.224054e+001
glu	 150.0	  20.0	5.054478e-006	1.219524e+001
glu	 160.0	  20.0	7.370194e-006	1.181807e+001
glu	 170.0	  20.0	1.278696e-005	1.126708e+001
glu	-180.0	  30.0	2.816809e-005	1.047732e+001
glu	-170.0	  30.0	5.747268e-005	9.764201e+000
glu	-160.0	  30.0	1.196916e-004	9.030592e+000
glu	-150.0	  30.0	2.438866e-004	8.318807e+000
glu	-140.0	  30.0	4.672321e-004	7.668684e+000
glu	-130.0	  30.0	8.109598e-004	7.117292e+000
glu	-120.0	  30.0	1.222586e-003	6.706787e+000
glu	-110.0	  30.0	1.513814e-003	6.493123e+000
glu	-100.0	  30.0	1.446780e-003	6.538415e+000
glu	 -90.0	  30.0	1.021408e-003	6.886574e+000
glu	 -80.0	  30.0	5.286316e-004	7.545219e+000
glu	 -70.0	  30.0	2.088628e-004	8.473833e+000
glu	 -60.0	  30.0	7.081749e-005	9.555404e+000
glu	 -50.0	  30.0	2.436976e-005	1.062217e+001
glu	 -40.0	  30.0	9.355986e-006	1.157949e+001
glu	 -30.0	  30.0	4.248036e-006	1.236905e+001
glu	 -20.0	  30.0	3.204362e-006	1.265100e+001
glu	 -10.0	  30.0	5.829064e-006	1.205265e+001
glu	   0.0	  30.0	1.692382e-005	1.098679e+001
glu	  10.0	  30.0	5.227452e-005	9.859001e+000
glu	  20.0	  30.0	1.466192e-004	8.827671e+000
glu	  30.0	  30.0	3.440393e-004	7.974755e+000
glu	  40.0	  30.0	6.407067e-004	7.352939e+000
glu	  50.0	  30.0	9.161529e-004	6.995327e+000
glu	  60.0	  30.0	9.890821e-004	6.918733e+000
glu	  70.0	  30.0	8.052832e-004	7.124317e+000
glu	  80.0	  30.0	5.021947e-004	7.596523e+000
glu	  90.0	  30.0	2.481497e-004	8.301478e+000
glu	 100.0	  30.0	1.024807e-004	9.185836e+000
glu	 110.0	  30.0	3.812662e-005	1.017460e+001
glu	 120.0	  30.0	1.426460e-005	1.115773e+001
glu	 130.0	  30.0	6.477375e-006	1.194720e+001
glu	 140.0	  30.0	4.604722e-006	1.228843e+001
glu	 150.0	  30.0	5.354108e-006	1.213765e+001
glu	 160.0	  30.0	8.267707e-006	1.170315e+001
glu	 170.0	  30.0	1.462242e-005	1.113295e+001
glu	-180.0	  40.0	3.311600e-005	1.031549e+001
glu	-170.0	  40.0	6.460802e-005	9.647172e+000
glu	-160.0	  40.0	1.247546e-004	8.989162e+000
glu	-150.0	  40.0	2.295633e-004	8.379332e+000
glu	-140.0	  40.0	3.893892e-004	7.850931e+000
glu	-130.0	  40.0	5.903375e-004	7.434816e+000
glu	-120.0	  40.0	7.732303e-004	7.164934e+000
glu	-110.0	  40.0	8.410307e-004	7.080882e+000
glu	-100.0	  40.0	7.330574e-004	7.218286e+000
glu	 -90.0	  40.0	5.075547e-004	7.585906e+000
glu	 -80.0	  40.0	2.897557e-004	8.146472e+000
glu	 -70.0	  40.0	1.467745e-004	8.826613e+000
glu	 -60.0	  40.0	7.015593e-005	9.564790e+000
glu	 -50.0	  40.0	3.199391e-005	1.034997e+001
glu	 -40.0	  40.0	1.390608e-005	1.118318e+001
glu	 -30.0	  40.0	6.316288e-006	1.197238e+001
glu	 -20.0	  40.0	4.521190e-006	1.230674e+001
glu	 -10.0	  40.0	7.964749e-006	1.174049e+001
glu	   0.0	  40.0	2.238639e-005	1.070706e+001
glu	  10.0	  40.0	6.609970e-005	9.624346e+000
glu	  20.0	  40.0	1.765687e-004	8.641800e+000
glu	  30.0	  40.0	3.950439e-004	7.836514e+000
glu	  40.0	  40.0	7.030125e-004	7.260136e+000
glu	  50.0	  40.0	9.623133e-004	6.946171e+000
glu	  60.0	  40.0	9.952997e-004	6.912467e+000
glu	  70.0	  40.0	7.755880e-004	7.161889e+000
glu	  80.0	  40.0	4.614511e-004	7.681135e+000
glu	  90.0	  40.0	2.164575e-004	8.438116e+000
glu	 100.0	  40.0	8.454683e-005	9.378205e+000
glu	 110.0	  40.0	2.992510e-005	1.041681e+001
glu	 120.0	  40.0	1.102968e-005	1.141492e+001
glu	 130.0	  40.0	5.405818e-006	1.212803e+001
glu	 140.0	  40.0	4.519095e-006	1.230720e+001
glu	 150.0	  40.0	5.945029e-006	1.203296e+001
glu	 160.0	  40.0	9.699337e-006	1.154345e+001
glu	 170.0	  40.0	1.742857e-005	1.095740e+001
glu	-180.0	  50.0	3.972935e-005	1.013342e+001
glu	-170.0	  50.0	7.454296e-005	9.504135e+000
glu	-160.0	  50.0	1.347006e-004	8.912456e+000
glu	-150.0	  50.0	2.261046e-004	8.394513e+000
glu	-140.0	  50.0	3.429437e-004	7.977944e+000
glu	-130.0	  50.0	4.614043e-004	7.681236e+000
glu	-120.0	  50.0	5.436984e-004	7.517116e+000
glu	-110.0	  50.0	5.562418e-004	7.494307e+000
glu	-100.0	  50.0	4.943028e-004	7.612362e+000
glu	 -90.0	  50.0	3.875817e-004	7.855584e+000
glu	 -80.0	  50.0	2.732199e-004	8.205234e+000
glu	 -70.0	  50.0	1.729037e-004	8.662776e+000
glu	 -60.0	  50.0	9.643387e-005	9.246653e+000
glu	 -50.0	  50.0	4.697212e-005	9.965956e+000
glu	 -40.0	  50.0	2.046433e-005	1.079683e+001
glu	 -30.0	  50.0	8.920304e-006	1.162718e+001
glu	 -20.0	  50.0	5.889511e-006	1.204234e+001
glu	 -10.0	  50.0	9.608393e-006	1.155287e+001
glu	   0.0	  50.0	2.540474e-005	1.058057e+001
glu	  10.0	  50.0	7.049866e-005	9.559917e+000
glu	  20.0	  50.0	1.771977e-004	8.638245e+000
glu	  30.0	  50.0	3.746962e-004	7.889395e+000
glu	  40.0	  50.0	6.334327e-004	7.364357e+000
glu	  50.0	  50.0	8.274553e-004	7.097155e+000
glu	  60.0	  50.0	8.198437e-004	7.106397e+000
glu	  70.0	  50.0	6.137743e-004	7.395883e+000
glu	  80.0	  50.0	3.514320e-004	7.953494e+000
glu	  90.0	  50.0	1.588048e-004	8.747835e+000
glu	 100.0	  50.0	5.997287e-005	9.721618e+000
glu	 110.0	  50.0	2.088983e-005	1.077625e+001
glu	 120.0	  50.0	8.046145e-006	1.173032e+001
glu	 130.0	  50.0	4.619489e-006	1.228523e+001
glu	 140.0	  50.0	4.673373e-006	1.227363e+001
glu	 150.0	  50.0	6.830187e-006	1.189416e+001
glu	 160.0	  50.0	1.163316e-005	1.136165e+001
glu	 170.0	  50.0	2.116788e-005	1.076303e+001
glu	-180.0	  60.0	4.783877e-005	9.947674e+000
glu	-170.0	  60.0	8.743188e-005	9.344651e+000
glu	-160.0	  60.0	1.514067e-004	8.795541e+000
glu	-150.0	  60.0	2.400834e-004	8.334524e+000
glu	-140.0	  60.0	3.402279e-004	7.985895e+000
glu	-130.0	  60.0	4.273555e-004	7.757894e+000
glu	-120.0	  60.0	4.808624e-004	7.639929e+000
glu	-110.0	  60.0	4.969793e-004	7.606962e+000
glu	-100.0	  60.0	4.816340e-004	7.638326e+000
glu	 -90.0	  60.0	4.337435e-004	7.743057e+000
glu	 -80.0	  60.0	3.487620e-004	7.961121e+000
glu	 -70.0	  60.0	2.398096e-004	8.335665e+000
glu	 -60.0	  60.0	1.379199e-004	8.888837e+000
glu	 -50.0	  60.0	6.672833e-005	9.614881e+000
glu	 -40.0	  60.0	2.821158e-005	1.047578e+001
glu	 -30.0	  60.0	1.167873e-005	1.135774e+001
glu	 -20.0	  60.0	6.973201e-006	1.187344e+001
glu	 -10.0	  60.0	1.007828e-005	1.150513e+001
glu	   0.0	  60.0	2.446851e-005	1.061812e+001
glu	  10.0	  60.0	6.311779e-005	9.670508e+000
glu	  20.0	  60.0	1.481819e-004	8.817070e+000
glu	  30.0	  60.0	2.945788e-004	8.129964e+000
glu	  40.0	  60.0	4.716560e-004	7.659261e+000
glu	  50.0	  60.0	5.877394e-004	7.439227e+000
glu	  60.0	  60.0	5.593159e-004	7.488796e+000
glu	  70.0	  60.0	4.049653e-004	7.811709e+000
glu	  80.0	  60.0	2.259442e-004	8.395222e+000
glu	  90.0	  60.0	1.004471e-004	9.205879e+000
glu	 100.0	  60.0	3.794081e-005	1.017948e+001
glu	 110.0	  60.0	1.373021e-005	1.119591e+001
glu	 120.0	  60.0	5.984302e-006	1.202637e+001
glu	 130.0	  60.0	4.245096e-006	1.236975e+001
glu	 140.0	  60.0	5.058403e-006	1.219446e+001
glu	 150.0	  60.0	7.957318e-006	1.174142e+001
glu	 160.0	  60.0	1.398185e-005	1.117775e+001
glu	 170.0	  60.0	2.569967e-005	1.056903e+001
glu	-180.0	  70.0	5.696661e-005	9.773045e+000
glu	-170.0	  70.0	1.023919e-004	9.186703e+000
glu	-160.0	  70.0	1.733014e-004	8.660478e+000
glu	-150.0	  70.0	2.681486e-004	8.223969e+000
glu	-140.0	  70.0	3.717879e-004	7.897187e+000
glu	-130.0	  70.0	4.613702e-004	7.681310e+000
glu	-120.0	  70.0	5.247447e-004	7.552599e+000
glu	-110.0	  70.0	5.680004e-004	7.473389e+000
glu	-100.0	  70.0	5.924381e-004	7.431264e+000
glu	 -90.0	  70.0	5.719320e-004	7.466491e+000
glu	 -80.0	  70.0	4.792290e-004	7.643332e+000
glu	 -70.0	  70.0	3.327494e-004	8.008121e+000
glu	 -60.0	  70.0	1.886679e-004	8.575522e+000
glu	 -50.0	  70.0	8.866370e-005	9.330660e+000
glu	 -40.0	  70.0	3.617052e-005	1.022727e+001
glu	 -30.0	  70.0	1.432855e-005	1.115326e+001
glu	 -20.0	  70.0	7.698514e-006	1.177448e+001
glu	 -10.0	  70.0	9.353169e-006	1.157980e+001
glu	   0.0	  70.0	2.017380e-005	1.081113e+001
glu	  10.0	  70.0	4.785896e-005	9.947252e+000
glu	  20.0	  70.0	1.044394e-004	9.166904e+000
glu	  30.0	  70.0	1.946176e-004	8.544474e+000
glu	  40.0	  70.0	2.948940e-004	8.128895e+000
glu	  50.0	  70.0	3.512760e-004	7.953938e+000
glu	  60.0	  70.0	3.229168e-004	8.038116e+000
glu	  70.0	  70.0	2.285242e-004	8.383869e+000
glu	  80.0	  70.0	1.264688e-004	8.975515e+000
glu	  90.0	  70.0	5.693586e-005	9.773585e+000
glu	 100.0	  70.0	2.252375e-005	1.070094e+001
glu	 110.0	  70.0	9.069096e-006	1.161064e+001
glu	 120.0	  70.0	4.791050e-006	1.224876e+001
glu	 130.0	  70.0	4.179386e-006	1.238535e+001
glu	 140.0	  70.0	5.591430e-006	1.209428e+001
glu	 150.0	  70.0	9.241736e-006	1.159178e+001
glu	 160.0	  70.0	1.661818e-005	1.100501e+001
glu	 170.0	  70.0	3.078247e-005	1.038857e+001
glu	-180.0	  80.0	6.683022e-005	9.613355e+000
glu	-170.0	  80.0	1.189640e-004	9.036689e+000
glu	-160.0	  80.0	1.993927e-004	8.520234e+000
glu	-150.0	  80.0	3.076094e-004	8.086680e+000
glu	-140.0	  80.0	4.307048e-004	7.750088e+000
glu	-130.0	  80.0	5.489417e-004	7.507518e+000
glu	-120.0	  80.0	6.522027e-004	7.335155e+000
glu	-110.0	  80.0	7.431589e-004	7.204601e+000
glu	-100.0	  80.0	8.079390e-004	7.121024e+000
glu	 -90.0	  80.0	7.953808e-004	7.136690e+000
glu	 -80.0	  80.0	6.647203e-004	7.316144e+000
glu	 -70.0	  80.0	4.526853e-004	7.700313e+000
glu	 -60.0	  80.0	2.495334e-004	8.295918e+000
glu	 -50.0	  80.0	1.141423e-004	9.078065e+000
glu	 -40.0	  80.0	4.573609e-005	9.992623e+000
glu	 -30.0	  80.0	1.778783e-005	1.093700e+001
glu	 -20.0	  80.0	8.623387e-006	1.166103e+001
glu	 -10.0	  80.0	8.165069e-006	1.171565e+001
glu	   0.0	  80.0	1.467379e-005	1.112945e+001
glu	  10.0	  80.0	3.141254e-005	1.036830e+001
glu	  20.0	  80.0	6.342248e-005	9.665692e+000
glu	  30.0	  80.0	1.106654e-004	9.108999e+000
glu	  40.0	  80.0	1.588875e-004	8.747314e+000
glu	  50.0	  80.0	1.817214e-004	8.613036e+000
glu	  60.0	  80.0	1.627906e-004	8.723046e+000
glu	  70.0	  80.0	1.142747e-004	9.076905e+000
glu	  80.0	  80.0	6.420327e-005	9.653456e+000
glu	  90.0	  80.0	3.033191e-005	1.040331e+001
glu	 100.0	  80.0	1.323748e-005	1.123246e+001
glu	 110.0	  80.0	6.304427e-006	1.197426e+001
glu	 120.0	  80.0	4.137557e-006	1.239541e+001
glu	 130.0	  80.0	4.265731e-006	1.236490e+001
glu	 140.0	  80.0	6.181788e-006	1.199390e+001
glu	 150.0	  80.0	1.059933e-005	1.145472e+001
glu	 160.0	  80.0	1.942539e-005	1.084893e+001
glu	 170.0	  80.0	3.623260e-005	1.022555e+001
glu	-180.0	  90.0	7.814237e-005	9.456978e+000
glu	-170.0	  90.0	1.392905e-004	8.878949e+000
glu	-160.0	  90.0	2.341860e-004	8.359395e+000
glu	-150.0	  90.0	3.658720e-004	7.913227e+000
glu	-140.0	  90.0	5.273915e-004	7.547567e+000
glu	-130.0	  90.0	7.040368e-004	7.258680e+000
glu	-120.0	  90.0	8.831912e-004	7.031969e+000
glu	-110.0	  90.0	1.053326e-003	6.855803e+000
glu	-100.0	  90.0	1.174523e-003	6.746893e+000
glu	 -90.0	  90.0	1.164163e-003	6.755753e+000
glu	 -80.0	  90.0	9.688891e-004	6.939360e+000
glu	 -70.0	  90.0	6.567937e-004	7.328141e+000
glu	 -60.0	  90.0	3.668007e-004	7.910692e+000
glu	 -50.0	  90.0	1.749679e-004	8.650908e+000
glu	 -40.0	  90.0	7.333394e-005	9.520487e+000
glu	 -30.0	  90.0	2.822323e-005	1.047537e+001
glu	 -20.0	  90.0	1.168607e-005	1.135711e+001
glu	 -10.0	  90.0	7.612996e-006	1.178565e+001
glu	   0.0	  90.0	1.002243e-005	1.151068e+001
glu	  10.0	  90.0	1.852314e-005	1.089649e+001
glu	  20.0	  90.0	3.428082e-005	1.028092e+001
glu	  30.0	  90.0	5.598956e-005	9.790345e+000
glu	  40.0	  90.0	7.640877e-005	9.479413e+000
glu	  50.0	  90.0	8.447230e-005	9.379087e+000
glu	  60.0	  90.0	7.460898e-005	9.503250e+000
glu	  70.0	  90.0	5.291996e-005	9.846730e+000
glu	  80.0	  90.0	3.103079e-005	1.038053e+001
glu	  90.0	  90.0	1.599609e-005	1.104317e+001
glu	 100.0	  90.0	8.074479e-006	1.172680e+001
glu	 110.0	  90.0	4.700563e-006	1.226783e+001
glu	 120.0	  90.0	3.764156e-006	1.248999e+001
glu	 130.0	  90.0	4.396082e-006	1.233480e+001
glu	 140.0	  90.0	6.758265e-006	1.190474e+001
glu	 150.0	  90.0	1.195674e-005	1.133422e+001
glu	 160.0	  90.0	2.234463e-005	1.070892e+001
glu	 170.0	  90.0	4.215542e-005	1.007415e+001
glu	-180.0	 100.0	9.305210e-005	9.282351e+000
glu	-170.0	 100.0	1.692783e-004	8.683966e+000
glu	-160.0	 100.0	2.898900e-004	8.146009e+000
glu	-150.0	 100.0	4.628876e-004	7.678026e+000
glu	-140.0	 100.0	6.879824e-004	7.281747e+000
glu	-130.0	 100.0	9.540831e-004	6.954760e+000
glu	-120.0	 100.0	1.243640e-003	6.689713e+000
glu	-110.0	 100.0	1.531970e-003	6.481201e+000
glu	-100.0	 100.0	1.756286e-003	6.344554e+000
glu	 -90.0	 100.0	1.799406e-003	6.320299e+000
glu	 -80.0	 100.0	1.580695e-003	6.449891e+000
glu	 -70.0	 100.0	1.184365e-003	6.738549e+000
glu	 -60.0	 100.0	7.789178e-004	7.157605e+000
glu	 -50.0	 100.0	4.397460e-004	7.729313e+000
glu	 -40.0	 100.0	1.974099e-004	8.530228e+000
glu	 -30.0	 100.0	6.967507e-005	9.571668e+000
glu	 -20.0	 100.0	2.207904e-005	1.072088e+001
glu	 -10.0	 100.0	8.848521e-006	1.163526e+001
glu	   0.0	 100.0	7.136784e-006	1.185025e+001
glu	  10.0	 100.0	1.041493e-005	1.147227e+001
glu	  20.0	 100.0	1.729038e-005	1.096536e+001
glu	  30.0	 100.0	2.636906e-005	1.054332e+001
glu	  40.0	 100.0	3.434966e-005	1.027892e+001
glu	  50.0	 100.0	3.704286e-005	1.020343e+001
glu	  60.0	 100.0	3.274617e-005	1.032672e+001
glu	  70.0	 100.0	2.400900e-005	1.063708e+001
glu	  80.0	 100.0	1.516834e-005	1.109630e+001
glu	  90.0	 100.0	8.866599e-006	1.163322e+001
glu	 100.0	 100.0	5.338665e-006	1.214053e+001
glu	 110.0	 100.0	3.779587e-006	1.248590e+001
glu	 120.0	 100.0	3.535618e-006	1.255262e+001
glu	 130.0	 100.0	4.507612e-006	1.230974e+001
glu	 140.0	 100.0	7.254202e-006	1.183393e+001
glu	 150.0	 100.0	1.323272e-005	1.123282e+001
glu	 160.0	 100.0	2.537641e-005	1.058169e+001
glu	 170.0	 100.0	4.905489e-005	9.922571e+000
glu	-180.0	 110.0	1.155719e-004	9.065618e+000
glu	-170.0	 110.0	2.197965e-004	8.422809e+000
glu	-160.0	 110.0	3.894737e-004	7.850714e+000
glu	-150.0	 110.0	6.363948e-004	7.359691e+000
glu	-140.0	 110.0	9.569972e-004	6.951710e+000
glu	-130.0	 110.0	1.327555e-003	6.624416e+000
glu	-120.0	 110.0	1.725107e-003	6.362466e+000
glu	-110.0	 110.0	2.143849e-003	6.145152e+000
glu	-100.0	 110.0	2.544039e-003	5.974002e+000
glu	 -90.0	 110.0	2.818868e-003	5.871420e+000
glu	 -80.0	 110.0	2.874554e-003	5.851858e+000
glu	 -70.0	 110.0	2.710678e-003	5.910556e+000
glu	 -60.0	 110.0	2.259030e-003	6.092820e+000
glu	 -50.0	 110.0	1.443752e-003	6.540510e+000
glu	 -40.0	 110.0	6.376856e-004	7.357665e+000
glu	 -30.0	 110.0	1.972151e-004	8.531216e+000
glu	 -20.0	 110.0	4.836925e-005	9.936646e+000
glu	 -10.0	 110.0	1.261058e-005	1.128097e+001
glu	   0.0	 110.0	5.843637e-006	1.205016e+001
glu	  10.0	 110.0	6.066804e-006	1.201268e+001
glu	  20.0	 110.0	8.741653e-006	1.164741e+001
glu	  30.0	 110.0	1.238161e-005	1.129930e+001
glu	  40.0	 110.0	1.547205e-005	1.107648e+001
glu	  50.0	 110.0	1.647708e-005	1.101354e+001
glu	  60.0	 110.0	1.487360e-005	1.111592e+001
glu	  70.0	 110.0	1.159460e-005	1.136497e+001
glu	  80.0	 110.0	8.158648e-006	1.171643e+001
glu	  90.0	 110.0	5.549204e-006	1.210186e+001
glu	 100.0	 110.0	3.969863e-006	1.243678e+001
glu	 110.0	 110.0	3.270949e-006	1.263043e+001
glu	 120.0	 110.0	3.381477e-006	1.259720e+001
glu	 130.0	 110.0	4.554691e-006	1.229935e+001
glu	 140.0	 110.0	7.602002e-006	1.178710e+001
glu	 150.0	 110.0	1.435790e-005	1.115121e+001
glu	 160.0	 110.0	2.864899e-005	1.046039e+001
glu	 170.0	 110.0	5.800385e-005	9.755001e+000
glu	-180.0	 120.0	1.531214e-004	8.784279e+000
glu	-170.0	 120.0	3.108474e-004	8.076208e+000
glu	-160.0	 120.0	5.774437e-004	7.456900e+000
glu	-150.0	 120.0	9.646155e-004	6.943781e+000
glu	-140.0	 120.0	1.434766e-003	6.546753e+000
glu	-130.0	 120.0	1.904907e-003	6.263322e+000
glu	-120.0	 120.0	2.344813e-003	6.055550e+000
glu	-110.0	 120.0	2.837291e-003	5.864906e+000
glu	-100.0	 120.0	3.458944e-003	5.666792e+000
glu	 -90.0	 120.0	4.259381e-003	5.458631e+000
glu	 -80.0	 120.0	5.311146e-003	5.237948e+000
glu	 -70.0	 120.0	6.293278e-003	5.068273e+000
glu	 -60.0	 120.0	5.995341e-003	5.116773e+000
glu	 -50.0	 120.0	3.868865e-003	5.554794e+000
glu	 -40.0	 120.0	1.589374e-003	6.444415e+000
glu	 -30.0	 120.0	4.351052e-004	7.739923e+000
glu	 -20.0	 120.0	8.897267e-005	9.327181e+000
glu	 -10.0	 120.0	1.741864e-005	1.095797e+001
glu	   0.0	 120.0	5.321143e-006	1.214382e+001
glu	  10.0	 120.0	3.950771e-006	1.244160e+001
glu	  20.0	 120.0	4.903897e-006	1.222548e+001
glu	  30.0	 120.0	6.465359e-006	1.194905e+001
glu	  40.0	 120.0	7.825359e-006	1.175814e+001
glu	  50.0	 120.0	8.372132e-006	1.169060e+001
glu	  60.0	 120.0	7.901524e-006	1.174845e+001
glu	  70.0	 120.0	6.715299e-006	1.191112e+001
glu	  80.0	 120.0	5.338725e-006	1.214052e+001
glu	  90.0	 120.0	4.167373e-006	1.238822e+001
glu	 100.0	 120.0	3.371359e-006	1.260019e+001
glu	 110.0	 120.0	3.021105e-006	1.270989e+001
glu	 120.0	 120.0	3.263658e-006	1.263266e+001
glu	 130.0	 120.0	4.513907e-006	1.230835e+001
glu	 140.0	 120.0	7.781629e-006	1.176374e+001
glu	 150.0	 120.0	1.540502e-005	1.108082e+001
glu	 160.0	 120.0	3.271431e-005	1.032770e+001
glu	 170.0	 120.0	7.129000e-005	9.548754e+000
glu	-180.0	 130.0	2.171974e-004	8.434704e+000
glu	-170.0	 130.0	4.718161e-004	7.658921e+000
glu	-160.0	 130.0	9.181144e-004	6.993189e+000
glu	-150.0	 130.0	1.560461e-003	6.462774e+000
glu	-140.0	 130.0	2.271471e-003	6.087327e+000
glu	-130.0	 130.0	2.835312e-003	5.865603e+000
glu	-120.0	 130.0	3.217800e-003	5.739058e+000
glu	-110.0	 130.0	3.673995e-003	5.606476e+000
glu	-100.0	 130.0	4.471059e-003	5.410130e+000
glu	 -90.0	 130.0	5.955172e-003	5.123495e+000
glu	 -80.0	 130.0	8.622284e-003	4.753405e+000
glu	 -70.0	 130.0	1.147735e-002	4.467379e+000
glu	 -60.0	 130.0	1.110776e-002	4.500111e+000
glu	 -50.0	 130.0	6.761993e-003	4.996438e+000
glu	 -40.0	 130.0	2.526885e-003	5.980768e+000
glu	 -30.0	 130.0	6.214516e-004	7.383452e+000
glu	 -20.0	 130.0	1.124289e-004	9.093190e+000
glu	 -10.0	 130.0	1.865421e-005	1.088944e+001
glu	   0.0	 130.0	4.647928e-006	1.227909e+001
glu	  10.0	 130.0	2.965637e-006	1.272842e+001
glu	  20.0	 130.0	3.413829e-006	1.258768e+001
glu	  30.0	 130.0	4.318597e-006	1.235258e+001
glu	  40.0	 130.0	5.166639e-006	1.217329e+001
glu	  50.0	 130.0	5.648399e-006	1.208414e+001
glu	  60.0	 130.0	5.630909e-006	1.208724e+001
glu	  70.0	 130.0	5.186953e-006	1.216936e+001
glu	  80.0	 130.0	4.513728e-006	1.230839e+001
glu	  90.0	 130.0	3.814748e-006	1.247664e+001
glu	 100.0	 130.0	3.248743e-006	1.263724e+001
glu	 110.0	 130.0	2.961833e-006	1.272970e+001
glu	 120.0	 130.0	3.182578e-006	1.265782e+001
glu	 130.0	 130.0	4.415116e-006	1.233048e+001
glu	 140.0	 130.0	7.895158e-006	1.174926e+001
glu	 150.0	 130.0	1.674789e-005	1.099724e+001
glu	 160.0	 130.0	3.885641e-005	1.015564e+001
glu	 170.0	 130.0	9.294030e-005	9.283553e+000
glu	-180.0	 140.0	3.123084e-004	8.071520e+000
glu	-170.0	 140.0	7.079887e-004	7.253082e+000
glu	-160.0	 140.0	1.411051e-003	6.563420e+000
glu	-150.0	 140.0	2.400090e-003	6.032249e+000
glu	-140.0	 140.0	3.397084e-003	5.684838e+000
glu	-130.0	 140.0	4.011023e-003	5.518709e+000
glu	-120.0	 140.0	4.241622e-003	5.462809e+000
glu	-110.0	 140.0	4.556802e-003	5.391134e+000
glu	-100.0	 140.0	5.383778e-003	5.224365e+000
glu	 -90.0	 140.0	7.258422e-003	4.925593e+000
glu	 -80.0	 140.0	1.088585e-002	4.520292e+000
glu	 -70.0	 140.0	1.444874e-002	4.237148e+000
glu	 -60.0	 140.0	1.314371e-002	4.331812e+000
glu	 -50.0	 140.0	7.265174e-003	4.924663e+000
glu	 -40.0	 140.0	2.439203e-003	6.016084e+000
glu	 -30.0	 140.0	5.434989e-004	7.517483e+000
glu	 -20.0	 140.0	9.048076e-005	9.310373e+000
glu	 -10.0	 140.0	1.401672e-005	1.117526e+001
glu	   0.0	 140.0	3.612992e-006	1.253097e+001
glu	  10.0	 140.0	2.618259e-006	1.285300e+001
glu	  20.0	 140.0	3.140463e-006	1.267114e+001
glu	  30.0	 140.0	3.988145e-006	1.243218e+001
glu	  40.0	 140.0	4.813010e-006	1.224419e+001
glu	  50.0	 140.0	5.386667e-006	1.213158e+001
glu	  60.0	 140.0	5.568125e-006	1.209845e+001
glu	  70.0	 140.0	5.342583e-006	1.213980e+001
glu	  80.0	 140.0	4.811521e-006	1.224450e+001
glu	  90.0	 140.0	4.139651e-006	1.239490e+001
glu	 100.0	 140.0	3.505820e-006	1.256109e+001
glu	 110.0	 140.0	3.097502e-006	1.268491e+001
glu	 120.0	 140.0	3.183208e-006	1.265762e+001
glu	 130.0	 140.0	4.346607e-006	1.234612e+001
glu	 140.0	 140.0	8.140345e-006	1.171868e+001
glu	 150.0	 140.0	1.887573e-005	1.087763e+001
glu	 160.0	 140.0	4.826124e-005	9.938882e+000
glu	 170.0	 140.0	1.255252e-004	8.983004e+000
glu	-180.0	 150.0	4.073912e-004	7.805737e+000
glu	-170.0	 150.0	9.268936e-004	6.983672e+000
glu	-160.0	 150.0	1.831227e-003	6.302769e+000
glu	-150.0	 150.0	3.046384e-003	5.793800e+000
glu	-140.0	 150.0	4.152843e-003	5.483962e+000
glu	-130.0	 150.0	4.668643e-003	5.366887e+000
glu	-120.0	 150.0	4.688564e-003	5.362629e+000
glu	-110.0	 150.0	4.812162e-003	5.336609e+000
glu	-100.0	 150.0	5.502893e-003	5.202481e+000
glu	 -90.0	 150.0	7.205266e-003	4.932943e+000
glu	 -80.0	 150.0	1.019130e-002	4.586221e+000
glu	 -70.0	 150.0	1.235342e-002	4.393822e+000
glu	 -60.0	 150.0	1.008048e-002	4.597155e+000
glu	 -50.0	 150.0	4.960841e-003	5.306180e+000
glu	 -40.0	 150.0	1.489818e-003	6.509101e+000
glu	 -30.0	 150.0	3.028864e-004	8.102153e+000
glu	 -20.0	 150.0	4.778956e-005	9.948703e+000
glu	 -10.0	 150.0	7.742853e-006	1.176874e+001
glu	   0.0	 150.0	2.832334e-006	1.277441e+001
glu	  10.0	 150.0	2.817949e-006	1.277950e+001
glu	  20.0	 150.0	3.675939e-006	1.251370e+001
glu	  30.0	 150.0	4.773271e-006	1.225248e+001
glu	  40.0	 150.0	5.836523e-006	1.205138e+001
glu	  50.0	 150.0	6.614998e-006	1.192617e+001
glu	  60.0	 150.0	6.915935e-006	1.188168e+001
glu	  70.0	 150.0	6.679797e-006	1.191642e+001
glu	  80.0	 150.0	6.001979e-006	1.202342e+001
glu	  90.0	 150.0	5.085448e-006	1.218913e+001
glu	 100.0	 150.0	4.167164e-006	1.238827e+001
glu	 110.0	 150.0	3.482458e-006	1.256777e+001
glu	 120.0	 150.0	3.333781e-006	1.261140e+001
glu	 130.0	 150.0	4.388224e-006	1.233659e+001
glu	 140.0	 150.0	8.565390e-006	1.166778e+001
glu	 150.0	 150.0	2.151402e-005	1.074681e+001
glu	 160.0	 150.0	5.899527e-005	9.738053e+000
glu	 170.0	 150.0	1.604113e-004	8.737769e+000
glu	-180.0	 160.0	4.350543e-004	7.740040e+000
glu	-170.0	 160.0	9.576552e-004	6.951023e+000
glu	-160.0	 160.0	1.818251e-003	6.309880e+000
glu	-150.0	 160.0	2.895396e-003	5.844633e+000
glu	-140.0	 160.0	3.767311e-003	5.581394e+000
glu	-130.0	 160.0	4.048220e-003	5.509478e+000
glu	-120.0	 160.0	3.915098e-003	5.542915e+000
glu	-110.0	 160.0	3.899247e-003	5.546972e+000
glu	-100.0	 160.0	4.356949e-003	5.435983e+000
glu	 -90.0	 160.0	5.497497e-003	5.203462e+000
glu	 -80.0	 160.0	7.077658e-003	4.950812e+000
glu	 -70.0	 160.0	7.527472e-003	4.889196e+000
glu	 -60.0	 160.0	5.412912e-003	5.218968e+000
glu	 -50.0	 160.0	2.381220e-003	6.040142e+000
glu	 -40.0	 160.0	6.499944e-004	7.338547e+000
glu	 -30.0	 160.0	1.230340e-004	9.003049e+000
glu	 -20.0	 160.0	1.924262e-005	1.085838e+001
glu	 -10.0	 160.0	4.102179e-006	1.240399e+001
glu	   0.0	 160.0	2.803711e-006	1.278457e+001
glu	  10.0	 160.0	3.595095e-006	1.253594e+001
glu	  20.0	 160.0	4.951243e-006	1.221587e+001
glu	  30.0	 160.0	6.543012e-006	1.193711e+001
glu	  40.0	 160.0	8.069164e-006	1.172746e+001
glu	  50.0	 160.0	9.178591e-006	1.159864e+001
glu	  60.0	 160.0	9.583920e-006	1.155542e+001
glu	  70.0	 160.0	9.190579e-006	1.159733e+001
glu	  80.0	 160.0	8.138991e-006	1.171884e+001
glu	  90.0	 160.0	6.732431e-006	1.190857e+001
glu	 100.0	 160.0	5.313073e-006	1.214534e+001
glu	 110.0	 160.0	4.186298e-006	1.238369e+001
glu	 120.0	 160.0	3.685747e-006	1.251104e+001
glu	 130.0	 160.0	4.522720e-006	1.230640e+001
glu	 140.0	 160.0	8.826895e-006	1.163771e+001
glu	 150.0	 160.0	2.295981e-005	1.068177e+001
glu	 160.0	 160.0	6.437398e-005	9.650801e+000
glu	 170.0	 160.0	1.748425e-004	8.651625e+000
glu	-180.0	 170.0	3.620910e-004	7.923615e+000
glu	-170.0	 170.0	7.491235e-004	7.196607e+000
glu	-160.0	 170.0	1.331637e-003	6.621346e+000
glu	-150.0	 170.0	1.993210e-003	6.218009e+000
glu	-140.0	 170.0	2.461788e-003	6.006868e+000
glu	-130.0	 170.0	2.547313e-003	5.972716e+000
glu	-120.0	 170.0	2.409627e-003	6.028283e+000
glu	-110.0	 170.0	2.364951e-003	6.046998e+000
glu	-100.0	 170.0	2.599220e-003	5.952544e+000
glu	 -90.0	 170.0	3.145600e-003	5.761751e+000
glu	 -80.0	 170.0	3.679957e-003	5.604854e+000
glu	 -70.0	 170.0	3.445390e-003	5.670718e+000
glu	 -60.0	 170.0	2.206569e-003	6.116316e+000
glu	 -50.0	 170.0	8.925914e-004	7.021382e+000
glu	 -40.0	 170.0	2.321145e-004	8.368280e+000
glu	 -30.0	 170.0	4.354093e-005	1.004181e+001
glu	 -20.0	 170.0	7.800571e-006	1.176131e+001
glu	 -10.0	 170.0	3.122133e-006	1.267699e+001
glu	   0.0	 170.0	3.496950e-006	1.256362e+001
glu	  10.0	 170.0	4.975065e-006	1.221107e+001
glu	  20.0	 170.0	7.026415e-006	1.186583e+001
glu	  30.0	 170.0	9.382455e-006	1.157667e+001
glu	  40.0	 170.0	1.161927e-005	1.136285e+001
glu	  50.0	 170.0	1.320828e-005	1.123467e+001
glu	  60.0	 170.0	1.371880e-005	1.119674e+001
glu	  70.0	 170.0	1.302254e-005	1.124883e+001
glu	  80.0	 170.0	1.135337e-005	1.138600e+001
glu	  90.0	 170.0	9.183186e-006	1.159814e+001
glu	 100.0	 170.0	7.016455e-006	1.186725e+001
glu	 110.0	 170.0	5.255951e-006	1.215615e+001
glu	 120.0	 170.0	4.252516e-006	1.236800e+001
glu	 130.0	 170.0	4.661256e-006	1.227623e+001
glu	 140.0	 170.0	8.444149e-006	1.168204e+001
glu	 150.0	 170.0	2.137652e-005	1.075322e+001
glu	 160.0	 170.0	5.854191e-005	9.745768e+000
glu	 170.0	 170.0	1.532064e-004	8.783725e+000
