gly	-180.0	-180.0	1.646932e-003	6.408841e+000
gly	-170.0	-180.0	1.594660e-003	6.441095e+000
gly	-160.0	-180.0	1.391284e-003	6.577529e+000
gly	-150.0	-180.0	1.154847e-003	6.763788e+000
gly	-140.0	-180.0	1.007517e-003	6.900267e+000
gly	-130.0	-180.0	1.019922e-003	6.888030e+000
gly	-120.0	-180.0	1.262782e-003	6.674438e+000
gly	-110.0	-180.0	1.905318e-003	6.263106e+000
gly	-100.0	-180.0	3.118272e-003	5.770476e+000
gly	 -90.0	-180.0	4.460553e-003	5.412483e+000
gly	 -80.0	-180.0	4.711759e-003	5.357694e+000
gly	 -70.0	-180.0	3.368959e-003	5.693151e+000
gly	 -60.0	-180.0	1.578877e-003	6.451042e+000
gly	 -50.0	-180.0	4.927376e-004	7.615534e+000
gly	 -40.0	-180.0	1.101245e-004	9.113899e+000
gly	 -30.0	-180.0	2.003516e-005	1.081802e+001
gly	 -20.0	-180.0	3.493250e-006	1.256468e+001
gly	 -10.0	-180.0	8.034869e-007	1.403430e+001
gly	   0.0	-180.0	4.360046e-007	1.464561e+001
gly	  10.0	-180.0	5.905448e-007	1.434222e+001
gly	  20.0	-180.0	2.010388e-006	1.311718e+001
gly	  30.0	-180.0	1.272748e-005	1.127175e+001
gly	  40.0	-180.0	8.190284e-005	9.409977e+000
gly	  50.0	-180.0	4.173790e-004	7.781516e+000
gly	  60.0	-180.0	1.508075e-003	6.496921e+000
gly	  70.0	-180.0	3.560451e-003	5.637868e+000
gly	  80.0	-180.0	5.239513e-003	5.251527e+000
gly	  90.0	-180.0	4.932235e-003	5.311963e+000
gly	 100.0	-180.0	3.385417e-003	5.688278e+000
gly	 110.0	-180.0	2.138809e-003	6.147506e+000
gly	 120.0	-180.0	1.523835e-003	6.486525e+000
gly	 130.0	-180.0	1.259636e-003	6.676932e+000
gly	 140.0	-180.0	1.167458e-003	6.752926e+000
gly	 150.0	-180.0	1.205085e-003	6.721205e+000
gly	 160.0	-180.0	1.350042e-003	6.607620e+000
gly	 170.0	-180.0	1.534688e-003	6.479428e+000
gly	-180.0	-170.0	1.477643e-003	6.517307e+000
gly	-170.0	-170.0	1.421591e-003	6.555978e+000
gly	-160.0	-170.0	1.245227e-003	6.688437e+000
gly	-150.0	-170.0	1.053604e-003	6.855538e+000
gly	-140.0	-170.0	9.556047e-004	6.953166e+000
gly	-130.0	-170.0	1.024304e-003	6.883742e+000
gly	-120.0	-170.0	1.339236e-003	6.615656e+000
gly	-110.0	-170.0	2.039949e-003	6.194831e+000
gly	-100.0	-170.0	3.129204e-003	5.766977e+000
gly	 -90.0	-170.0	3.954463e-003	5.532910e+000
gly	 -80.0	-170.0	3.584282e-003	5.631197e+000
gly	 -70.0	-170.0	2.191956e-003	6.122961e+000
gly	 -60.0	-170.0	8.906927e-004	7.023511e+000
gly	 -50.0	-170.0	2.471509e-004	8.305512e+000
gly	 -40.0	-170.0	5.067293e-005	9.890119e+000
gly	 -30.0	-170.0	8.801633e-006	1.164057e+001
gly	 -20.0	-170.0	1.633196e-006	1.332497e+001
gly	 -10.0	-170.0	5.377157e-007	1.443594e+001
gly	   0.0	-170.0	4.965938e-007	1.451549e+001
gly	  10.0	-170.0	1.136623e-006	1.368745e+001
gly	  20.0	-170.0	5.437750e-006	1.212215e+001
gly	  30.0	-170.0	3.391130e-005	1.029176e+001
gly	  40.0	-170.0	1.879563e-004	8.579301e+000
gly	  50.0	-170.0	7.886162e-004	7.145231e+000
gly	  60.0	-170.0	2.326526e-003	6.063379e+000
gly	  70.0	-170.0	4.565606e-003	5.389204e+000
gly	  80.0	-170.0	5.723922e-003	5.163101e+000
gly	  90.0	-170.0	4.681178e-003	5.364206e+000
gly	 100.0	-170.0	2.876067e-003	5.851332e+000
gly	 110.0	-170.0	1.718362e-003	6.366384e+000
gly	 120.0	-170.0	1.222797e-003	6.706615e+000
gly	 130.0	-170.0	1.045896e-003	6.862882e+000
gly	 140.0	-170.0	1.018034e-003	6.889882e+000
gly	 150.0	-170.0	1.088319e-003	6.823121e+000
gly	 160.0	-170.0	1.230944e-003	6.699974e+000
gly	 170.0	-170.0	1.391031e-003	6.577710e+000
gly	-180.0	-160.0	1.058833e-003	6.850587e+000
gly	-170.0	-160.0	1.018864e-003	6.889067e+000
gly	-160.0	-160.0	9.135161e-004	6.998210e+000
gly	-150.0	-160.0	8.093718e-004	7.119252e+000
gly	-140.0	-160.0	7.826492e-004	7.152826e+000
gly	-130.0	-160.0	8.986804e-004	7.014583e+000
gly	-120.0	-160.0	1.226214e-003	6.703824e+000
gly	-110.0	-160.0	1.829692e-003	6.303607e+000
gly	-100.0	-160.0	2.574052e-003	5.962274e+000
gly	 -90.0	-160.0	2.880701e-003	5.849721e+000
gly	 -80.0	-160.0	2.284154e-003	6.081760e+000
gly	 -70.0	-160.0	1.228583e-003	6.701893e+000
gly	 -60.0	-160.0	4.506442e-004	7.704832e+000
gly	 -50.0	-160.0	1.182405e-004	9.042790e+000
gly	 -40.0	-160.0	2.451539e-005	1.061621e+001
gly	 -30.0	-160.0	4.743981e-006	1.225863e+001
gly	 -20.0	-160.0	1.159174e-006	1.366780e+001
gly	 -10.0	-160.0	5.961407e-007	1.433279e+001
gly	   0.0	-160.0	8.621880e-007	1.396379e+001
gly	  10.0	-160.0	2.918122e-006	1.274457e+001
gly	  20.0	-160.0	1.561304e-005	1.106740e+001
gly	  30.0	-160.0	8.868477e-005	9.330422e+000
gly	  40.0	-160.0	4.109657e-004	7.797001e+000
gly	  50.0	-160.0	1.362288e-003	6.598590e+000
gly	  60.0	-160.0	3.083341e-003	5.781741e+000
gly	  70.0	-160.0	4.717559e-003	5.356464e+000
gly	  80.0	-160.0	4.868843e-003	5.324899e+000
gly	  90.0	-160.0	3.508115e-003	5.652677e+000
gly	 100.0	-160.0	2.038182e-003	6.195697e+000
gly	 110.0	-160.0	1.222142e-003	6.707150e+000
gly	 120.0	-160.0	8.892558e-004	7.025126e+000
gly	 130.0	-160.0	7.792279e-004	7.157207e+000
gly	 140.0	-160.0	7.757518e-004	7.161678e+000
gly	 150.0	-160.0	8.316224e-004	7.092132e+000
gly	 160.0	-160.0	9.221085e-004	6.988848e+000
gly	 170.0	-160.0	1.014748e-003	6.893115e+000
gly	-180.0	-150.0	6.351360e-004	7.361671e+000
gly	-170.0	-150.0	6.192594e-004	7.386986e+000
gly	-160.0	-150.0	5.824630e-004	7.448245e+000
gly	-150.0	-150.0	5.560968e-004	7.494568e+000
gly	-140.0	-150.0	5.843790e-004	7.444961e+000
gly	-130.0	-150.0	7.139915e-004	7.244639e+000
gly	-120.0	-150.0	9.832056e-004	6.924692e+000
gly	-110.0	-150.0	1.384419e-003	6.582475e+000
gly	-100.0	-150.0	1.753744e-003	6.346002e+000
gly	 -90.0	-150.0	1.751254e-003	6.347423e+000
gly	 -80.0	-150.0	1.254325e-003	6.681157e+000
gly	 -70.0	-150.0	6.239962e-004	7.379366e+000
gly	 -60.0	-150.0	2.211048e-004	8.416874e+000
gly	 -50.0	-150.0	6.021482e-005	9.717592e+000
gly	 -40.0	-150.0	1.432045e-005	1.115382e+001
gly	 -30.0	-150.0	3.571779e-006	1.254245e+001
gly	 -20.0	-150.0	1.224327e-006	1.361312e+001
gly	 -10.0	-150.0	8.644428e-007	1.396118e+001
gly	   0.0	-150.0	1.702657e-006	1.328332e+001
gly	  10.0	-150.0	7.084311e-006	1.185763e+001
gly	  20.0	-150.0	3.890405e-005	1.015441e+001
gly	  30.0	-150.0	2.026336e-004	8.504111e+000
gly	  40.0	-150.0	8.043248e-004	7.125507e+000
gly	  50.0	-150.0	2.152016e-003	6.141350e+000
gly	  60.0	-150.0	3.717872e-003	5.594604e+000
gly	  70.0	-150.0	4.244242e-003	5.462192e+000
gly	  80.0	-150.0	3.418816e-003	5.678461e+000
gly	  90.0	-150.0	2.150633e-003	6.141993e+000
gly	 100.0	-150.0	1.246435e-003	6.687468e+000
gly	 110.0	-150.0	7.958310e-004	7.136124e+000
gly	 120.0	-150.0	6.000753e-004	7.418455e+000
gly	 130.0	-150.0	5.282432e-004	7.545954e+000
gly	 140.0	-150.0	5.219815e-004	7.557878e+000
gly	 150.0	-150.0	5.471627e-004	7.510764e+000
gly	 160.0	-150.0	5.845977e-004	7.444587e+000
gly	 170.0	-150.0	6.199492e-004	7.385873e+000
gly	-180.0	-140.0	3.476227e-004	7.964393e+000
gly	-170.0	-140.0	3.499269e-004	7.957786e+000
gly	-160.0	-140.0	3.528783e-004	7.949387e+000
gly	-150.0	-140.0	3.689304e-004	7.904903e+000
gly	-140.0	-140.0	4.201528e-004	7.774892e+000
gly	-130.0	-140.0	5.310410e-004	7.540671e+000
gly	-120.0	-140.0	7.104620e-004	7.249595e+000
gly	-110.0	-140.0	9.212193e-004	6.989812e+000
gly	-100.0	-140.0	1.048393e-003	6.860496e+000
gly	 -90.0	-140.0	9.512980e-004	6.957683e+000
gly	 -80.0	-140.0	6.412981e-004	7.352016e+000
gly	 -70.0	-140.0	3.148082e-004	8.063547e+000
gly	 -60.0	-140.0	1.171262e-004	9.052259e+000
gly	 -50.0	-140.0	3.629450e-005	1.022384e+001
gly	 -40.0	-140.0	1.069357e-005	1.144587e+001
gly	 -30.0	-140.0	3.486287e-006	1.256667e+001
gly	 -20.0	-140.0	1.525406e-006	1.339325e+001
gly	 -10.0	-140.0	1.290726e-006	1.356031e+001
gly	   0.0	-140.0	2.986384e-006	1.272145e+001
gly	  10.0	-140.0	1.337692e-005	1.122198e+001
gly	  20.0	-140.0	7.228702e-005	9.534866e+000
gly	  30.0	-140.0	3.496084e-004	7.958697e+000
gly	  40.0	-140.0	1.236390e-003	6.695559e+000
gly	  50.0	-140.0	2.833949e-003	5.866084e+000
gly	  60.0	-140.0	3.991919e-003	5.523483e+000
gly	  70.0	-140.0	3.530832e-003	5.646222e+000
gly	  80.0	-140.0	2.194520e-003	6.121792e+000
gly	  90.0	-140.0	1.181877e-003	6.740652e+000
gly	 100.0	-140.0	6.939826e-004	7.273064e+000
gly	 110.0	-140.0	4.802824e-004	7.641136e+000
gly	 120.0	-140.0	3.765670e-004	7.884414e+000
gly	 130.0	-140.0	3.294346e-004	8.018133e+000
gly	 140.0	-140.0	3.172918e-004	8.055689e+000
gly	 150.0	-140.0	3.219255e-004	8.041190e+000
gly	 160.0	-140.0	3.317100e-004	8.011250e+000
gly	 170.0	-140.0	3.413664e-004	7.982554e+000
gly	-180.0	-130.0	1.912620e-004	8.561866e+000
gly	-170.0	-130.0	2.019914e-004	8.507285e+000
gly	-160.0	-130.0	2.195483e-004	8.423938e+000
gly	-150.0	-130.0	2.489677e-004	8.298187e+000
gly	-140.0	-130.0	2.992662e-004	8.114177e+000
gly	-130.0	-130.0	3.781644e-004	7.880181e+000
gly	-120.0	-130.0	4.794990e-004	7.642769e+000
gly	-110.0	-130.0	5.695332e-004	7.470693e+000
gly	-100.0	-130.0	5.894303e-004	7.436354e+000
gly	 -90.0	-130.0	4.978964e-004	7.605119e+000
gly	 -80.0	-130.0	3.279674e-004	8.022596e+000
gly	 -70.0	-130.0	1.674273e-004	8.694962e+000
gly	 -60.0	-130.0	6.939572e-005	9.575685e+000
gly	 -50.0	-130.0	2.560322e-005	1.057279e+001
gly	 -40.0	-130.0	9.385881e-006	1.157630e+001
gly	 -30.0	-130.0	3.792523e-006	1.248248e+001
gly	 -20.0	-130.0	1.938830e-006	1.315343e+001
gly	 -10.0	-130.0	1.762470e-006	1.324879e+001
gly	   0.0	-130.0	4.121373e-006	1.239932e+001
gly	  10.0	-130.0	1.789738e-005	1.093086e+001
gly	  20.0	-130.0	9.098890e-005	9.304773e+000
gly	  30.0	-130.0	4.070041e-004	7.806687e+000
gly	  40.0	-130.0	1.316257e-003	6.632963e+000
gly	  50.0	-130.0	2.726015e-003	5.904915e+000
gly	  60.0	-130.0	3.400969e-003	5.683695e+000
gly	  70.0	-130.0	2.580349e-003	5.959831e+000
gly	  80.0	-130.0	1.343833e-003	6.612229e+000
gly	  90.0	-130.0	6.387215e-004	7.356042e+000
gly	 100.0	-130.0	3.767832e-004	7.883841e+000
gly	 110.0	-130.0	2.769060e-004	8.191833e+000
gly	 120.0	-130.0	2.241149e-004	8.403352e+000
gly	 130.0	-130.0	1.944494e-004	8.545339e+000
gly	 140.0	-130.0	1.819062e-004	8.612020e+000
gly	 150.0	-130.0	1.793178e-004	8.626351e+000
gly	 160.0	-130.0	1.809810e-004	8.617119e+000
gly	 170.0	-130.0	1.848271e-004	8.596090e+000
gly	-180.0	-120.0	1.123182e-004	9.094174e+000
gly	-170.0	-120.0	1.245094e-004	8.991130e+000
gly	-160.0	-120.0	1.436630e-004	8.848040e+000
gly	-150.0	-120.0	1.719377e-004	8.668378e+000
gly	-140.0	-120.0	2.115682e-004	8.460963e+000
gly	-130.0	-120.0	2.616008e-004	8.248691e+000
gly	-120.0	-120.0	3.125862e-004	8.070630e+000
gly	-110.0	-120.0	3.437209e-004	7.975681e+000
gly	-100.0	-120.0	3.307681e-004	8.014093e+000
gly	 -90.0	-120.0	2.671582e-004	8.227670e+000
gly	 -80.0	-120.0	1.769588e-004	8.639594e+000
gly	 -70.0	-120.0	9.687190e-005	9.242121e+000
gly	 -60.0	-120.0	4.591688e-005	9.988678e+000
gly	 -50.0	-120.0	2.031466e-005	1.080417e+001
gly	 -40.0	-120.0	9.057126e-006	1.161196e+001
gly	 -30.0	-120.0	4.333998e-006	1.234902e+001
gly	 -20.0	-120.0	2.448954e-006	1.291985e+001
gly	 -10.0	-120.0	2.166494e-006	1.304240e+001
gly	   0.0	-120.0	4.411872e-006	1.233121e+001
gly	  10.0	-120.0	1.675624e-005	1.099674e+001
gly	  20.0	-120.0	7.579932e-005	9.487421e+000
gly	  30.0	-120.0	3.067381e-004	8.089516e+000
gly	  40.0	-120.0	9.119948e-004	6.999876e+000
gly	  50.0	-120.0	1.758425e-003	6.343337e+000
gly	  60.0	-120.0	2.061818e-003	6.184167e+000
gly	  70.0	-120.0	1.480327e-003	6.515492e+000
gly	  80.0	-120.0	7.388599e-004	7.210402e+000
gly	  90.0	-120.0	3.493534e-004	7.959427e+000
gly	 100.0	-120.0	2.134021e-004	8.452332e+000
gly	 110.0	-120.0	1.622824e-004	8.726172e+000
gly	 120.0	-120.0	1.332238e-004	8.923480e+000
gly	 130.0	-120.0	1.145650e-004	9.074368e+000
gly	 140.0	-120.0	1.047563e-004	9.163874e+000
gly	 150.0	-120.0	1.013786e-004	9.196648e+000
gly	 160.0	-120.0	1.018896e-004	9.191620e+000
gly	 170.0	-120.0	1.053089e-004	9.158613e+000
gly	-180.0	-110.0	7.155846e-005	9.544996e+000
gly	-170.0	-110.0	8.176119e-005	9.411708e+000
gly	-160.0	-110.0	9.750225e-005	9.235635e+000
gly	-150.0	-110.0	1.196447e-004	9.030984e+000
gly	-140.0	-110.0	1.476834e-004	8.820440e+000
gly	-130.0	-110.0	1.779965e-004	8.633747e+000
gly	-120.0	-110.0	2.027088e-004	8.503740e+000
gly	-110.0	-110.0	2.109793e-004	8.463751e+000
gly	-100.0	-110.0	1.943969e-004	8.545608e+000
gly	 -90.0	-110.0	1.548567e-004	8.773011e+000
gly	 -80.0	-110.0	1.059465e-004	9.152576e+000
gly	 -70.0	-110.0	6.337157e-005	9.666495e+000
gly	 -60.0	-110.0	3.461354e-005	1.027127e+001
gly	 -50.0	-110.0	1.827025e-005	1.091024e+001
gly	 -40.0	-110.0	9.754762e-006	1.153775e+001
gly	 -30.0	-110.0	5.398307e-006	1.212943e+001
gly	 -20.0	-110.0	3.242584e-006	1.263914e+001
gly	 -10.0	-110.0	2.576967e-006	1.286890e+001
gly	   0.0	-110.0	3.984333e-006	1.243314e+001
gly	  10.0	-110.0	1.179515e-005	1.134782e+001
gly	  20.0	-110.0	4.423983e-005	1.002588e+001
gly	  30.0	-110.0	1.556219e-004	8.768081e+000
gly	  40.0	-110.0	4.199782e-004	7.775308e+000
gly	  50.0	-110.0	7.633816e-004	7.177752e+000
gly	  60.0	-110.0	8.772317e-004	7.038739e+000
gly	  70.0	-110.0	6.488609e-004	7.340292e+000
gly	  80.0	-110.0	3.579732e-004	7.935053e+000
gly	  90.0	-110.0	1.971577e-004	8.531507e+000
gly	 100.0	-110.0	1.332149e-004	8.923547e+000
gly	 110.0	-110.0	1.039625e-004	9.171480e+000
gly	 120.0	-110.0	8.535268e-005	9.368719e+000
gly	 130.0	-110.0	7.277213e-005	9.528178e+000
gly	 140.0	-110.0	6.557045e-005	9.632385e+000
gly	 150.0	-110.0	6.267372e-005	9.677568e+000
gly	 160.0	-110.0	6.285678e-005	9.674652e+000
gly	 170.0	-110.0	6.564389e-005	9.631266e+000
gly	-180.0	-100.0	4.978898e-005	9.907717e+000
gly	-170.0	-100.0	5.680240e-005	9.775932e+000
gly	-160.0	-100.0	6.788718e-005	9.597663e+000
gly	-150.0	-100.0	8.333483e-005	9.392644e+000
gly	-140.0	-100.0	1.020600e-004	9.189950e+000
gly	-130.0	-100.0	1.206924e-004	9.022265e+000
gly	-120.0	-100.0	1.337795e-004	8.919317e+000
gly	-110.0	-100.0	1.356868e-004	8.905161e+000
gly	-100.0	-100.0	1.236253e-004	8.998256e+000
gly	 -90.0	-100.0	1.002151e-004	9.208192e+000
gly	 -80.0	-100.0	7.274072e-005	9.528609e+000
gly	 -70.0	-100.0	4.861763e-005	9.931524e+000
gly	 -60.0	-100.0	3.128468e-005	1.037238e+001
gly	 -50.0	-100.0	2.007574e-005	1.081600e+001
gly	 -40.0	-100.0	1.283008e-005	1.126372e+001
gly	 -30.0	-100.0	7.981927e-006	1.173833e+001
gly	 -20.0	-100.0	4.877028e-006	1.223097e+001
gly	 -10.0	-100.0	3.327457e-006	1.261330e+001
gly	   0.0	-100.0	3.579634e-006	1.254025e+001
gly	  10.0	-100.0	7.368314e-006	1.181832e+001
gly	  20.0	-100.0	2.114321e-005	1.076419e+001
gly	  30.0	-100.0	6.122358e-005	9.700978e+000
gly	  40.0	-100.0	1.461186e-004	8.831092e+000
gly	  50.0	-100.0	2.522115e-004	8.285242e+000
gly	  60.0	-100.0	2.977424e-004	8.119282e+000
gly	  70.0	-100.0	2.502495e-004	8.293052e+000
gly	  80.0	-100.0	1.752220e-004	8.649457e+000
gly	  90.0	-100.0	1.246705e-004	8.989836e+000
gly	 100.0	-100.0	9.653012e-005	9.245655e+000
gly	 110.0	-100.0	7.798499e-005	9.458994e+000
gly	 120.0	-100.0	6.418604e-005	9.653725e+000
gly	 130.0	-100.0	5.449156e-005	9.817465e+000
gly	 140.0	-100.0	4.854823e-005	9.932953e+000
gly	 150.0	-100.0	4.555353e-005	9.996623e+000
gly	 160.0	-100.0	4.478028e-005	1.001374e+001
gly	 170.0	-100.0	4.604821e-005	9.985822e+000
gly	-180.0	 -90.0	3.834041e-005	1.016901e+001
gly	-170.0	 -90.0	4.206447e-005	1.007631e+001
gly	-160.0	 -90.0	4.887233e-005	9.926299e+000
gly	-150.0	 -90.0	5.882940e-005	9.740869e+000
gly	-140.0	 -90.0	7.104231e-005	9.552235e+000
gly	-130.0	 -90.0	8.315277e-005	9.394831e+000
gly	-120.0	 -90.0	9.164096e-005	9.297632e+000
gly	-110.0	 -90.0	9.322742e-005	9.280469e+000
gly	-100.0	 -90.0	8.668634e-005	9.353214e+000
gly	 -90.0	 -90.0	7.396811e-005	9.511877e+000
gly	 -80.0	 -90.0	5.949824e-005	9.729564e+000
gly	 -70.0	 -90.0	4.740305e-005	9.956824e+000
gly	 -60.0	 -90.0	3.857422e-005	1.016293e+001
gly	 -50.0	 -90.0	3.084455e-005	1.038655e+001
gly	 -40.0	 -90.0	2.255821e-005	1.069941e+001
gly	 -30.0	 -90.0	1.458245e-005	1.113569e+001
gly	 -20.0	 -90.0	8.515197e-006	1.167366e+001
gly	 -10.0	 -90.0	4.944640e-006	1.221721e+001
gly	   0.0	 -90.0	3.731214e-006	1.249878e+001
gly	  10.0	 -90.0	5.077745e-006	1.219064e+001
gly	  20.0	 -90.0	1.070647e-005	1.144466e+001
gly	  30.0	 -90.0	2.474697e-005	1.060681e+001
gly	  40.0	 -90.0	5.138582e-005	9.876148e+000
gly	  50.0	 -90.0	8.588484e-005	9.362503e+000
gly	  60.0	 -90.0	1.112645e-004	9.103600e+000
gly	  70.0	 -90.0	1.167718e-004	9.055289e+000
gly	  80.0	 -90.0	1.092848e-004	9.121553e+000
gly	  90.0	 -90.0	9.768841e-005	9.233728e+000
gly	 100.0	 -90.0	8.447305e-005	9.379078e+000
gly	 110.0	 -90.0	7.099676e-005	9.552876e+000
gly	 120.0	 -90.0	5.933979e-005	9.732230e+000
gly	 130.0	 -90.0	5.065054e-005	9.890561e+000
gly	 140.0	 -90.0	4.468613e-005	1.001585e+001
gly	 150.0	 -90.0	4.067611e-005	1.010987e+001
gly	 160.0	 -90.0	3.816066e-005	1.017371e+001
gly	 170.0	 -90.0	3.722935e-005	1.019841e+001
gly	-180.0	 -80.0	3.299583e-005	1.031913e+001
gly	-170.0	 -80.0	3.369956e-005	1.029803e+001
gly	-160.0	 -80.0	3.714498e-005	1.020068e+001
gly	-150.0	 -80.0	4.326301e-005	1.004821e+001
gly	-140.0	 -80.0	5.142089e-005	9.875466e+000
gly	-130.0	 -80.0	6.010695e-005	9.719385e+000
gly	-120.0	 -80.0	6.707489e-005	9.609701e+000
gly	-110.0	 -80.0	7.022844e-005	9.563757e+000
gly	-100.0	 -80.0	6.897631e-005	9.581747e+000
gly	 -90.0	 -80.0	6.541256e-005	9.634796e+000
gly	 -80.0	 -80.0	6.405342e-005	9.655793e+000
gly	 -70.0	 -80.0	6.804809e-005	9.595296e+000
gly	 -60.0	 -80.0	7.284308e-005	9.527203e+000
gly	 -50.0	 -80.0	6.797304e-005	9.596399e+000
gly	 -40.0	 -80.0	5.095526e-005	9.884563e+000
gly	 -30.0	 -80.0	3.092114e-005	1.038407e+001
gly	 -20.0	 -80.0	1.616627e-005	1.103258e+001
gly	 -10.0	 -80.0	8.009956e-006	1.173483e+001
gly	   0.0	 -80.0	4.573356e-006	1.229526e+001
gly	  10.0	 -80.0	4.324501e-006	1.235121e+001
gly	  20.0	 -80.0	7.083790e-006	1.185770e+001
gly	  30.0	 -80.0	1.404311e-005	1.117338e+001
gly	  40.0	 -80.0	2.692015e-005	1.052264e+001
gly	  50.0	 -80.0	4.573426e-005	9.992663e+000
gly	  60.0	 -80.0	6.693239e-005	9.611828e+000
gly	  70.0	 -80.0	8.493155e-005	9.373665e+000
gly	  80.0	 -80.0	9.520380e-005	9.259491e+000
gly	  90.0	 -80.0	9.580052e-005	9.253242e+000
gly	 100.0	 -80.0	8.832896e-005	9.334443e+000
gly	 110.0	 -80.0	7.718299e-005	9.469332e+000
gly	 120.0	 -80.0	6.640099e-005	9.619799e+000
gly	 130.0	 -80.0	5.756386e-005	9.762616e+000
gly	 140.0	 -80.0	5.034191e-005	9.896673e+000
gly	 150.0	 -80.0	4.407612e-005	1.002959e+001
gly	 160.0	 -80.0	3.872363e-005	1.015906e+001
gly	 170.0	 -80.0	3.481809e-005	1.026537e+001
gly	-180.0	 -70.0	3.151799e-005	1.036495e+001
gly	-170.0	 -70.0	2.945735e-005	1.043257e+001
gly	-160.0	 -70.0	3.046737e-005	1.039885e+001
gly	-150.0	 -70.0	3.427545e-005	1.028108e+001
gly	-140.0	 -70.0	4.037110e-005	1.011740e+001
gly	-130.0	 -70.0	4.778177e-005	9.948866e+000
gly	-120.0	 -70.0	5.511236e-005	9.806137e+000
gly	-110.0	 -70.0	6.121643e-005	9.701095e+000
gly	-100.0	 -70.0	6.673293e-005	9.614812e+000
gly	 -90.0	 -70.0	7.644176e-005	9.478981e+000
gly	 -80.0	 -70.0	1.002842e-004	9.207503e+000
gly	 -70.0	 -70.0	1.440807e-004	8.845137e+000
gly	 -60.0	 -70.0	1.850558e-004	8.594853e+000
gly	 -50.0	 -70.0	1.796664e-004	8.624409e+000
gly	 -40.0	 -70.0	1.261999e-004	8.977643e+000
gly	 -30.0	 -70.0	6.734654e-005	9.605659e+000
gly	 -20.0	 -70.0	3.015187e-005	1.040926e+001
gly	 -10.0	 -70.0	1.270839e-005	1.127325e+001
gly	   0.0	 -70.0	5.903712e-006	1.203993e+001
gly	  10.0	 -70.0	4.257016e-006	1.236694e+001
gly	  20.0	 -70.0	5.909685e-006	1.203892e+001
gly	  30.0	 -70.0	1.119044e-005	1.140045e+001
gly	  40.0	 -70.0	2.161272e-005	1.074223e+001
gly	  50.0	 -70.0	3.850645e-005	1.016468e+001
gly	  60.0	 -70.0	6.102071e-005	9.704297e+000
gly	  70.0	 -70.0	8.468473e-005	9.376575e+000
gly	  80.0	 -70.0	1.026075e-004	9.184599e+000
gly	  90.0	 -70.0	1.098504e-004	9.116391e+000
gly	 100.0	 -70.0	1.069812e-004	9.142858e+000
gly	 110.0	 -70.0	9.830334e-005	9.227453e+000
gly	 120.0	 -70.0	8.773093e-005	9.341236e+000
gly	 130.0	 -70.0	7.697096e-005	9.472082e+000
gly	 140.0	 -70.0	6.609711e-005	9.624386e+000
gly	 150.0	 -70.0	5.513782e-005	9.805675e+000
gly	 160.0	 -70.0	4.493914e-005	1.001020e+001
gly	 170.0	 -70.0	3.676653e-005	1.021092e+001
gly	-180.0	 -60.0	3.257283e-005	1.033203e+001
gly	-170.0	 -60.0	2.792577e-005	1.048596e+001
gly	-160.0	 -60.0	2.734526e-005	1.050697e+001
gly	-150.0	 -60.0	3.021408e-005	1.040720e+001
gly	-140.0	 -60.0	3.606141e-005	1.023029e+001
gly	-130.0	 -60.0	4.436476e-005	1.002307e+001
gly	-120.0	 -60.0	5.458882e-005	9.815681e+000
gly	-110.0	 -60.0	6.703846e-005	9.610244e+000
gly	-100.0	 -60.0	8.553003e-005	9.366643e+000
gly	 -90.0	 -60.0	1.236396e-004	8.998139e+000
gly	 -80.0	 -60.0	2.127320e-004	8.455478e+000
gly	 -70.0	 -60.0	3.751083e-004	7.888296e+000
gly	 -60.0	 -60.0	5.186666e-004	7.564249e+000
gly	 -50.0	 -60.0	4.812273e-004	7.639171e+000
gly	 -40.0	 -60.0	2.979829e-004	8.118474e+000
gly	 -30.0	 -60.0	1.341670e-004	8.916425e+000
gly	 -20.0	 -60.0	5.006603e-005	9.902168e+000
gly	 -10.0	 -60.0	1.787817e-005	1.093193e+001
gly	   0.0	 -60.0	7.092780e-006	1.185643e+001
gly	  10.0	 -60.0	4.255191e-006	1.236737e+001
gly	  20.0	 -60.0	5.320496e-006	1.214394e+001
gly	  30.0	 -60.0	1.008584e-005	1.150438e+001
gly	  40.0	 -60.0	2.018485e-005	1.081058e+001
gly	  50.0	 -60.0	3.777961e-005	1.018374e+001
gly	  60.0	 -60.0	6.358974e-005	9.663058e+000
gly	  70.0	 -60.0	9.456745e-005	9.266197e+000
gly	  80.0	 -60.0	1.239873e-004	8.995332e+000
gly	  90.0	 -60.0	1.459293e-004	8.832388e+000
gly	 100.0	 -60.0	1.570679e-004	8.758832e+000
gly	 110.0	 -60.0	1.540659e-004	8.778130e+000
gly	 120.0	 -60.0	1.385439e-004	8.884323e+000
gly	 130.0	 -60.0	1.177288e-004	9.047127e+000
gly	 140.0	 -60.0	9.610656e-005	9.250053e+000
gly	 150.0	 -60.0	7.513561e-005	9.496216e+000
gly	 160.0	 -60.0	5.648596e-005	9.781518e+000
gly	 170.0	 -60.0	4.200530e-005	1.007771e+001
gly	-180.0	 -50.0	3.508403e-005	1.025776e+001
gly	-170.0	 -50.0	2.815579e-005	1.047776e+001
gly	-160.0	 -50.0	2.690654e-005	1.052314e+001
gly	-150.0	 -50.0	3.029630e-005	1.040448e+001
gly	-140.0	 -50.0	3.806805e-005	1.017614e+001
gly	-130.0	 -50.0	5.053173e-005	9.892909e+000
gly	-120.0	 -50.0	6.870684e-005	9.585662e+000
gly	-110.0	 -50.0	9.597711e-005	9.251401e+000
gly	-100.0	 -50.0	1.444650e-004	8.842473e+000
gly	 -90.0	 -50.0	2.552123e-004	8.273415e+000
gly	 -80.0	 -50.0	5.352277e-004	7.532818e+000
gly	 -70.0	 -50.0	1.056005e-003	6.853262e+000
gly	 -60.0	 -50.0	1.444140e-003	6.540242e+000
gly	 -50.0	 -50.0	1.192844e-003	6.731415e+000
gly	 -40.0	 -50.0	6.133719e-004	7.396539e+000
gly	 -30.0	 -50.0	2.234089e-004	8.406507e+000
gly	 -20.0	 -50.0	6.804339e-005	9.595365e+000
gly	 -10.0	 -50.0	2.061282e-005	1.078960e+001
gly	   0.0	 -50.0	7.261883e-006	1.183287e+001
gly	  10.0	 -50.0	3.912545e-006	1.245132e+001
gly	  20.0	 -50.0	4.613372e-006	1.228655e+001
gly	  30.0	 -50.0	8.851734e-006	1.163490e+001
gly	  40.0	 -50.0	1.842761e-005	1.090166e+001
gly	  50.0	 -50.0	3.662726e-005	1.021472e+001
gly	  60.0	 -50.0	6.734438e-005	9.605691e+000
gly	  70.0	 -50.0	1.133394e-004	9.085123e+000
gly	  80.0	 -50.0	1.763890e-004	8.642819e+000
gly	  90.0	 -50.0	2.557811e-004	8.271188e+000
gly	 100.0	 -50.0	3.238309e-004	8.035289e+000
gly	 110.0	 -50.0	3.283786e-004	8.021343e+000
gly	 120.0	 -50.0	2.710573e-004	8.213181e+000
gly	 130.0	 -50.0	2.025172e-004	8.504686e+000
gly	 140.0	 -50.0	1.477862e-004	8.819744e+000
gly	 150.0	 -50.0	1.054528e-004	9.157247e+000
gly	 160.0	 -50.0	7.272012e-005	9.528892e+000
gly	 170.0	 -50.0	4.941506e-005	9.915255e+000
gly	-180.0	 -40.0	3.788944e-005	1.018084e+001
gly	-170.0	 -40.0	2.946972e-005	1.043215e+001
gly	-160.0	 -40.0	2.877360e-005	1.045605e+001
gly	-150.0	 -40.0	3.455379e-005	1.027299e+001
gly	-140.0	 -40.0	4.748457e-005	9.955106e+000
gly	-130.0	 -40.0	6.998295e-005	9.567259e+000
gly	-120.0	 -40.0	1.067076e-004	9.145418e+000
gly	-110.0	 -40.0	1.687644e-004	8.687007e+000
gly	-100.0	 -40.0	2.918496e-004	8.139272e+000
gly	 -90.0	 -40.0	6.005430e-004	7.417676e+000
gly	 -80.0	 -40.0	1.412832e-003	6.562159e+000
gly	 -70.0	 -40.0	2.819770e-003	5.871100e+000
gly	 -60.0	 -40.0	3.534321e-003	5.645234e+000
gly	 -50.0	 -40.0	2.475509e-003	6.001309e+000
gly	 -40.0	 -40.0	1.013836e-003	6.894014e+000
gly	 -30.0	 -40.0	2.876088e-004	8.153909e+000
gly	 -20.0	 -40.0	7.045383e-005	9.560553e+000
gly	 -10.0	 -40.0	1.838856e-005	1.090378e+001
gly	   0.0	 -40.0	6.039796e-006	1.201714e+001
gly	  10.0	 -40.0	3.151770e-006	1.266755e+001
gly	  20.0	 -40.0	3.647819e-006	1.252138e+001
gly	  30.0	 -40.0	7.087748e-006	1.185714e+001
gly	  40.0	 -40.0	1.546165e-005	1.107715e+001
gly	  50.0	 -40.0	3.381652e-005	1.029456e+001
gly	  60.0	 -40.0	7.359432e-005	9.516943e+000
gly	  70.0	 -40.0	1.626981e-004	8.723614e+000
gly	  80.0	 -40.0	3.629937e-004	7.921125e+000
gly	  90.0	 -40.0	6.983376e-004	7.266808e+000
gly	 100.0	 -40.0	9.608961e-004	6.947644e+000
gly	 110.0	 -40.0	8.946536e-004	7.019074e+000
gly	 120.0	 -40.0	6.159582e-004	7.392331e+000
gly	 130.0	 -40.0	3.734950e-004	7.892606e+000
gly	 140.0	 -40.0	2.293827e-004	8.380119e+000
gly	 150.0	 -40.0	1.449681e-004	8.838997e+000
gly	 160.0	 -40.0	9.112999e-005	9.303224e+000
gly	 170.0	 -40.0	5.708577e-005	9.770956e+000
gly	-180.0	 -30.0	3.984829e-005	1.013043e+001
gly	-170.0	 -30.0	3.148488e-005	1.036600e+001
gly	-160.0	 -30.0	3.300154e-005	1.031896e+001
gly	-150.0	 -30.0	4.375976e-005	1.003680e+001
gly	-140.0	 -30.0	6.712873e-005	9.608898e+000
gly	-130.0	 -30.0	1.110219e-004	9.105783e+000
gly	-120.0	 -30.0	1.904339e-004	8.566205e+000
gly	-110.0	 -30.0	3.402363e-004	7.985870e+000
gly	-100.0	 -30.0	6.600515e-004	7.323193e+000
gly	 -90.0	 -30.0	1.446597e-003	6.538541e+000
gly	 -80.0	 -30.0	3.301880e-003	5.713263e+000
gly	 -70.0	 -30.0	5.941978e-003	5.125713e+000
gly	 -60.0	 -30.0	6.430021e-003	5.046778e+000
gly	 -50.0	 -30.0	3.745103e-003	5.587306e+000
gly	 -40.0	 -30.0	1.217224e-003	6.711183e+000
gly	 -30.0	 -30.0	2.659360e-004	8.232255e+000
gly	 -20.0	 -30.0	5.247414e-005	9.855190e+000
gly	 -10.0	 -30.0	1.232676e-005	1.130374e+001
gly	   0.0	 -30.0	4.078034e-006	1.240990e+001
gly	  10.0	 -30.0	2.238910e-006	1.300952e+001
gly	  20.0	 -30.0	2.616378e-006	1.285372e+001
gly	  30.0	 -30.0	5.101295e-006	1.218602e+001
gly	  40.0	 -30.0	1.181943e-005	1.134577e+001
gly	  50.0	 -30.0	3.053395e-005	1.039667e+001
gly	  60.0	 -30.0	9.495718e-005	9.262085e+000
gly	  70.0	 -30.0	3.623761e-004	7.922828e+000
gly	  80.0	 -30.0	1.234953e-003	6.696722e+000
gly	  90.0	 -30.0	2.622657e-003	5.943567e+000
gly	 100.0	 -30.0	3.182252e-003	5.750166e+000
gly	 110.0	 -30.0	2.393036e-003	6.035192e+000
gly	 120.0	 -30.0	1.312468e-003	6.635846e+000
gly	 130.0	 -30.0	6.457424e-004	7.345110e+000
gly	 140.0	 -30.0	3.331724e-004	8.006850e+000
gly	 150.0	 -30.0	1.853383e-004	8.593328e+000
gly	 160.0	 -30.0	1.063746e-004	9.148544e+000
gly	 170.0	 -30.0	6.231230e-005	9.683352e+000
gly	-180.0	 -20.0	4.036616e-005	1.011752e+001
gly	-170.0	 -20.0	3.425643e-005	1.028164e+001
gly	-160.0	 -20.0	4.002585e-005	1.012599e+001
gly	-150.0	 -20.0	5.926349e-005	9.733517e+000
gly	-140.0	 -20.0	1.015511e-004	9.194949e+000
gly	-130.0	 -20.0	1.887594e-004	8.575037e+000
gly	-120.0	 -20.0	3.664442e-004	7.911664e+000
gly	-110.0	 -20.0	7.367296e-004	7.213290e+000
gly	-100.0	 -20.0	1.516021e-003	6.491666e+000
gly	 -90.0	 -20.0	3.084779e-003	5.781275e+000
gly	 -80.0	 -20.0	5.802764e-003	5.149421e+000
gly	 -70.0	 -20.0	8.462135e-003	4.772154e+000
gly	 -60.0	 -20.0	7.568873e-003	4.883711e+000
gly	 -50.0	 -20.0	3.655654e-003	5.611480e+000
gly	 -40.0	 -20.0	9.647369e-004	6.943655e+000
gly	 -30.0	 -20.0	1.662745e-004	8.701870e+000
gly	 -20.0	 -20.0	2.735284e-005	1.050669e+001
gly	 -10.0	 -20.0	6.377665e-006	1.196271e+001
gly	   0.0	 -20.0	2.407379e-006	1.293697e+001
gly	  10.0	 -20.0	1.519129e-006	1.339737e+001
gly	  20.0	 -20.0	1.807058e-006	1.322381e+001
gly	  30.0	 -20.0	3.440327e-006	1.257994e+001
gly	  40.0	 -20.0	8.700981e-006	1.165207e+001
gly	  50.0	 -20.0	3.279778e-005	1.032515e+001
gly	  60.0	 -20.0	2.022333e-004	8.506089e+000
gly	  70.0	 -20.0	1.270589e-003	6.668275e+000
gly	  80.0	 -20.0	4.827628e-003	5.333400e+000
gly	  90.0	 -20.0	8.975411e-003	4.713267e+000
gly	 100.0	 -20.0	8.420342e-003	4.777105e+000
gly	 110.0	 -20.0	4.816654e-003	5.335676e+000
gly	 120.0	 -20.0	2.118493e-003	6.157050e+000
gly	 130.0	 -20.0	8.938379e-004	7.019986e+000
gly	 140.0	 -20.0	4.101139e-004	7.799076e+000
gly	 150.0	 -20.0	2.078426e-004	8.478729e+000
gly	 160.0	 -20.0	1.113658e-004	9.102690e+000
gly	 170.0	 -20.0	6.268580e-005	9.677376e+000
gly	-180.0	 -10.0	3.984930e-005	1.013041e+001
gly	-170.0	 -10.0	3.819743e-005	1.017274e+001
gly	-160.0	 -10.0	5.021295e-005	9.899238e+000
gly	-150.0	 -10.0	8.164047e-005	9.413185e+000
gly	-140.0	 -10.0	1.528470e-004	8.786073e+000
gly	-130.0	 -10.0	3.130969e-004	8.068998e+000
gly	-120.0	 -10.0	6.711218e-004	7.306560e+000
gly	-110.0	 -10.0	1.436155e-003	6.545786e+000
gly	-100.0	 -10.0	2.863082e-003	5.855857e+000
gly	 -90.0	 -10.0	4.927447e-003	5.312934e+000
gly	 -80.0	 -10.0	6.983710e-003	4.964175e+000
gly	 -70.0	 -10.0	7.595096e-003	4.880252e+000
gly	 -60.0	 -10.0	5.376509e-003	5.225716e+000
gly	 -50.0	 -10.0	2.151054e-003	6.141797e+000
gly	 -40.0	 -10.0	4.773212e-004	7.647321e+000
gly	 -30.0	 -10.0	6.900496e-005	9.581332e+000
gly	 -20.0	 -10.0	1.054753e-005	1.145962e+001
gly	 -10.0	 -10.0	2.984190e-006	1.272218e+001
gly	   0.0	 -10.0	1.505334e-006	1.340650e+001
gly	  10.0	 -10.0	1.179353e-006	1.365054e+001
gly	  20.0	 -10.0	1.490850e-006	1.341616e+001
gly	  30.0	 -10.0	3.016220e-006	1.271151e+001
gly	  40.0	 -10.0	1.126949e-005	1.139341e+001
gly	  50.0	 -10.0	8.617739e-005	9.359103e+000
gly	  60.0	 -10.0	7.569866e-004	7.186165e+000
gly	  70.0	 -10.0	4.524367e-003	5.398278e+000
gly	  80.0	 -10.0	1.390537e-002	4.275480e+000
gly	  90.0	 -10.0	1.998920e-002	3.912563e+000
gly	 100.0	 -10.0	1.418177e-002	4.255798e+000
gly	 110.0	 -10.0	6.270610e-003	5.071882e+000
gly	 120.0	 -10.0	2.336487e-003	6.059107e+000
gly	 130.0	 -10.0	9.125731e-004	6.999242e+000
gly	 140.0	 -10.0	4.001708e-004	7.823619e+000
gly	 150.0	 -10.0	1.956273e-004	8.539299e+000
gly	 160.0	 -10.0	1.022184e-004	9.188399e+000
gly	 170.0	 -10.0	5.788410e-005	9.757068e+000
gly	-180.0	   0.0	3.939180e-005	1.014195e+001
gly	-170.0	   0.0	4.348182e-005	1.004317e+001
gly	-160.0	   0.0	6.271907e-005	9.676845e+000
gly	-150.0	   0.0	1.075459e-004	9.137593e+000
gly	-140.0	   0.0	2.098028e-004	8.469343e+000
gly	-130.0	   0.0	4.487526e-004	7.709039e+000
gly	-120.0	   0.0	9.942825e-004	6.913489e+000
gly	-110.0	   0.0	2.090456e-003	6.170373e+000
gly	-100.0	   0.0	3.764082e-003	5.582251e+000
gly	 -90.0	   0.0	5.314994e-003	5.237223e+000
gly	 -80.0	   0.0	5.627463e-003	5.180097e+000
gly	 -70.0	   0.0	4.400966e-003	5.425931e+000
gly	 -60.0	   0.0	2.363358e-003	6.047672e+000
gly	 -50.0	   0.0	7.772629e-004	7.159732e+000
gly	 -40.0	   0.0	1.513991e-004	8.795591e+000
gly	 -30.0	   0.0	2.095869e-005	1.077296e+001
gly	 -20.0	   0.0	4.056677e-006	1.241515e+001
gly	 -10.0	   0.0	1.798521e-006	1.322855e+001
gly	   0.0	   0.0	1.274840e-006	1.357269e+001
gly	  10.0	   0.0	1.317948e-006	1.353943e+001
gly	  20.0	   0.0	2.261082e-006	1.299967e+001
gly	  30.0	   0.0	7.350590e-006	1.182073e+001
gly	  40.0	   0.0	4.440307e-005	1.002220e+001
gly	  50.0	   0.0	3.614661e-004	7.925342e+000
gly	  60.0	   0.0	2.522588e-003	5.982470e+000
gly	  70.0	   0.0	1.096460e-002	4.513083e+000
gly	  80.0	   0.0	2.407538e-002	3.726565e+000
gly	  90.0	   0.0	2.506518e-002	3.686276e+000
gly	 100.0	   0.0	1.370496e-002	4.289998e+000
gly	 110.0	   0.0	5.063790e-003	5.285640e+000
gly	 120.0	   0.0	1.752347e-003	6.346799e+000
gly	 130.0	   0.0	6.849951e-004	7.286099e+000
gly	 140.0	   0.0	3.073661e-004	8.087471e+000
gly	 150.0	   0.0	1.540948e-004	8.777943e+000
gly	 160.0	   0.0	8.307036e-005	9.395823e+000
gly	 170.0	   0.0	5.033753e-005	9.896760e+000
gly	-180.0	  10.0	3.970926e-005	1.013393e+001
gly	-170.0	  10.0	4.927873e-005	9.918018e+000
gly	-160.0	  10.0	7.459566e-005	9.503428e+000
gly	-150.0	  10.0	1.284662e-004	8.959845e+000
gly	-140.0	  10.0	2.461192e-004	8.309695e+000
gly	-130.0	  10.0	5.115357e-004	7.578093e+000
gly	-120.0	  10.0	1.085085e-003	6.826097e+000
gly	-110.0	  10.0	2.101157e-003	6.165267e+000
gly	-100.0	  10.0	3.290243e-003	5.716794e+000
gly	 -90.0	  10.0	3.813614e-003	5.569178e+000
gly	 -80.0	  10.0	3.124522e-003	5.768474e+000
gly	 -70.0	  10.0	1.802853e-003	6.318385e+000
gly	 -60.0	  10.0	7.292985e-004	7.223427e+000
gly	 -50.0	  10.0	1.999476e-004	8.517455e+000
gly	 -40.0	  10.0	3.852038e-005	1.016432e+001
gly	 -30.0	  10.0	7.481785e-006	1.180304e+001
gly	 -20.0	  10.0	2.728370e-006	1.281181e+001
gly	 -10.0	  10.0	1.710860e-006	1.327851e+001
gly	   0.0	  10.0	1.529259e-006	1.339073e+001
gly	  10.0	  10.0	2.199463e-006	1.302730e+001
gly	  20.0	  10.0	5.861545e-006	1.204710e+001
gly	  30.0	  10.0	2.683730e-005	1.052572e+001
gly	  40.0	  10.0	1.658834e-004	8.704226e+000
gly	  50.0	  10.0	1.052207e-003	6.856865e+000
gly	  60.0	  10.0	5.192524e-003	5.260535e+000
gly	  70.0	  10.0	1.541268e-002	4.172565e+000
gly	  80.0	  10.0	2.375547e-002	3.739943e+000
gly	  90.0	  10.0	1.802881e-002	4.015784e+000
gly	 100.0	  10.0	7.895680e-003	4.841439e+000
gly	 110.0	  10.0	2.701026e-003	5.914123e+000
gly	 120.0	  10.0	9.582637e-004	6.950388e+000
gly	 130.0	  10.0	4.009686e-004	7.821628e+000
gly	 140.0	  10.0	1.960766e-004	8.537005e+000
gly	 150.0	  10.0	1.067941e-004	9.144607e+000
gly	 160.0	  10.0	6.294682e-005	9.673220e+000
gly	 170.0	  10.0	4.331527e-005	1.004701e+001
gly	-180.0	  20.0	4.041001e-005	1.011643e+001
gly	-170.0	  20.0	5.372033e-005	9.831719e+000
gly	-160.0	  20.0	8.172075e-005	9.412203e+000
gly	-150.0	  20.0	1.355424e-004	8.906226e+000
gly	-140.0	  20.0	2.421878e-004	8.325797e+000
gly	-130.0	  20.0	4.583963e-004	7.687776e+000
gly	-120.0	  20.0	8.721470e-004	7.044553e+000
gly	-110.0	  20.0	1.491993e-003	6.507643e+000
gly	-100.0	  20.0	2.013452e-003	6.207905e+000
gly	 -90.0	  20.0	1.957586e-003	6.236043e+000
gly	 -80.0	  20.0	1.317733e-003	6.631843e+000
gly	 -70.0	  20.0	6.186379e-004	7.387990e+000
gly	 -60.0	  20.0	2.125968e-004	8.456113e+000
gly	 -50.0	  20.0	5.919856e-005	9.734613e+000
gly	 -40.0	  20.0	1.661399e-005	1.100527e+001
gly	 -30.0	  20.0	6.119165e-006	1.200408e+001
gly	 -20.0	  20.0	3.087906e-006	1.268802e+001
gly	 -10.0	  20.0	2.100004e-006	1.307357e+001
gly	   0.0	  20.0	2.213705e-006	1.302084e+001
gly	  10.0	  20.0	4.272214e-006	1.236338e+001
gly	  20.0	  20.0	1.471904e-005	1.112637e+001
gly	  30.0	  20.0	7.218786e-005	9.536239e+000
gly	  40.0	  20.0	3.910768e-004	7.846607e+000
gly	  50.0	  20.0	1.866368e-003	6.283761e+000
gly	  60.0	  20.0	6.513626e-003	5.033859e+000
gly	  70.0	  20.0	1.332747e-002	4.317928e+000
gly	  80.0	  20.0	1.441745e-002	4.239316e+000
gly	  90.0	  20.0	8.362784e-003	4.783964e+000
gly	 100.0	  20.0	3.166964e-003	5.754982e+000
gly	 110.0	  20.0	1.104241e-003	6.808597e+000
gly	 120.0	  20.0	4.372009e-004	7.735118e+000
gly	 130.0	  20.0	2.079988e-004	8.477978e+000
gly	 140.0	  20.0	1.162437e-004	9.059822e+000
gly	 150.0	  20.0	7.151090e-005	9.545661e+000
gly	 160.0	  20.0	4.790250e-005	9.946343e+000
gly	 170.0	  20.0	3.839341e-005	1.016762e+001
gly	-180.0	  30.0	4.040826e-005	1.011648e+001
gly	-170.0	  30.0	5.494592e-005	9.809161e+000
gly	-160.0	  30.0	8.137278e-005	9.416470e+000
gly	-150.0	  30.0	1.264649e-004	8.975546e+000
gly	-140.0	  30.0	2.042191e-004	8.496317e+000
gly	-130.0	  30.0	3.382898e-004	7.991608e+000
gly	-120.0	  30.0	5.537423e-004	7.498811e+000
gly	-110.0	  30.0	8.193842e-004	7.106957e+000
gly	-100.0	  30.0	9.710097e-004	6.937174e+000
gly	 -90.0	  30.0	8.429704e-004	7.078579e+000
gly	 -80.0	  30.0	5.236978e-004	7.554596e+000
gly	 -70.0	  30.0	2.452342e-004	8.313297e+000
gly	 -60.0	  30.0	9.835334e-005	9.226944e+000
gly	 -50.0	  30.0	3.928502e-005	1.014467e+001
gly	 -40.0	  30.0	1.680856e-005	1.099362e+001
gly	 -30.0	  30.0	7.715678e-006	1.177226e+001
gly	 -20.0	  30.0	3.974091e-006	1.243571e+001
gly	 -10.0	  30.0	2.730046e-006	1.281119e+001
gly	   0.0	  30.0	3.270944e-006	1.263043e+001
gly	  10.0	  30.0	7.478745e-006	1.180345e+001
gly	  20.0	  30.0	2.747308e-005	1.050230e+001
gly	  30.0	  30.0	1.265438e-004	8.974922e+000
gly	  40.0	  30.0	5.756182e-004	7.460066e+000
gly	  50.0	  30.0	2.093872e-003	6.168740e+000
gly	  60.0	  30.0	5.280943e-003	5.243651e+000
gly	  70.0	  30.0	7.873576e-003	4.844243e+000
gly	  80.0	  30.0	6.341262e-003	5.060677e+000
gly	  90.0	  30.0	3.015264e-003	5.804068e+000
gly	 100.0	  30.0	1.112021e-003	6.801576e+000
gly	 110.0	  30.0	4.359980e-004	7.737873e+000
gly	 120.0	  30.0	2.020438e-004	8.507026e+000
gly	 130.0	  30.0	1.126860e-004	9.090906e+000
gly	 140.0	  30.0	7.251464e-005	9.531722e+000
gly	 150.0	  30.0	5.038047e-005	9.895907e+000
gly	 160.0	  30.0	3.839280e-005	1.016764e+001
gly	 170.0	  30.0	3.513344e-005	1.025636e+001
gly	-180.0	  40.0	3.891382e-005	1.015416e+001
gly	-170.0	  40.0	5.235178e-005	9.857525e+000
gly	-160.0	  40.0	7.406529e-005	9.510564e+000
gly	-150.0	  40.0	1.066298e-004	9.146147e+000
gly	-140.0	  40.0	1.544747e-004	8.775480e+000
gly	-130.0	  40.0	2.228550e-004	8.408989e+000
gly	-120.0	  40.0	3.129341e-004	8.069518e+000
gly	-110.0	  40.0	4.045899e-004	7.812637e+000
gly	-100.0	  40.0	4.418120e-004	7.724626e+000
gly	 -90.0	  40.0	3.818301e-004	7.870535e+000
gly	 -80.0	  40.0	2.621661e-004	8.246532e+000
gly	 -70.0	  40.0	1.537676e-004	8.780068e+000
gly	 -60.0	  40.0	8.360962e-005	9.389352e+000
gly	 -50.0	  40.0	4.325088e-005	1.004849e+001
gly	 -40.0	  40.0	2.113052e-005	1.076479e+001
gly	 -30.0	  40.0	9.967139e-006	1.151622e+001
gly	 -20.0	  40.0	5.014780e-006	1.220312e+001
gly	 -10.0	  40.0	3.439708e-006	1.258012e+001
gly	   0.0	  40.0	4.419764e-006	1.232942e+001
gly	  10.0	  40.0	1.053949e-005	1.146038e+001
gly	  20.0	  40.0	3.644411e-005	1.021973e+001
gly	  30.0	  40.0	1.466168e-004	8.827688e+000
gly	  40.0	  40.0	5.526308e-004	7.500820e+000
gly	  50.0	  40.0	1.591446e-003	6.443112e+000
gly	  60.0	  40.0	3.062710e-003	5.788455e+000
gly	  70.0	  40.0	3.575478e-003	5.633656e+000
gly	  80.0	  40.0	2.427983e-003	6.020695e+000
gly	  90.0	  40.0	1.095979e-003	6.816107e+000
gly	 100.0	  40.0	4.457422e-004	7.715770e+000
gly	 110.0	  40.0	2.050489e-004	8.492262e+000
gly	 120.0	  40.0	1.108557e-004	9.107282e+000
gly	 130.0	  40.0	7.044628e-005	9.560660e+000
gly	 140.0	  40.0	5.010291e-005	9.901432e+000
gly	 150.0	  40.0	3.827622e-005	1.017068e+001
gly	 160.0	  40.0	3.242709e-005	1.033652e+001
gly	 170.0	  40.0	3.250299e-005	1.033418e+001
gly	-180.0	  50.0	3.600214e-005	1.023193e+001
gly	-170.0	  50.0	4.690203e-005	9.967450e+000
gly	-160.0	  50.0	6.284320e-005	9.674868e+000
gly	-150.0	  50.0	8.399702e-005	9.384729e+000
gly	-140.0	  50.0	1.107369e-004	9.108354e+000
gly	-130.0	  50.0	1.433330e-004	8.850340e+000
gly	-120.0	  50.0	1.808970e-004	8.617583e+000
gly	-110.0	  50.0	2.175374e-004	8.433140e+000
gly	-100.0	  50.0	2.381249e-004	8.342715e+000
gly	 -90.0	  50.0	2.278054e-004	8.387019e+000
gly	 -80.0	  50.0	1.889921e-004	8.573805e+000
gly	 -70.0	  50.0	1.376930e-004	8.890484e+000
gly	 -60.0	  50.0	8.858810e-005	9.331513e+000
gly	 -50.0	  50.0	5.026350e-005	9.898231e+000
gly	 -40.0	  50.0	2.544627e-005	1.057894e+001
gly	 -30.0	  50.0	1.201555e-005	1.132931e+001
gly	 -20.0	  50.0	5.940493e-006	1.203372e+001
gly	 -10.0	  50.0	4.034568e-006	1.242061e+001
gly	   0.0	  50.0	5.207604e-006	1.216539e+001
gly	  10.0	  50.0	1.182974e-005	1.134489e+001
gly	  20.0	  50.0	3.578251e-005	1.023805e+001
gly	  30.0	  50.0	1.194667e-004	9.032473e+000
gly	  40.0	  50.0	3.685873e-004	7.905833e+000
gly	  50.0	  50.0	8.715922e-004	7.045189e+000
gly	  60.0	  50.0	1.383300e-003	6.583284e+000
gly	  70.0	  50.0	1.383093e-003	6.583433e+000
gly	  80.0	  50.0	8.827381e-004	7.032482e+000
gly	  90.0	  50.0	4.236907e-004	7.766507e+000
gly	 100.0	  50.0	2.032731e-004	8.500960e+000
gly	 110.0	  50.0	1.126404e-004	9.091311e+000
gly	 120.0	  50.0	7.072815e-005	9.556667e+000
gly	 130.0	  50.0	4.944993e-005	9.914550e+000
gly	 140.0	  50.0	3.772019e-005	1.018532e+001
gly	 150.0	  50.0	3.109493e-005	1.037847e+001
gly	 160.0	  50.0	2.847369e-005	1.046653e+001
gly	 170.0	  50.0	2.997545e-005	1.041513e+001
gly	-180.0	  60.0	3.252162e-005	1.033361e+001
gly	-170.0	  60.0	4.046293e-005	1.011512e+001
gly	-160.0	  60.0	5.121779e-005	9.879424e+000
gly	-150.0	  60.0	6.420952e-005	9.653359e+000
gly	-140.0	  60.0	7.911923e-005	9.444555e+000
gly	-130.0	  60.0	9.648848e-005	9.246087e+000
gly	-120.0	  60.0	1.178147e-004	9.046397e+000
gly	-110.0	  60.0	1.433947e-004	8.849910e+000
gly	-100.0	  60.0	1.677465e-004	8.693057e+000
gly	 -90.0	  60.0	1.791100e-004	8.627511e+000
gly	 -80.0	  60.0	1.677381e-004	8.693107e+000
gly	 -70.0	  60.0	1.348615e-004	8.911262e+000
gly	 -60.0	  60.0	9.241383e-005	9.289234e+000
gly	 -50.0	  60.0	5.429081e-005	9.821156e+000
gly	 -40.0	  60.0	2.796033e-005	1.048472e+001
gly	 -30.0	  60.0	1.326992e-005	1.123001e+001
gly	 -20.0	  60.0	6.526089e-006	1.193970e+001
gly	 -10.0	  60.0	4.355223e-006	1.234413e+001
gly	   0.0	  60.0	5.356720e-006	1.213716e+001
gly	  10.0	  60.0	1.098633e-005	1.141886e+001
gly	  20.0	  60.0	2.817967e-005	1.047691e+001
gly	  30.0	  60.0	7.600205e-005	9.484750e+000
gly	  40.0	  60.0	1.885302e-004	8.576252e+000
gly	  50.0	  60.0	3.710410e-004	7.899198e+000
gly	  60.0	  60.0	5.140730e-004	7.573145e+000
gly	  70.0	  60.0	4.790914e-004	7.643619e+000
gly	  80.0	  60.0	3.166227e-004	8.057800e+000
gly	  90.0	  60.0	1.782848e-004	8.632128e+000
gly	 100.0	  60.0	1.063367e-004	9.148900e+000
gly	 110.0	  60.0	7.049428e-005	9.559979e+000
gly	 120.0	  60.0	5.006556e-005	9.902177e+000
gly	 130.0	  60.0	3.800158e-005	1.017788e+001
gly	 140.0	  60.0	3.095588e-005	1.038295e+001
gly	 150.0	  60.0	2.713898e-005	1.051454e+001
gly	 160.0	  60.0	2.602060e-005	1.055662e+001
gly	 170.0	  60.0	2.772662e-005	1.049312e+001
gly	-180.0	  70.0	2.972433e-005	1.042354e+001
gly	-170.0	  70.0	3.499781e-005	1.026022e+001
gly	-160.0	  70.0	4.186128e-005	1.008115e+001
gly	-150.0	  70.0	4.980547e-005	9.907386e+000
gly	-140.0	  70.0	5.888923e-005	9.739852e+000
gly	-130.0	  70.0	7.051246e-005	9.559721e+000
gly	-120.0	  70.0	8.737740e-005	9.345274e+000
gly	-110.0	  70.0	1.110814e-004	9.105248e+000
gly	-100.0	  70.0	1.375182e-004	8.891754e+000
gly	 -90.0	  70.0	1.552948e-004	8.770185e+000
gly	 -80.0	  70.0	1.525455e-004	8.788047e+000
gly	 -70.0	  70.0	1.273220e-004	8.968791e+000
gly	 -60.0	  70.0	8.985686e-005	9.317293e+000
gly	 -50.0	  70.0	5.411159e-005	9.824462e+000
gly	 -40.0	  70.0	2.845850e-005	1.046706e+001
gly	 -30.0	  70.0	1.371170e-005	1.119726e+001
gly	 -20.0	  70.0	6.763923e-006	1.190391e+001
gly	 -10.0	  70.0	4.389585e-006	1.233628e+001
gly	   0.0	  70.0	4.959596e-006	1.221419e+001
gly	  10.0	  70.0	8.930199e-006	1.162607e+001
gly	  20.0	  70.0	1.942652e-005	1.084887e+001
gly	  30.0	  70.0	4.288771e-005	1.005693e+001
gly	  40.0	  70.0	8.610461e-005	9.359948e+000
gly	  50.0	  70.0	1.422094e-004	8.858210e+000
gly	  60.0	  70.0	1.781757e-004	8.632740e+000
gly	  70.0	  70.0	1.665152e-004	8.700424e+000
gly	  80.0	  70.0	1.257290e-004	8.981382e+000
gly	  90.0	  70.0	8.940636e-005	9.322319e+000
gly	 100.0	  70.0	6.627443e-005	9.621706e+000
gly	 110.0	  70.0	5.105724e-005	9.882563e+000
gly	 120.0	  70.0	4.042575e-005	1.011604e+001
gly	 130.0	  70.0	3.327004e-005	1.031085e+001
gly	 140.0	  70.0	2.871012e-005	1.045826e+001
gly	 150.0	  70.0	2.610916e-005	1.055322e+001
gly	 160.0	  70.0	2.531058e-005	1.058429e+001
gly	 170.0	  70.0	2.646455e-005	1.053970e+001
gly	-180.0	  80.0	2.900534e-005	1.044803e+001
gly	-170.0	  80.0	3.218948e-005	1.034387e+001
gly	-160.0	  80.0	3.647906e-005	1.021877e+001
gly	-150.0	  80.0	4.160052e-005	1.008740e+001
gly	-140.0	  80.0	4.799156e-005	9.944485e+000
gly	-130.0	  80.0	5.734799e-005	9.766373e+000
gly	-120.0	  80.0	7.225831e-005	9.535263e+000
gly	-110.0	  80.0	9.389915e-005	9.273289e+000
gly	-100.0	  80.0	1.183999e-004	9.041443e+000
gly	 -90.0	  80.0	1.359257e-004	8.903402e+000
gly	 -80.0	  80.0	1.362521e-004	8.901004e+000
gly	 -70.0	  80.0	1.170130e-004	9.053225e+000
gly	 -60.0	  80.0	8.575036e-005	9.364070e+000
gly	 -50.0	  80.0	5.386440e-005	9.829041e+000
gly	 -40.0	  80.0	2.940548e-005	1.043433e+001
gly	 -30.0	  80.0	1.447256e-005	1.114326e+001
gly	 -20.0	  80.0	7.080640e-006	1.185815e+001
gly	 -10.0	  80.0	4.324662e-006	1.235118e+001
gly	   0.0	  80.0	4.328402e-006	1.235031e+001
gly	  10.0	  80.0	6.741530e-006	1.190722e+001
gly	  20.0	  80.0	1.261039e-005	1.128099e+001
gly	  30.0	  80.0	2.374353e-005	1.064820e+001
gly	  40.0	  80.0	4.068799e-005	1.010958e+001
gly	  50.0	  80.0	5.935820e-005	9.731920e+000
gly	  60.0	  80.0	7.118082e-005	9.550287e+000
gly	  70.0	  80.0	7.153622e-005	9.545307e+000
gly	  80.0	  80.0	6.512270e-005	9.639237e+000
gly	  90.0	  80.0	5.815897e-005	9.752330e+000
gly	 100.0	  80.0	5.202449e-005	9.863796e+000
gly	 110.0	  80.0	4.604984e-005	9.985786e+000
gly	 120.0	  80.0	4.033542e-005	1.011828e+001
gly	 130.0	  80.0	3.538865e-005	1.024912e+001
gly	 140.0	  80.0	3.147064e-005	1.036646e+001
gly	 150.0	  80.0	2.869193e-005	1.045889e+001
gly	 160.0	  80.0	2.722954e-005	1.051121e+001
gly	 170.0	  80.0	2.730116e-005	1.050858e+001
gly	-180.0	  90.0	3.192731e-005	1.035205e+001
gly	-170.0	  90.0	3.354089e-005	1.030275e+001
gly	-160.0	  90.0	3.627013e-005	1.022452e+001
gly	-150.0	  90.0	3.995210e-005	1.012783e+001
gly	-140.0	  90.0	4.518902e-005	1.000466e+001
gly	-130.0	  90.0	5.359803e-005	9.833998e+000
gly	-120.0	  90.0	6.720086e-005	9.607825e+000
gly	-110.0	  90.0	8.653866e-005	9.354919e+000
gly	-100.0	  90.0	1.083203e-004	9.130418e+000
gly	 -90.0	  90.0	1.253071e-004	8.984743e+000
gly	 -80.0	  90.0	1.300706e-004	8.947433e+000
gly	 -70.0	  90.0	1.193849e-004	9.033158e+000
gly	 -60.0	  90.0	9.541906e-005	9.257232e+000
gly	 -50.0	  90.0	6.500618e-005	9.641028e+000
gly	 -40.0	  90.0	3.727965e-005	1.019706e+001
gly	 -30.0	  90.0	1.837293e-005	1.090463e+001
gly	 -20.0	  90.0	8.476712e-006	1.167819e+001
gly	 -10.0	  90.0	4.522579e-006	1.230643e+001
gly	   0.0	  90.0	3.768586e-006	1.248881e+001
gly	  10.0	  90.0	4.993432e-006	1.220739e+001
gly	  20.0	  90.0	8.168414e-006	1.171524e+001
gly	  30.0	  90.0	1.370674e-005	1.119762e+001
gly	  40.0	  90.0	2.148178e-005	1.074831e+001
gly	  50.0	  90.0	3.010573e-005	1.041079e+001
gly	  60.0	  90.0	3.767388e-005	1.018654e+001
gly	  70.0	  90.0	4.368112e-005	1.003859e+001
gly	  80.0	  90.0	4.908130e-005	9.922032e+000
gly	  90.0	  90.0	5.395155e-005	9.827424e+000
gly	 100.0	  90.0	5.669876e-005	9.777758e+000
gly	 110.0	  90.0	5.597607e-005	9.790586e+000
gly	 120.0	  90.0	5.218624e-005	9.860692e+000
gly	 130.0	  90.0	4.686442e-005	9.968252e+000
gly	 140.0	  90.0	4.142788e-005	1.009156e+001
gly	 150.0	  90.0	3.677532e-005	1.021068e+001
gly	 160.0	  90.0	3.346425e-005	1.030503e+001
gly	 170.0	  90.0	3.182539e-005	1.035525e+001
gly	-180.0	 100.0	4.063988e-005	1.011076e+001
gly	-170.0	 100.0	4.092473e-005	1.010378e+001
gly	-160.0	 100.0	4.270346e-005	1.006123e+001
gly	-150.0	 100.0	4.568203e-005	9.993806e+000
gly	-140.0	 100.0	5.049714e-005	9.893594e+000
gly	-130.0	 100.0	5.869648e-005	9.743131e+000
gly	-120.0	 100.0	7.193240e-005	9.539784e+000
gly	-110.0	 100.0	9.063106e-005	9.308714e+000
gly	-100.0	 100.0	1.130439e-004	9.087735e+000
gly	 -90.0	 100.0	1.359435e-004	8.903271e+000
gly	 -80.0	 100.0	1.555475e-004	8.768559e+000
gly	 -70.0	 100.0	1.644837e-004	8.712699e+000
gly	 -60.0	 100.0	1.507612e-004	8.799813e+000
gly	 -50.0	 100.0	1.118227e-004	9.098596e+000
gly	 -40.0	 100.0	6.508013e-005	9.639891e+000
gly	 -30.0	 100.0	3.042064e-005	1.040039e+001
gly	 -20.0	 100.0	1.244021e-005	1.129458e+001
gly	 -10.0	 100.0	5.394466e-006	1.213014e+001
gly	   0.0	 100.0	3.464334e-006	1.257299e+001
gly	  10.0	 100.0	3.790062e-006	1.248313e+001
gly	  20.0	 100.0	5.515314e-006	1.210798e+001
gly	  30.0	 100.0	8.608021e-006	1.166282e+001
gly	  40.0	 100.0	1.318956e-005	1.123608e+001
gly	  50.0	 100.0	1.939587e-005	1.085045e+001
gly	  60.0	 100.0	2.778462e-005	1.049103e+001
gly	  70.0	 100.0	3.952882e-005	1.013848e+001
gly	  80.0	 100.0	5.508555e-005	9.806623e+000
gly	  90.0	 100.0	7.187155e-005	9.540630e+000
gly	 100.0	 100.0	8.432481e-005	9.380834e+000
gly	 110.0	 100.0	8.801444e-005	9.338010e+000
gly	 120.0	 100.0	8.327871e-005	9.393318e+000
gly	 130.0	 100.0	7.387168e-005	9.513181e+000
gly	 140.0	 100.0	6.344113e-005	9.665398e+000
gly	 150.0	 100.0	5.413387e-005	9.824051e+000
gly	 160.0	 100.0	4.700796e-005	9.965194e+000
gly	 170.0	 100.0	4.251504e-005	1.006565e+001
gly	-180.0	 110.0	5.905826e-005	9.736986e+000
gly	-170.0	 110.0	5.795063e-005	9.755919e+000
gly	-160.0	 110.0	5.898840e-005	9.738170e+000
gly	-150.0	 110.0	6.142267e-005	9.697732e+000
gly	-140.0	 110.0	6.595547e-005	9.626531e+000
gly	-130.0	 110.0	7.439866e-005	9.506073e+000
gly	-120.0	 110.0	8.867323e-005	9.330553e+000
gly	-110.0	 110.0	1.103374e-004	9.111968e+000
gly	-100.0	 110.0	1.417902e-004	8.861162e+000
gly	 -90.0	 110.0	1.887074e-004	8.575313e+000
gly	 -80.0	 110.0	2.551801e-004	8.273541e+000
gly	 -70.0	 110.0	3.195247e-004	8.048676e+000
gly	 -60.0	 110.0	3.254659e-004	8.030253e+000
gly	 -50.0	 110.0	2.471974e-004	8.305323e+000
gly	 -40.0	 110.0	1.373141e-004	8.893240e+000
gly	 -30.0	 110.0	5.799782e-005	9.755105e+000
gly	 -20.0	 110.0	2.040545e-005	1.079971e+001
gly	 -10.0	 110.0	7.111309e-006	1.185382e+001
gly	   0.0	 110.0	3.421164e-006	1.258553e+001
gly	  10.0	 110.0	3.003069e-006	1.271588e+001
gly	  20.0	 110.0	3.952551e-006	1.244115e+001
gly	  30.0	 110.0	5.997244e-006	1.202421e+001
gly	  40.0	 110.0	9.587142e-006	1.155509e+001
gly	  50.0	 110.0	1.601572e-005	1.104194e+001
gly	  60.0	 110.0	2.802641e-005	1.048236e+001
gly	  70.0	 110.0	4.962185e-005	9.911079e+000
gly	  80.0	 110.0	8.272847e-005	9.399947e+000
gly	  90.0	 110.0	1.212609e-004	9.017566e+000
gly	 100.0	 110.0	1.508733e-004	8.799070e+000
gly	 110.0	 110.0	1.599566e-004	8.740608e+000
gly	 120.0	 110.0	1.494567e-004	8.808504e+000
gly	 130.0	 110.0	1.288562e-004	8.956813e+000
gly	 140.0	 110.0	1.067680e-004	9.144852e+000
gly	 150.0	 110.0	8.764337e-005	9.342235e+000
gly	 160.0	 110.0	7.317142e-005	9.522706e+000
gly	 170.0	 110.0	6.376269e-005	9.660342e+000
gly	-180.0	 120.0	9.599214e-005	9.251244e+000
gly	-170.0	 120.0	9.340962e-005	9.278516e+000
gly	-160.0	 120.0	9.328768e-005	9.279823e+000
gly	-150.0	 120.0	9.423189e-005	9.269752e+000
gly	-140.0	 120.0	9.753838e-005	9.235265e+000
gly	-130.0	 120.0	1.061065e-004	9.151067e+000
gly	-120.0	 120.0	1.233280e-004	9.000663e+000
gly	-110.0	 120.0	1.544766e-004	8.775468e+000
gly	-100.0	 120.0	2.131480e-004	8.453524e+000
gly	 -90.0	 120.0	3.296947e-004	8.017344e+000
gly	 -80.0	 120.0	5.293826e-004	7.543799e+000
gly	 -70.0	 120.0	7.406391e-004	7.207997e+000
gly	 -60.0	 120.0	7.751059e-004	7.162511e+000
gly	 -50.0	 120.0	5.656283e-004	7.477573e+000
gly	 -40.0	 120.0	2.876988e-004	8.153597e+000
gly	 -30.0	 120.0	1.073359e-004	9.139548e+000
gly	 -20.0	 120.0	3.230959e-005	1.034015e+001
gly	 -10.0	 120.0	9.236416e-006	1.159236e+001
gly	   0.0	 120.0	3.442849e-006	1.257921e+001
gly	  10.0	 120.0	2.439248e-006	1.292382e+001
gly	  20.0	 120.0	2.959817e-006	1.273038e+001
gly	  30.0	 120.0	4.551016e-006	1.230016e+001
gly	  40.0	 120.0	8.051785e-006	1.172962e+001
gly	  50.0	 120.0	1.623762e-005	1.102818e+001
gly	  60.0	 120.0	3.565635e-005	1.024158e+001
gly	  70.0	 120.0	7.682632e-005	9.473963e+000
gly	  80.0	 120.0	1.458621e-004	8.832849e+000
gly	  90.0	 120.0	2.284309e-004	8.384277e+000
gly	 100.0	 120.0	2.900639e-004	8.145409e+000
gly	 110.0	 120.0	3.052277e-004	8.094453e+000
gly	 120.0	 120.0	2.786973e-004	8.185384e+000
gly	 130.0	 120.0	2.329249e-004	8.364795e+000
gly	 140.0	 120.0	1.866436e-004	8.586310e+000
gly	 150.0	 120.0	1.486281e-004	8.814064e+000
gly	 160.0	 120.0	1.212881e-004	9.017342e+000
gly	 170.0	 120.0	1.042968e-004	9.168270e+000
gly	-180.0	 130.0	1.721351e-004	8.667231e+000
gly	-170.0	 130.0	1.684048e-004	8.689140e+000
gly	-160.0	 130.0	1.645081e-004	8.712551e+000
gly	-150.0	 130.0	1.594730e-004	8.743636e+000
gly	-140.0	 130.0	1.574394e-004	8.756470e+000
gly	-130.0	 130.0	1.642709e-004	8.713994e+000
gly	-120.0	 130.0	1.868722e-004	8.585086e+000
gly	-110.0	 130.0	2.390138e-004	8.338989e+000
gly	-100.0	 130.0	3.613658e-004	7.925620e+000
gly	 -90.0	 130.0	6.456211e-004	7.345298e+000
gly	 -80.0	 130.0	1.155487e-003	6.763233e+000
gly	 -70.0	 130.0	1.658427e-003	6.401885e+000
gly	 -60.0	 130.0	1.665324e-003	6.397736e+000
gly	 -50.0	 130.0	1.119909e-003	6.794508e+000
gly	 -40.0	 130.0	5.119134e-004	7.577355e+000
gly	 -30.0	 130.0	1.684377e-004	8.688945e+000
gly	 -20.0	 130.0	4.389802e-005	1.003364e+001
gly	 -10.0	 130.0	1.058882e-005	1.145571e+001
gly	   0.0	 130.0	3.234152e-006	1.264174e+001
gly	  10.0	 130.0	1.942993e-006	1.315128e+001
gly	  20.0	 130.0	2.240282e-006	1.300891e+001
gly	  30.0	 130.0	3.634251e-006	1.252511e+001
gly	  40.0	 130.0	7.578248e-006	1.179023e+001
gly	  50.0	 130.0	1.951342e-005	1.084441e+001
gly	  60.0	 130.0	5.406126e-005	9.825393e+000
gly	  70.0	 130.0	1.362340e-004	8.901137e+000
gly	  80.0	 130.0	2.789378e-004	8.184522e+000
gly	  90.0	 130.0	4.438594e-004	7.720003e+000
gly	 100.0	 130.0	5.543549e-004	7.497705e+000
gly	 110.0	 130.0	5.678755e-004	7.473608e+000
gly	 120.0	 130.0	5.047751e-004	7.591398e+000
gly	 130.0	 130.0	4.110410e-004	7.796818e+000
gly	 140.0	 130.0	3.217362e-004	8.041779e+000
gly	 150.0	 130.0	2.528378e-004	8.282763e+000
gly	 160.0	 130.0	2.074270e-004	8.480731e+000
gly	 170.0	 130.0	1.824723e-004	8.608912e+000
gly	-180.0	 140.0	3.281613e-004	8.022005e+000
gly	-170.0	 140.0	3.235123e-004	8.036273e+000
gly	-160.0	 140.0	3.068805e-004	8.089052e+000
gly	-150.0	 140.0	2.826985e-004	8.171130e+000
gly	-140.0	 140.0	2.641946e-004	8.238825e+000
gly	-130.0	 140.0	2.639163e-004	8.239879e+000
gly	-120.0	 140.0	2.954829e-004	8.126900e+000
gly	-110.0	 140.0	3.893676e-004	7.850987e+000
gly	-100.0	 140.0	6.389517e-004	7.355682e+000
gly	 -90.0	 140.0	1.240617e-003	6.692146e+000
gly	 -80.0	 140.0	2.261194e-003	6.091862e+000
gly	 -70.0	 140.0	3.085360e-003	5.781087e+000
gly	 -60.0	 140.0	2.818766e-003	5.871456e+000
gly	 -50.0	 140.0	1.691650e-003	6.382051e+000
gly	 -40.0	 140.0	6.873609e-004	7.282651e+000
gly	 -30.0	 140.0	2.011341e-004	8.511539e+000
gly	 -20.0	 140.0	4.653070e-005	9.975398e+000
gly	 -10.0	 140.0	9.859745e-006	1.152705e+001
gly	   0.0	 140.0	2.638117e-006	1.284544e+001
gly	  10.0	 140.0	1.458254e-006	1.343827e+001
gly	  20.0	 140.0	1.677827e-006	1.329801e+001
gly	  30.0	 140.0	3.043845e-006	1.270239e+001
gly	  40.0	 140.0	8.161144e-006	1.171613e+001
gly	  50.0	 140.0	2.797374e-005	1.048424e+001
gly	  60.0	 140.0	9.508389e-005	9.260751e+000
gly	  70.0	 140.0	2.654756e-004	8.233988e+000
gly	  80.0	 140.0	5.547054e-004	7.497073e+000
gly	  90.0	 140.0	8.514349e-004	7.068588e+000
gly	 100.0	 140.0	1.000944e-003	6.906812e+000
gly	 110.0	 140.0	9.724118e-004	6.935731e+000
gly	 120.0	 140.0	8.370392e-004	7.085640e+000
gly	 130.0	 140.0	6.702401e-004	7.307875e+000
gly	 140.0	 140.0	5.220435e-004	7.557760e+000
gly	 150.0	 140.0	4.165460e-004	7.783514e+000
gly	 160.0	 140.0	3.567247e-004	7.938546e+000
gly	 170.0	 140.0	3.327341e-004	8.008167e+000
gly	-180.0	 150.0	6.140623e-004	7.395414e+000
gly	-170.0	 150.0	6.063744e-004	7.408013e+000
gly	-160.0	 150.0	5.577164e-004	7.491660e+000
gly	-150.0	 150.0	4.894513e-004	7.622225e+000
gly	-140.0	 150.0	4.355479e-004	7.738906e+000
gly	-130.0	 150.0	4.210028e-004	7.772871e+000
gly	-120.0	 150.0	4.709272e-004	7.660807e+000
gly	-110.0	 150.0	6.459217e-004	7.344832e+000
gly	-100.0	 150.0	1.115278e-003	6.798651e+000
gly	 -90.0	 150.0	2.152990e-003	6.140898e+000
gly	 -80.0	 150.0	3.641573e-003	5.615340e+000
gly	 -70.0	 150.0	4.428089e-003	5.419787e+000
gly	 -60.0	 150.0	3.526615e-003	5.647417e+000
gly	 -50.0	 150.0	1.832530e-003	6.302058e+000
gly	 -40.0	 150.0	6.521753e-004	7.335197e+000
gly	 -30.0	 150.0	1.707677e-004	8.675206e+000
gly	 -20.0	 150.0	3.605257e-005	1.023053e+001
gly	 -10.0	 150.0	7.058157e-006	1.186133e+001
gly	   0.0	 150.0	1.805831e-006	1.322449e+001
gly	  10.0	 150.0	1.023357e-006	1.379242e+001
gly	  20.0	 150.0	1.259334e-006	1.358493e+001
gly	  30.0	 150.0	2.817018e-006	1.277983e+001
gly	  40.0	 150.0	1.057779e-005	1.145675e+001
gly	  50.0	 150.0	4.744791e-005	9.955878e+000
gly	  60.0	 150.0	1.869639e-004	8.584595e+000
gly	  70.0	 150.0	5.495213e-004	7.506463e+000
gly	  80.0	 150.0	1.120417e-003	6.794055e+000
gly	  90.0	 150.0	1.583604e-003	6.448052e+000
gly	 100.0	 150.0	1.668143e-003	6.396044e+000
gly	 110.0	 150.0	1.480672e-003	6.515259e+000
gly	 120.0	 150.0	1.220020e-003	6.708888e+000
gly	 130.0	 150.0	9.702195e-004	6.937988e+000
gly	 140.0	 150.0	7.701212e-004	7.168963e+000
gly	 150.0	 150.0	6.448322e-004	7.346520e+000
gly	 160.0	 150.0	5.947619e-004	7.427349e+000
gly	 170.0	 150.0	5.969103e-004	7.423744e+000
gly	-180.0	 160.0	1.030893e-003	6.877330e+000
gly	-170.0	 160.0	1.013861e-003	6.893990e+000
gly	-160.0	 160.0	9.089421e-004	7.003229e+000
gly	-150.0	 160.0	7.701497e-004	7.168926e+000
gly	-140.0	 160.0	6.653319e-004	7.315225e+000
gly	-130.0	 160.0	6.371971e-004	7.358432e+000
gly	-120.0	 160.0	7.266810e-004	7.227023e+000
gly	-110.0	 160.0	1.039391e-003	6.869120e+000
gly	-100.0	 160.0	1.817913e-003	6.310066e+000
gly	 -90.0	 160.0	3.254302e-003	5.727778e+000
gly	 -80.0	 160.0	4.766015e-003	5.346245e+000
gly	 -70.0	 160.0	4.901532e-003	5.318207e+000
gly	 -60.0	 160.0	3.289243e-003	5.717098e+000
gly	 -50.0	 160.0	1.442034e-003	6.541701e+000
gly	 -40.0	 160.0	4.404438e-004	7.727728e+000
gly	 -30.0	 160.0	1.027839e-004	9.182881e+000
gly	 -20.0	 160.0	2.020330e-005	1.080966e+001
gly	 -10.0	 160.0	3.858448e-006	1.246525e+001
gly	   0.0	 160.0	1.064030e-006	1.375345e+001
gly	  10.0	 160.0	7.018355e-007	1.416957e+001
gly	  20.0	 160.0	1.016135e-006	1.379950e+001
gly	  30.0	 160.0	3.222928e-006	1.264522e+001
gly	  40.0	 160.0	1.716474e-005	1.097265e+001
gly	  50.0	 160.0	9.276041e-005	9.285491e+000
gly	  60.0	 160.0	3.925757e-004	7.842781e+000
gly	  70.0	 160.0	1.146539e-003	6.771007e+000
gly	  80.0	 160.0	2.184610e-003	6.126318e+000
gly	  90.0	 160.0	2.750291e-003	5.896049e+000
gly	 100.0	 160.0	2.511755e-003	5.986774e+000
gly	 110.0	 160.0	1.972369e-003	6.228520e+000
gly	 120.0	 160.0	1.534450e-003	6.479583e+000
gly	 130.0	 160.0	1.222436e-003	6.706910e+000
gly	 140.0	 160.0	1.010745e-003	6.897068e+000
gly	 150.0	 160.0	9.089078e-004	7.003267e+000
gly	 160.0	 160.0	9.109045e-004	7.001072e+000
gly	 170.0	 160.0	9.743610e-004	6.933729e+000
gly	-180.0	 170.0	1.451964e-003	6.534838e+000
gly	-170.0	 170.0	1.417649e-003	6.558755e+000
gly	-160.0	 170.0	1.248164e-003	6.686082e+000
gly	-150.0	 170.0	1.037854e-003	6.870600e+000
gly	-140.0	 170.0	8.911060e-004	7.023047e+000
gly	-130.0	 170.0	8.678979e-004	7.049437e+000
gly	-120.0	 170.0	1.024934e-003	6.883127e+000
gly	-110.0	 170.0	1.512976e-003	6.493677e+000
gly	-100.0	 170.0	2.592501e-003	5.955132e+000
gly	 -90.0	 170.0	4.176567e-003	5.478266e+000
gly	 -80.0	 170.0	5.182872e-003	5.262396e+000
gly	 -70.0	 170.0	4.415945e-003	5.422533e+000
gly	 -60.0	 170.0	2.458295e-003	6.008287e+000
gly	 -50.0	 170.0	9.001574e-004	7.012941e+000
gly	 -40.0	 170.0	2.328113e-004	8.365282e+000
gly	 -30.0	 170.0	4.778592e-005	9.948780e+000
gly	 -20.0	 170.0	8.783954e-006	1.164258e+001
gly	 -10.0	 170.0	1.740010e-006	1.326162e+001
gly	   0.0	 170.0	6.102996e-007	1.430932e+001
gly	  10.0	 170.0	5.345456e-007	1.444185e+001
gly	  20.0	 170.0	1.087316e-006	1.373180e+001
gly	  30.0	 170.0	5.379218e-006	1.213297e+001
gly	  40.0	 170.0	3.530265e-005	1.025155e+001
gly	  50.0	 170.0	1.990290e-004	8.522060e+000
gly	  60.0	 170.0	8.158491e-004	7.111281e+000
gly	  70.0	 170.0	2.204868e-003	6.117088e+000
gly	  80.0	 170.0	3.748195e-003	5.586481e+000
gly	  90.0	 170.0	4.104733e-003	5.495614e+000
gly	 100.0	 170.0	3.235597e-003	5.733542e+000
gly	 110.0	 170.0	2.248347e-003	6.097560e+000
gly	 120.0	 170.0	1.653801e-003	6.404679e+000
gly	 130.0	 170.0	1.332741e-003	6.620517e+000
gly	 140.0	 170.0	1.164223e-003	6.755701e+000
gly	 150.0	 170.0	1.129337e-003	6.786124e+000
gly	 160.0	 170.0	1.213068e-003	6.714602e+000
gly	 170.0	 170.0	1.353997e-003	6.604694e+000
