his	-180.0	-180.0	5.514376e-004	7.502982e+000
his	-170.0	-180.0	1.345148e-003	6.611251e+000
his	-160.0	-180.0	2.290012e-003	6.079198e+000
his	-150.0	-180.0	2.722194e-003	5.906317e+000
his	-140.0	-180.0	2.427064e-003	6.021073e+000
his	-130.0	-180.0	1.846874e-003	6.294261e+000
his	-120.0	-180.0	1.368395e-003	6.594117e+000
his	-110.0	-180.0	1.101389e-003	6.811183e+000
his	-100.0	-180.0	1.118176e-003	6.796057e+000
his	 -90.0	-180.0	1.368952e-003	6.593710e+000
his	 -80.0	-180.0	1.495450e-003	6.505328e+000
his	 -70.0	-180.0	1.191336e-003	6.732680e+000
his	 -60.0	-180.0	6.497061e-004	7.338991e+000
his	 -50.0	-180.0	2.423078e-004	8.325302e+000
his	 -40.0	-180.0	6.642593e-005	9.619423e+000
his	 -30.0	-180.0	1.625226e-005	1.102728e+001
his	 -20.0	-180.0	4.780814e-006	1.225090e+001
his	 -10.0	-180.0	2.601517e-006	1.285942e+001
his	   0.0	-180.0	3.111840e-006	1.268030e+001
his	  10.0	-180.0	4.933774e-006	1.221941e+001
his	  20.0	-180.0	7.699949e-006	1.177430e+001
his	  30.0	-180.0	1.099657e-005	1.141793e+001
his	  40.0	-180.0	1.407347e-005	1.117122e+001
his	  50.0	-180.0	1.603430e-005	1.104078e+001
his	  60.0	-180.0	1.630671e-005	1.102393e+001
his	  70.0	-180.0	1.498159e-005	1.110869e+001
his	  80.0	-180.0	1.271190e-005	1.127297e+001
his	  90.0	-180.0	1.029173e-005	1.148417e+001
his	 100.0	-180.0	8.293011e-006	1.170010e+001
his	 110.0	-180.0	6.978329e-006	1.187270e+001
his	 120.0	-180.0	6.447280e-006	1.195185e+001
his	 130.0	-180.0	6.945970e-006	1.187735e+001
his	 140.0	-180.0	9.542572e-006	1.155975e+001
his	 150.0	-180.0	1.847499e-005	1.089909e+001
his	 160.0	-180.0	5.121512e-005	9.879476e+000
his	 170.0	-180.0	1.732194e-004	8.660951e+000
his	-180.0	-170.0	2.590431e-004	8.258516e+000
his	-170.0	-170.0	5.849200e-004	7.444035e+000
his	-160.0	-170.0	9.493581e-004	6.959725e+000
his	-150.0	-170.0	1.106206e-003	6.806819e+000
his	-140.0	-170.0	9.896594e-004	6.918150e+000
his	-130.0	-170.0	7.614134e-004	7.180334e+000
his	-120.0	-170.0	5.683191e-004	7.472828e+000
his	-110.0	-170.0	4.638760e-004	7.675893e+000
his	-100.0	-170.0	4.696716e-004	7.663477e+000
his	 -90.0	-170.0	5.419482e-004	7.520340e+000
his	 -80.0	-170.0	5.443135e-004	7.515985e+000
his	 -70.0	-170.0	4.030869e-004	7.816358e+000
his	 -60.0	-170.0	2.114491e-004	8.461526e+000
his	 -50.0	-170.0	8.078523e-005	9.423716e+000
his	 -40.0	-170.0	2.501469e-005	1.059605e+001
his	 -30.0	-170.0	7.764060e-006	1.176601e+001
his	 -20.0	-170.0	3.349315e-006	1.260675e+001
his	 -10.0	-170.0	3.026125e-006	1.270823e+001
his	   0.0	-170.0	4.676150e-006	1.227304e+001
his	  10.0	-170.0	7.914340e-006	1.174683e+001
his	  20.0	-170.0	1.258415e-005	1.128307e+001
his	  30.0	-170.0	1.805280e-005	1.092221e+001
his	  40.0	-170.0	2.299602e-005	1.068019e+001
his	  50.0	-170.0	2.584476e-005	1.056340e+001
his	  60.0	-170.0	2.566949e-005	1.057021e+001
his	  70.0	-170.0	2.276600e-005	1.069024e+001
his	  80.0	-170.0	1.840088e-005	1.090311e+001
his	  90.0	-170.0	1.399522e-005	1.117679e+001
his	 100.0	-170.0	1.047274e-005	1.146673e+001
his	 110.0	-170.0	8.143001e-006	1.171835e+001
his	 120.0	-170.0	6.960844e-006	1.187521e+001
his	 130.0	-170.0	6.896622e-006	1.188448e+001
his	 140.0	-170.0	8.420117e-006	1.168489e+001
his	 150.0	-170.0	1.374861e-005	1.119457e+001
his	 160.0	-170.0	3.154857e-005	1.036398e+001
his	 170.0	-170.0	9.115465e-005	9.302953e+000
his	-180.0	-160.0	9.912242e-005	9.219155e+000
his	-170.0	-160.0	2.042377e-004	8.496226e+000
his	-160.0	-160.0	3.197750e-004	8.047893e+000
his	-150.0	-160.0	3.762026e-004	7.885383e+000
his	-140.0	-160.0	3.508487e-004	7.955156e+000
his	-130.0	-160.0	2.857024e-004	8.160560e+000
his	-120.0	-160.0	2.273204e-004	8.389150e+000
his	-110.0	-160.0	1.953368e-004	8.540785e+000
his	-100.0	-160.0	1.921378e-004	8.557298e+000
his	 -90.0	-160.0	1.995368e-004	8.519512e+000
his	 -80.0	-160.0	1.823408e-004	8.609633e+000
his	 -70.0	-160.0	1.295281e-004	8.951613e+000
his	 -60.0	-160.0	6.958419e-005	9.572973e+000
his	 -50.0	-160.0	2.960522e-005	1.042756e+001
his	 -40.0	-160.0	1.121743e-005	1.139804e+001
his	 -30.0	-160.0	4.632011e-006	1.228252e+001
his	 -20.0	-160.0	3.049045e-006	1.270068e+001
his	 -10.0	-160.0	3.977522e-006	1.243485e+001
his	   0.0	-160.0	6.928145e-006	1.187992e+001
his	  10.0	-160.0	1.207457e-005	1.132441e+001
his	  20.0	-160.0	1.938057e-005	1.085124e+001
his	  30.0	-160.0	2.785280e-005	1.048858e+001
his	  40.0	-160.0	3.533293e-005	1.025070e+001
his	  50.0	-160.0	3.930179e-005	1.014424e+001
his	  60.0	-160.0	3.835632e-005	1.016859e+001
his	  70.0	-160.0	3.312932e-005	1.031509e+001
his	  80.0	-160.0	2.578471e-005	1.056573e+001
his	  90.0	-160.0	1.862188e-005	1.089117e+001
his	 100.0	-160.0	1.302674e-005	1.124851e+001
his	 110.0	-160.0	9.340833e-006	1.158112e+001
his	 120.0	-160.0	7.308647e-006	1.182645e+001
his	 130.0	-160.0	6.581294e-006	1.193128e+001
his	 140.0	-160.0	7.106541e-006	1.185449e+001
his	 150.0	-160.0	9.674972e-006	1.154597e+001
his	 160.0	-160.0	1.756879e-005	1.094939e+001
his	 170.0	-160.0	4.078514e-005	1.010719e+001
his	-180.0	-150.0	3.489754e-005	1.026309e+001
his	-170.0	-150.0	6.431816e-005	9.651668e+000
his	-160.0	-150.0	9.713426e-005	9.239416e+000
his	-150.0	-150.0	1.171090e-004	9.052406e+000
his	-140.0	-150.0	1.176461e-004	9.047829e+000
his	-130.0	-150.0	1.075974e-004	9.137114e+000
his	-120.0	-150.0	9.812116e-005	9.229308e+000
his	-110.0	-150.0	9.305405e-005	9.282330e+000
his	-100.0	-150.0	9.066018e-005	9.308392e+000
his	 -90.0	-150.0	8.534333e-005	9.368828e+000
his	 -80.0	-150.0	7.101602e-005	9.552605e+000
his	 -70.0	-150.0	4.888770e-005	9.925985e+000
his	 -60.0	-150.0	2.747997e-005	1.050205e+001
his	 -50.0	-150.0	1.316784e-005	1.123773e+001
his	 -40.0	-150.0	5.977220e-006	1.202756e+001
his	 -30.0	-150.0	3.279718e-006	1.262775e+001
his	 -20.0	-150.0	3.206323e-006	1.265039e+001
his	 -10.0	-150.0	5.190096e-006	1.216876e+001
his	   0.0	-150.0	9.537162e-006	1.156031e+001
his	  10.0	-150.0	1.684419e-005	1.099150e+001
his	  20.0	-150.0	2.715188e-005	1.051406e+001
his	  30.0	-150.0	3.902213e-005	1.015138e+001
his	  40.0	-150.0	4.931914e-005	9.917198e+000
his	  50.0	-150.0	5.443762e-005	9.818455e+000
his	  60.0	-150.0	5.246955e-005	9.855278e+000
his	  70.0	-150.0	4.448764e-005	1.002030e+001
his	  80.0	-150.0	3.371551e-005	1.029755e+001
his	  90.0	-150.0	2.344859e-005	1.066070e+001
his	 100.0	-150.0	1.556559e-005	1.107045e+001
his	 110.0	-150.0	1.041193e-005	1.147256e+001
his	 120.0	-150.0	7.486988e-006	1.180234e+001
his	 130.0	-150.0	6.129772e-006	1.200235e+001
his	 140.0	-150.0	5.903745e-006	1.203992e+001
his	 150.0	-150.0	6.821687e-006	1.189540e+001
his	 160.0	-150.0	9.776166e-006	1.153556e+001
his	 170.0	-150.0	1.750658e-005	1.095293e+001
his	-180.0	-140.0	1.413075e-005	1.116716e+001
his	-170.0	-140.0	2.281123e-005	1.068826e+001
his	-160.0	-140.0	3.307469e-005	1.031674e+001
his	-150.0	-140.0	4.157141e-005	1.008810e+001
his	-140.0	-140.0	4.671505e-005	9.971444e+000
his	-130.0	-140.0	4.968210e-005	9.909866e+000
his	-120.0	-140.0	5.169547e-005	9.870140e+000
his	-110.0	-140.0	5.231665e-005	9.858196e+000
his	-100.0	-140.0	5.021387e-005	9.899219e+000
his	 -90.0	-140.0	4.418225e-005	1.002719e+001
his	 -80.0	-140.0	3.433111e-005	1.027946e+001
his	 -70.0	-140.0	2.295118e-005	1.068214e+001
his	 -60.0	-140.0	1.322466e-005	1.123343e+001
his	 -50.0	-140.0	6.869338e-006	1.188844e+001
his	 -40.0	-140.0	3.666256e-006	1.251634e+001
his	 -30.0	-140.0	2.726305e-006	1.281256e+001
his	 -20.0	-140.0	3.547070e-006	1.254939e+001
his	 -10.0	-140.0	6.320729e-006	1.197168e+001
his	   0.0	-140.0	1.182758e-005	1.134508e+001
his	  10.0	-140.0	2.096565e-005	1.077263e+001
his	  20.0	-140.0	3.380957e-005	1.029477e+001
his	  30.0	-140.0	4.851488e-005	9.933640e+000
his	  40.0	-140.0	6.109812e-005	9.703029e+000
his	  50.0	-140.0	6.704531e-005	9.610142e+000
his	  60.0	-140.0	6.406817e-005	9.655563e+000
his	  70.0	-140.0	5.366710e-005	9.832710e+000
his	  80.0	-140.0	3.998674e-005	1.012696e+001
his	  90.0	-140.0	2.714663e-005	1.051426e+001
his	 100.0	-140.0	1.740282e-005	1.095888e+001
his	 110.0	-140.0	1.107343e-005	1.141096e+001
his	 120.0	-140.0	7.445291e-006	1.180793e+001
his	 130.0	-140.0	5.623136e-006	1.208862e+001
his	 140.0	-140.0	4.943836e-006	1.221737e+001
his	 150.0	-140.0	5.089867e-006	1.218826e+001
his	 160.0	-140.0	6.149860e-006	1.199908e+001
his	 170.0	-140.0	8.773030e-006	1.164383e+001
his	-180.0	-130.0	8.631273e-006	1.166012e+001
his	-170.0	-130.0	1.274129e-005	1.127066e+001
his	-160.0	-130.0	1.806718e-005	1.092141e+001
his	-150.0	-130.0	2.374455e-005	1.064816e+001
his	-140.0	-130.0	2.892161e-005	1.045092e+001
his	-130.0	-130.0	3.297167e-005	1.031986e+001
his	-120.0	-130.0	3.521332e-005	1.025409e+001
his	-110.0	-130.0	3.496343e-005	1.026121e+001
his	-100.0	-130.0	3.190430e-005	1.035277e+001
his	 -90.0	-130.0	2.635722e-005	1.054377e+001
his	 -80.0	-130.0	1.941690e-005	1.084937e+001
his	 -70.0	-130.0	1.267679e-005	1.127574e+001
his	 -60.0	-130.0	7.462074e-006	1.180568e+001
his	 -50.0	-130.0	4.235344e-006	1.237205e+001
his	 -40.0	-130.0	2.748899e-006	1.280431e+001
his	 -30.0	-130.0	2.634653e-006	1.284676e+001
his	 -20.0	-130.0	3.875196e-006	1.246091e+001
his	 -10.0	-130.0	7.001135e-006	1.186944e+001
his	   0.0	-130.0	1.302457e-005	1.124867e+001
his	  10.0	-130.0	2.297936e-005	1.068091e+001
his	  20.0	-130.0	3.693252e-005	1.020642e+001
his	  30.0	-130.0	5.282433e-005	9.848539e+000
his	  40.0	-130.0	6.627727e-005	9.621664e+000
his	  50.0	-130.0	7.240111e-005	9.533289e+000
his	  60.0	-130.0	6.880528e-005	9.584230e+000
his	  70.0	-130.0	5.724131e-005	9.768235e+000
his	  80.0	-130.0	4.227537e-005	1.007131e+001
his	  90.0	-130.0	2.835622e-005	1.047066e+001
his	 100.0	-130.0	1.785648e-005	1.093314e+001
his	 110.0	-130.0	1.104908e-005	1.141316e+001
his	 120.0	-130.0	7.120489e-006	1.185253e+001
his	 130.0	-130.0	5.086416e-006	1.218894e+001
his	 140.0	-130.0	4.214426e-006	1.237700e+001
his	 150.0	-130.0	4.102765e-006	1.240385e+001
his	 160.0	-130.0	4.649397e-006	1.227877e+001
his	 170.0	-130.0	6.029769e-006	1.201880e+001
his	-180.0	-120.0	7.942390e-006	1.174330e+001
his	-170.0	-120.0	1.167794e-005	1.135781e+001
his	-160.0	-120.0	1.659935e-005	1.100615e+001
his	-150.0	-120.0	2.207958e-005	1.072086e+001
his	-140.0	-120.0	2.705625e-005	1.051759e+001
his	-130.0	-120.0	3.034330e-005	1.040293e+001
his	-120.0	-120.0	3.106081e-005	1.037956e+001
his	-110.0	-120.0	2.900626e-005	1.044800e+001
his	-100.0	-120.0	2.470311e-005	1.060858e+001
his	 -90.0	-120.0	1.914925e-005	1.086325e+001
his	 -80.0	-120.0	1.349755e-005	1.121300e+001
his	 -70.0	-120.0	8.732138e-006	1.164850e+001
his	 -60.0	-120.0	5.384955e-006	1.213190e+001
his	 -50.0	-120.0	3.473565e-006	1.257033e+001
his	 -40.0	-120.0	2.721511e-006	1.281432e+001
his	 -30.0	-120.0	2.905614e-006	1.274887e+001
his	 -20.0	-120.0	4.153241e-006	1.239162e+001
his	 -10.0	-120.0	7.087931e-006	1.185712e+001
his	   0.0	-120.0	1.274679e-005	1.127023e+001
his	  10.0	-120.0	2.212990e-005	1.071858e+001
his	  20.0	-120.0	3.527098e-005	1.025245e+001
his	  30.0	-120.0	5.017602e-005	9.899973e+000
his	  40.0	-120.0	6.269460e-005	9.677235e+000
his	  50.0	-120.0	6.825687e-005	9.592232e+000
his	  60.0	-120.0	6.469315e-005	9.645855e+000
his	  70.0	-120.0	5.371702e-005	9.831781e+000
his	  80.0	-120.0	3.962773e-005	1.013598e+001
his	  90.0	-120.0	2.656216e-005	1.053602e+001
his	 100.0	-120.0	1.669918e-005	1.100015e+001
his	 110.0	-120.0	1.027095e-005	1.148619e+001
his	 120.0	-120.0	6.518316e-006	1.194089e+001
his	 130.0	-120.0	4.538621e-006	1.230289e+001
his	 140.0	-120.0	3.670826e-006	1.251509e+001
his	 150.0	-120.0	3.562440e-006	1.254506e+001
his	 160.0	-120.0	4.128643e-006	1.239756e+001
his	 170.0	-120.0	5.499809e-006	1.211080e+001
his	-180.0	-110.0	8.971315e-006	1.162148e+001
his	-170.0	-110.0	1.362909e-005	1.120330e+001
his	-160.0	-110.0	1.970473e-005	1.083465e+001
his	-150.0	-110.0	2.634953e-005	1.054406e+001
his	-140.0	-110.0	3.204123e-005	1.034849e+001
his	-130.0	-110.0	3.512735e-005	1.025653e+001
his	-120.0	-110.0	3.465604e-005	1.027004e+001
his	-110.0	-110.0	3.089044e-005	1.038506e+001
his	-100.0	-110.0	2.508127e-005	1.059339e+001
his	 -90.0	-110.0	1.875106e-005	1.088426e+001
his	 -80.0	-110.0	1.309831e-005	1.124303e+001
his	 -70.0	-110.0	8.769306e-006	1.164425e+001
his	 -60.0	-110.0	5.900144e-006	1.204053e+001
his	 -50.0	-110.0	4.312205e-006	1.235406e+001
his	 -40.0	-110.0	3.692583e-006	1.250918e+001
his	 -30.0	-110.0	3.779958e-006	1.248580e+001
his	 -20.0	-110.0	4.642849e-006	1.228018e+001
his	 -10.0	-110.0	6.845449e-006	1.189193e+001
his	   0.0	-110.0	1.132122e-005	1.138883e+001
his	  10.0	-110.0	1.892467e-005	1.087504e+001
his	  20.0	-110.0	2.965246e-005	1.042597e+001
his	  30.0	-110.0	4.181684e-005	1.008221e+001
his	  40.0	-110.0	5.199938e-005	9.864279e+000
his	  50.0	-110.0	5.649367e-005	9.781382e+000
his	  60.0	-110.0	5.357296e-005	9.834466e+000
his	  70.0	-110.0	4.464446e-005	1.001678e+001
his	  80.0	-110.0	3.317588e-005	1.031369e+001
his	  90.0	-110.0	2.249145e-005	1.070238e+001
his	 100.0	-110.0	1.434972e-005	1.115178e+001
his	 110.0	-110.0	8.960982e-006	1.162263e+001
his	 120.0	-110.0	5.747973e-006	1.206666e+001
his	 130.0	-110.0	4.019820e-006	1.242427e+001
his	 140.0	-110.0	3.283310e-006	1.262666e+001
his	 150.0	-110.0	3.307152e-006	1.261942e+001
his	 160.0	-110.0	4.101764e-006	1.240409e+001
his	 170.0	-110.0	5.879722e-006	1.204400e+001
his	-180.0	-100.0	1.088630e-005	1.142801e+001
his	-170.0	-100.0	1.720714e-005	1.097019e+001
his	-160.0	-100.0	2.556407e-005	1.057432e+001
his	-150.0	-100.0	3.480764e-005	1.026567e+001
his	-140.0	-100.0	4.276275e-005	1.005984e+001
his	-130.0	-100.0	4.702773e-005	9.964773e+000
his	-120.0	-100.0	4.626555e-005	9.981113e+000
his	-110.0	-100.0	4.103456e-005	1.010110e+001
his	-100.0	-100.0	3.341644e-005	1.030646e+001
his	 -90.0	-100.0	2.575306e-005	1.056696e+001
his	 -80.0	-100.0	1.952331e-005	1.084390e+001
his	 -70.0	-100.0	1.492453e-005	1.111250e+001
his	 -60.0	-100.0	1.140923e-005	1.138109e+001
his	 -50.0	-100.0	8.744723e-006	1.164706e+001
his	 -40.0	-100.0	7.027166e-006	1.186573e+001
his	 -30.0	-100.0	6.135118e-006	1.200148e+001
his	 -20.0	-100.0	5.966611e-006	1.202933e+001
his	 -10.0	-100.0	6.876093e-006	1.188746e+001
his	   0.0	-100.0	9.597540e-006	1.155400e+001
his	  10.0	-100.0	1.477930e-005	1.112228e+001
his	  20.0	-100.0	2.237298e-005	1.070766e+001
his	  30.0	-100.0	3.108942e-005	1.037864e+001
his	  40.0	-100.0	3.843044e-005	1.016666e+001
his	  50.0	-100.0	4.173771e-005	1.008411e+001
his	  60.0	-100.0	3.977382e-005	1.013230e+001
his	  70.0	-100.0	3.350456e-005	1.030383e+001
his	  80.0	-100.0	2.534157e-005	1.058306e+001
his	  90.0	-100.0	1.761755e-005	1.094661e+001
his	 100.0	-100.0	1.160184e-005	1.136435e+001
his	 110.0	-100.0	7.500611e-006	1.180053e+001
his	 120.0	-100.0	4.969109e-006	1.221227e+001
his	 130.0	-100.0	3.575137e-006	1.254151e+001
his	 140.0	-100.0	3.026806e-006	1.270800e+001
his	 150.0	-100.0	3.240941e-006	1.263965e+001
his	 160.0	-100.0	4.358515e-006	1.234338e+001
his	 170.0	-100.0	6.739155e-006	1.190758e+001
his	-180.0	 -90.0	1.329912e-005	1.122781e+001
his	-170.0	 -90.0	2.188106e-005	1.072989e+001
his	-160.0	 -90.0	3.362509e-005	1.030024e+001
his	-150.0	 -90.0	4.720518e-005	9.961007e+000
his	-140.0	 -90.0	5.974611e-005	9.725406e+000
his	-130.0	 -90.0	6.773126e-005	9.599963e+000
his	-120.0	 -90.0	6.877677e-005	9.584645e+000
his	-110.0	 -90.0	6.327499e-005	9.668020e+000
his	-100.0	 -90.0	5.454419e-005	9.816499e+000
his	 -90.0	 -90.0	4.695739e-005	9.966270e+000
his	 -80.0	 -90.0	4.291457e-005	1.005630e+001
his	 -70.0	 -90.0	4.028154e-005	1.011962e+001
his	 -60.0	 -90.0	3.489975e-005	1.026303e+001
his	 -50.0	 -90.0	2.666783e-005	1.053205e+001
his	 -40.0	 -90.0	1.861355e-005	1.089162e+001
his	 -30.0	 -90.0	1.274828e-005	1.127011e+001
his	 -20.0	 -90.0	9.308465e-006	1.158459e+001
his	 -10.0	 -90.0	7.880730e-006	1.175109e+001
his	   0.0	 -90.0	8.417489e-006	1.168520e+001
his	  10.0	 -90.0	1.108767e-005	1.140968e+001
his	  20.0	 -90.0	1.568618e-005	1.106273e+001
his	  30.0	 -90.0	2.123740e-005	1.075975e+001
his	  40.0	 -90.0	2.604414e-005	1.055572e+001
his	  50.0	 -90.0	2.835538e-005	1.047069e+001
his	  60.0	 -90.0	2.733024e-005	1.050752e+001
his	  70.0	 -90.0	2.350457e-005	1.065832e+001
his	  80.0	 -90.0	1.833259e-005	1.090683e+001
his	  90.0	 -90.0	1.326832e-005	1.123013e+001
his	 100.0	 -90.0	9.158795e-006	1.160080e+001
his	 110.0	 -90.0	6.216465e-006	1.198831e+001
his	 120.0	 -90.0	4.306419e-006	1.235540e+001
his	 130.0	 -90.0	3.225841e-006	1.264432e+001
his	 140.0	 -90.0	2.862721e-006	1.276374e+001
his	 150.0	 -90.0	3.274216e-006	1.262943e+001
his	 160.0	 -90.0	4.744343e-006	1.225856e+001
his	 170.0	 -90.0	7.826864e-006	1.175795e+001
his	-180.0	 -80.0	1.568611e-005	1.106273e+001
his	-170.0	 -80.0	2.681726e-005	1.052646e+001
his	-160.0	 -80.0	4.277913e-005	1.005946e+001
his	-150.0	 -80.0	6.255644e-005	9.679441e+000
his	-140.0	 -80.0	8.307305e-005	9.395790e+000
his	-130.0	 -80.0	9.959718e-005	9.214377e+000
his	-120.0	 -80.0	1.074893e-004	9.138119e+000
his	-110.0	 -80.0	1.057043e-004	9.154865e+000
his	-100.0	 -80.0	9.994860e-005	9.210855e+000
his	 -90.0	 -80.0	1.012422e-004	9.197994e+000
his	 -80.0	 -80.0	1.161872e-004	9.060308e+000
his	 -70.0	 -80.0	1.319644e-004	8.932978e+000
his	 -60.0	 -80.0	1.263581e-004	8.976391e+000
his	 -50.0	 -80.0	9.801346e-005	9.230406e+000
his	 -40.0	 -80.0	6.211462e-005	9.686529e+000
his	 -30.0	 -80.0	3.344638e-005	1.030557e+001
his	 -20.0	 -80.0	1.751614e-005	1.095239e+001
his	 -10.0	 -80.0	1.054929e-005	1.145945e+001
his	   0.0	 -80.0	8.179639e-006	1.171386e+001
his	  10.0	 -80.0	8.528621e-006	1.167208e+001
his	  20.0	 -80.0	1.074511e-005	1.144106e+001
his	  30.0	 -80.0	1.392578e-005	1.118177e+001
his	  40.0	 -80.0	1.690157e-005	1.098810e+001
his	  50.0	 -80.0	1.854571e-005	1.089527e+001
his	  60.0	 -80.0	1.827032e-005	1.091023e+001
his	  70.0	 -80.0	1.626810e-005	1.102630e+001
his	  80.0	 -80.0	1.328261e-005	1.122905e+001
his	  90.0	 -80.0	1.013607e-005	1.149941e+001
his	 100.0	 -80.0	7.388579e-006	1.181558e+001
his	 110.0	 -80.0	5.273257e-006	1.215286e+001
his	 120.0	 -80.0	3.811007e-006	1.247762e+001
his	 130.0	 -80.0	2.960856e-006	1.273003e+001
his	 140.0	 -80.0	2.737948e-006	1.280830e+001
his	 150.0	 -80.0	3.307800e-006	1.261923e+001
his	 160.0	 -80.0	5.086407e-006	1.218894e+001
his	 170.0	 -80.0	8.839316e-006	1.163630e+001
his	-180.0	 -70.0	1.735642e-005	1.096155e+001
his	-170.0	 -70.0	3.074137e-005	1.038990e+001
his	-160.0	 -70.0	5.106963e-005	9.882321e+000
his	-150.0	 -70.0	7.876424e-005	9.449052e+000
his	-140.0	 -70.0	1.122787e-004	9.094526e+000
his	-130.0	 -70.0	1.464977e-004	8.828501e+000
his	-120.0	 -70.0	1.723773e-004	8.665825e+000
his	-110.0	 -70.0	1.839312e-004	8.600949e+000
his	-100.0	 -70.0	1.916588e-004	8.559794e+000
his	 -90.0	 -70.0	2.286344e-004	8.383387e+000
his	 -80.0	 -70.0	3.237415e-004	8.035565e+000
his	 -70.0	 -70.0	4.335518e-004	7.743499e+000
his	 -60.0	 -70.0	4.571381e-004	7.690525e+000
his	 -50.0	 -70.0	3.624090e-004	7.922737e+000
his	 -40.0	 -70.0	2.141457e-004	8.448854e+000
his	 -30.0	 -70.0	9.599217e-005	9.251244e+000
his	 -20.0	 -70.0	3.698770e-005	1.020493e+001
his	 -10.0	 -70.0	1.560812e-005	1.106772e+001
his	   0.0	 -70.0	8.740300e-006	1.164757e+001
his	  10.0	 -70.0	7.004852e-006	1.186891e+001
his	  20.0	 -70.0	7.574584e-006	1.179071e+001
his	  30.0	 -70.0	9.256607e-006	1.159017e+001
his	  40.0	 -70.0	1.114967e-005	1.140410e+001
his	  50.0	 -70.0	1.249929e-005	1.128984e+001
his	  60.0	 -70.0	1.283991e-005	1.126295e+001
his	  70.0	 -70.0	1.208557e-005	1.132350e+001
his	  80.0	 -70.0	1.047857e-005	1.146618e+001
his	  90.0	 -70.0	8.447117e-006	1.168169e+001
his	 100.0	 -70.0	6.429581e-006	1.195460e+001
his	 110.0	 -70.0	4.731234e-006	1.226132e+001
his	 120.0	 -70.0	3.490735e-006	1.256540e+001
his	 130.0	 -70.0	2.756216e-006	1.280165e+001
his	 140.0	 -70.0	2.602896e-006	1.285889e+001
his	 150.0	 -70.0	3.254008e-006	1.263562e+001
his	 160.0	 -70.0	5.217165e-006	1.216356e+001
his	 170.0	 -70.0	9.434655e-006	1.157112e+001
his	-180.0	 -60.0	1.779438e-005	1.093663e+001
his	-170.0	 -60.0	3.255735e-005	1.033251e+001
his	-160.0	 -60.0	5.667039e-005	9.778259e+000
his	-150.0	 -60.0	9.399188e-005	9.272302e+000
his	-140.0	 -60.0	1.482800e-004	8.816408e+000
his	-130.0	 -60.0	2.168889e-004	8.436125e+000
his	-120.0	 -60.0	2.829268e-004	8.170322e+000
his	-110.0	 -60.0	3.266741e-004	8.026548e+000
his	-100.0	 -60.0	3.643774e-004	7.917320e+000
his	 -90.0	 -60.0	4.859959e-004	7.629310e+000
his	 -80.0	 -60.0	8.167610e-004	7.110164e+000
his	 -70.0	 -60.0	1.297519e-003	6.647301e+000
his	 -60.0	 -60.0	1.525538e-003	6.485408e+000
his	 -50.0	 -60.0	1.198461e-003	6.726717e+000
his	 -40.0	 -60.0	6.310482e-004	7.368128e+000
his	 -30.0	 -60.0	2.379936e-004	8.343267e+000
his	 -20.0	 -60.0	7.254054e-005	9.531365e+000
his	 -10.0	 -60.0	2.266028e-005	1.069490e+001
his	   0.0	 -60.0	9.458258e-006	1.156862e+001
his	  10.0	 -60.0	6.007958e-006	1.202243e+001
his	  20.0	 -60.0	5.648985e-006	1.208403e+001
his	  30.0	 -60.0	6.598181e-006	1.192872e+001
his	  40.0	 -60.0	8.098161e-006	1.172387e+001
his	  50.0	 -60.0	9.635478e-006	1.155006e+001
his	  60.0	 -60.0	1.075325e-005	1.144030e+001
his	  70.0	 -60.0	1.102095e-005	1.141571e+001
his	  80.0	 -60.0	1.020858e-005	1.149228e+001
his	  90.0	 -60.0	8.517890e-006	1.167334e+001
his	 100.0	 -60.0	6.502786e-006	1.194328e+001
his	 110.0	 -60.0	4.698945e-006	1.226817e+001
his	 120.0	 -60.0	3.378805e-006	1.259799e+001
his	 130.0	 -60.0	2.608230e-006	1.285684e+001
his	 140.0	 -60.0	2.437340e-006	1.292460e+001
his	 150.0	 -60.0	3.075987e-006	1.269188e+001
his	 160.0	 -60.0	5.054818e-006	1.219517e+001
his	 170.0	 -60.0	9.403333e-006	1.157445e+001
his	-180.0	 -50.0	1.707222e-005	1.097806e+001
his	-170.0	 -50.0	3.220796e-005	1.034330e+001
his	-160.0	 -50.0	5.936503e-005	9.731805e+000
his	-150.0	 -50.0	1.086044e-004	9.127798e+000
his	-140.0	 -50.0	1.949809e-004	8.542609e+000
his	-130.0	 -50.0	3.241051e-004	8.034443e+000
his	-120.0	 -50.0	4.678125e-004	7.667443e+000
his	-110.0	 -50.0	5.774795e-004	7.456838e+000
his	-100.0	 -50.0	6.659276e-004	7.314330e+000
his	 -90.0	 -50.0	9.223002e-004	6.988640e+000
his	 -80.0	 -50.0	1.750385e-003	6.347920e+000
his	 -70.0	 -50.0	3.272564e-003	5.722182e+000
his	 -60.0	 -50.0	4.181436e-003	5.477100e+000
his	 -50.0	 -50.0	3.106791e-003	5.774165e+000
his	 -40.0	 -50.0	1.384362e-003	6.582516e+000
his	 -30.0	 -50.0	4.275948e-004	7.757334e+000
his	 -20.0	 -50.0	1.075999e-004	9.137091e+000
his	 -10.0	 -50.0	2.738028e-005	1.050569e+001
his	   0.0	 -50.0	9.264737e-006	1.158930e+001
his	  10.0	 -50.0	5.045551e-006	1.219700e+001
his	  20.0	 -50.0	4.454573e-006	1.232158e+001
his	  30.0	 -50.0	5.337977e-006	1.214066e+001
his	  40.0	 -50.0	7.193256e-006	1.184237e+001
his	  50.0	 -50.0	9.777680e-006	1.153541e+001
his	  60.0	 -50.0	1.249444e-005	1.129023e+001
his	  70.0	 -50.0	1.417640e-005	1.116393e+001
his	  80.0	 -50.0	1.377814e-005	1.119243e+001
his	  90.0	 -50.0	1.140902e-005	1.138111e+001
his	 100.0	 -50.0	8.252570e-006	1.170499e+001
his	 110.0	 -50.0	5.483487e-006	1.211377e+001
his	 120.0	 -50.0	3.593686e-006	1.253633e+001
his	 130.0	 -50.0	2.557792e-006	1.287637e+001
his	 140.0	 -50.0	2.265253e-006	1.299782e+001
his	 150.0	 -50.0	2.811577e-006	1.278176e+001
his	 160.0	 -50.0	4.666718e-006	1.227505e+001
his	 170.0	 -50.0	8.838711e-006	1.163637e+001
his	-180.0	 -40.0	1.589937e-005	1.104923e+001
his	-170.0	 -40.0	3.095317e-005	1.038304e+001
his	-160.0	 -40.0	6.123955e-005	9.700717e+000
his	-150.0	 -40.0	1.258997e-004	8.980025e+000
his	-140.0	 -40.0	2.577283e-004	8.263605e+000
his	-130.0	 -40.0	4.783046e-004	7.645263e+000
his	-120.0	 -40.0	7.500659e-004	7.195350e+000
his	-110.0	 -40.0	9.862113e-004	6.921640e+000
his	-100.0	 -40.0	1.190348e-003	6.733510e+000
his	 -90.0	 -40.0	1.711171e-003	6.370578e+000
his	 -80.0	 -40.0	3.465177e-003	5.664992e+000
his	 -70.0	 -40.0	6.879635e-003	4.979190e+000
his	 -60.0	 -40.0	8.567802e-003	4.759744e+000
his	 -50.0	 -40.0	5.619551e-003	5.181503e+000
his	 -40.0	 -40.0	2.039931e-003	6.194839e+000
his	 -30.0	 -40.0	5.031004e-004	7.594721e+000
his	 -20.0	 -40.0	1.064095e-004	9.148216e+000
his	 -10.0	 -40.0	2.409014e-005	1.063371e+001
his	   0.0	 -40.0	7.453394e-006	1.180684e+001
his	  10.0	 -40.0	3.949106e-006	1.244202e+001
his	  20.0	 -40.0	3.748022e-006	1.249428e+001
his	  30.0	 -40.0	5.230540e-006	1.216100e+001
his	  40.0	 -40.0	8.587992e-006	1.166515e+001
his	  50.0	 -40.0	1.418449e-005	1.116336e+001
his	  60.0	 -40.0	2.098675e-005	1.077162e+001
his	  70.0	 -40.0	2.570191e-005	1.056895e+001
his	  80.0	 -40.0	2.515650e-005	1.059039e+001
his	  90.0	 -40.0	1.981279e-005	1.082918e+001
his	 100.0	 -40.0	1.305105e-005	1.124664e+001
his	 110.0	 -40.0	7.645608e-006	1.178138e+001
his	 120.0	 -40.0	4.333493e-006	1.234914e+001
his	 130.0	 -40.0	2.678671e-006	1.283019e+001
his	 140.0	 -40.0	2.140769e-006	1.305435e+001
his	 150.0	 -40.0	2.551406e-006	1.287887e+001
his	 160.0	 -40.0	4.238327e-006	1.237134e+001
his	 170.0	 -40.0	8.113610e-006	1.172197e+001
his	-180.0	 -30.0	1.528050e-005	1.108893e+001
his	-170.0	 -30.0	3.095366e-005	1.038302e+001
his	-160.0	 -30.0	6.643419e-005	9.619299e+000
his	-150.0	 -30.0	1.520425e-004	8.791351e+000
his	-140.0	 -30.0	3.418538e-004	7.981127e+000
his	-130.0	 -30.0	6.801235e-004	7.293236e+000
his	-120.0	 -30.0	1.136625e-003	6.779692e+000
his	-110.0	 -30.0	1.618466e-003	6.426276e+000
his	-100.0	 -30.0	2.208023e-003	6.115658e+000
his	 -90.0	 -30.0	3.627410e-003	5.619236e+000
his	 -80.0	 -30.0	7.339864e-003	4.914435e+000
his	 -70.0	 -30.0	1.286678e-002	4.353107e+000
his	 -60.0	 -30.0	1.316210e-002	4.330414e+000
his	 -50.0	 -30.0	6.842314e-003	4.984629e+000
his	 -40.0	 -30.0	1.921309e-003	6.254749e+000
his	 -30.0	 -30.0	3.686376e-004	7.905697e+000
his	 -20.0	 -30.0	6.655073e-005	9.617546e+000
his	 -10.0	 -30.0	1.460123e-005	1.113440e+001
his	   0.0	 -30.0	4.757562e-006	1.225578e+001
his	  10.0	 -30.0	2.921551e-006	1.274340e+001
his	  20.0	 -30.0	3.536836e-006	1.255228e+001
his	  30.0	 -30.0	6.532467e-006	1.193873e+001
his	  40.0	 -30.0	1.397395e-005	1.117832e+001
his	  50.0	 -30.0	2.828859e-005	1.047305e+001
his	  60.0	 -30.0	4.715741e-005	9.962019e+000
his	  70.0	 -30.0	5.981973e-005	9.724175e+000
his	  80.0	 -30.0	5.641984e-005	9.782690e+000
his	  90.0	 -30.0	4.054928e-005	1.011299e+001
his	 100.0	 -30.0	2.355682e-005	1.065610e+001
his	 110.0	 -30.0	1.193633e-005	1.133592e+001
his	 120.0	 -30.0	5.763003e-006	1.206405e+001
his	 130.0	 -30.0	3.013056e-006	1.271256e+001
his	 140.0	 -30.0	2.105832e-006	1.307080e+001
his	 150.0	 -30.0	2.382568e-006	1.294733e+001
his	 160.0	 -30.0	3.965290e-006	1.243793e+001
his	 170.0	 -30.0	7.673802e-006	1.177770e+001
his	-180.0	 -20.0	1.620606e-005	1.103013e+001
his	-170.0	 -20.0	3.472831e-005	1.026796e+001
his	-160.0	 -20.0	8.032293e-005	9.429455e+000
his	-150.0	 -20.0	1.953522e-004	8.540706e+000
his	-140.0	 -20.0	4.552822e-004	7.694593e+000
his	-130.0	 -20.0	9.403875e-004	6.969218e+000
his	-120.0	 -20.0	1.689213e-003	6.383493e+000
his	-110.0	 -20.0	2.705306e-003	5.912540e+000
his	-100.0	 -20.0	4.257550e-003	5.459061e+000
his	 -90.0	 -20.0	7.452548e-003	4.899199e+000
his	 -80.0	 -20.0	1.346574e-002	4.307606e+000
his	 -70.0	 -20.0	1.880354e-002	3.973710e+000
his	 -60.0	 -20.0	1.443307e-002	4.238233e+000
his	 -50.0	 -20.0	5.469091e-003	5.208643e+000
his	 -40.0	 -20.0	1.124725e-003	6.790217e+000
his	 -30.0	 -20.0	1.641425e-004	8.714776e+000
his	 -20.0	 -20.0	2.625146e-005	1.054779e+001
his	 -10.0	 -20.0	6.276461e-006	1.197870e+001
his	   0.0	 -20.0	2.572653e-006	1.287057e+001
his	  10.0	 -20.0	2.242418e-006	1.300796e+001
his	  20.0	 -20.0	3.997629e-006	1.242981e+001
his	  30.0	 -20.0	1.051099e-005	1.146309e+001
his	  40.0	 -20.0	2.960567e-005	1.042754e+001
his	  50.0	 -20.0	7.119041e-005	9.550152e+000
his	  60.0	 -20.0	1.280143e-004	8.963369e+000
his	  70.0	 -20.0	1.619380e-004	8.728297e+000
his	  80.0	 -20.0	1.427256e-004	8.854587e+000
his	  90.0	 -20.0	9.077707e-005	9.307104e+000
his	 100.0	 -20.0	4.496481e-005	1.000963e+001
his	 110.0	 -20.0	1.919195e-005	1.086102e+001
his	 120.0	 -20.0	7.837054e-006	1.175665e+001
his	 130.0	 -20.0	3.487956e-006	1.256619e+001
his	 140.0	 -20.0	2.151130e-006	1.304952e+001
his	 150.0	 -20.0	2.350442e-006	1.296091e+001
his	 160.0	 -20.0	3.980267e-006	1.243416e+001
his	 170.0	 -20.0	7.881321e-006	1.175101e+001
his	-180.0	 -10.0	1.956279e-005	1.084188e+001
his	-170.0	 -10.0	4.463322e-005	1.001703e+001
his	-160.0	 -10.0	1.077224e-004	9.135953e+000
his	-150.0	 -10.0	2.627627e-004	8.244259e+000
his	-140.0	 -10.0	6.097603e-004	7.402445e+000
his	-130.0	 -10.0	1.317487e-003	6.632029e+000
his	-120.0	 -10.0	2.638500e-003	5.937545e+000
his	-110.0	 -10.0	4.697980e-003	5.360623e+000
his	-100.0	 -10.0	7.427104e-003	4.902619e+000
his	 -90.0	 -10.0	1.117220e-002	4.494327e+000
his	 -80.0	 -10.0	1.579495e-002	4.148065e+000
his	 -70.0	 -10.0	1.682054e-002	4.085154e+000
his	 -60.0	 -10.0	9.765543e-003	4.628895e+000
his	 -50.0	 -10.0	2.716822e-003	5.908292e+000
his	 -40.0	 -10.0	4.027765e-004	7.817129e+000
his	 -30.0	 -10.0	4.431201e-005	1.002425e+001
his	 -20.0	 -10.0	6.911306e-006	1.188235e+001
his	 -10.0	 -10.0	2.200057e-006	1.302703e+001
his	   0.0	 -10.0	1.407612e-006	1.347362e+001
his	  10.0	 -10.0	2.017487e-006	1.311366e+001
his	  20.0	 -10.0	5.635535e-006	1.208642e+001
his	  30.0	 -10.0	2.102276e-005	1.076990e+001
his	  40.0	 -10.0	7.331003e-005	9.520813e+000
his	  50.0	 -10.0	1.939537e-004	8.547891e+000
his	  60.0	 -10.0	3.542935e-004	7.945385e+000
his	  70.0	 -10.0	4.319810e-004	7.747129e+000
his	  80.0	 -10.0	3.520693e-004	7.951682e+000
his	  90.0	 -10.0	1.985769e-004	8.524334e+000
his	 100.0	 -10.0	8.366310e-005	9.388712e+000
his	 110.0	 -10.0	2.963541e-005	1.042654e+001
his	 120.0	 -10.0	1.012180e-005	1.150082e+001
his	 130.0	 -10.0	3.893926e-006	1.245609e+001
his	 140.0	 -10.0	2.223375e-006	1.301648e+001
his	 150.0	 -10.0	2.472903e-006	1.291012e+001
his	 160.0	 -10.0	4.372373e-006	1.234020e+001
his	 170.0	 -10.0	9.022717e-006	1.161577e+001
his	-180.0	   0.0	2.591361e-005	1.056074e+001
his	-170.0	   0.0	6.176478e-005	9.692177e+000
his	-160.0	   0.0	1.496011e-004	8.807538e+000
his	-150.0	   0.0	3.528802e-004	7.949382e+000
his	-140.0	   0.0	8.037241e-004	7.126254e+000
his	-130.0	   0.0	1.830386e-003	6.303229e+000
his	-120.0	   0.0	3.979349e-003	5.526637e+000
his	-110.0	   0.0	7.141198e-003	4.941875e+000
his	-100.0	   0.0	9.933301e-003	4.611862e+000
his	 -90.0	   0.0	1.121069e-002	4.490887e+000
his	 -80.0	   0.0	1.097830e-002	4.511835e+000
his	 -70.0	   0.0	8.374745e-003	4.782535e+000
his	 -60.0	   0.0	3.719271e-003	5.594228e+000
his	 -50.0	   0.0	8.078698e-004	7.121110e+000
his	 -40.0	   0.0	9.171059e-005	9.296873e+000
his	 -30.0	   0.0	8.012727e-006	1.173448e+001
his	 -20.0	   0.0	1.532977e-006	1.338830e+001
his	 -10.0	   0.0	8.501721e-007	1.397783e+001
his	   0.0	   0.0	9.732351e-007	1.384264e+001
his	  10.0	   0.0	2.353217e-006	1.295973e+001
his	  20.0	   0.0	9.921140e-006	1.152084e+001
his	  30.0	   0.0	4.727110e-005	9.959611e+000
his	  40.0	   0.0	1.824007e-004	8.609305e+000
his	  50.0	   0.0	4.880360e-004	7.625121e+000
his	  60.0	   0.0	8.556189e-004	7.063686e+000
his	  70.0	   0.0	9.721669e-004	6.935983e+000
his	  80.0	   0.0	7.247471e-004	7.229688e+000
his	  90.0	   0.0	3.665202e-004	7.911457e+000
his	 100.0	   0.0	1.345145e-004	8.913838e+000
his	 110.0	   0.0	4.029356e-005	1.011932e+001
his	 120.0	   0.0	1.161132e-005	1.136353e+001
his	 130.0	   0.0	3.973695e-006	1.243581e+001
his	 140.0	   0.0	2.283220e-006	1.298992e+001
his	 150.0	   0.0	2.779516e-006	1.279323e+001
his	 160.0	   0.0	5.228360e-006	1.216141e+001
his	 170.0	   0.0	1.131992e-005	1.138895e+001
his	-180.0	  10.0	3.496745e-005	1.026109e+001
his	-170.0	  10.0	8.423440e-005	9.381907e+000
his	-160.0	  10.0	1.996561e-004	8.518914e+000
his	-150.0	  10.0	4.523425e-004	7.701071e+000
his	-140.0	  10.0	1.004501e-003	6.903264e+000
his	-130.0	  10.0	2.297050e-003	6.076130e+000
his	-120.0	  10.0	4.898959e-003	5.318733e+000
his	-110.0	  10.0	8.001104e-003	4.828176e+000
his	-100.0	  10.0	9.253487e-003	4.682755e+000
his	 -90.0	  10.0	7.748754e-003	4.860223e+000
his	 -80.0	  10.0	5.054830e-003	5.287411e+000
his	 -70.0	  10.0	2.592505e-003	5.955131e+000
his	 -60.0	  10.0	8.663121e-004	7.051265e+000
his	 -50.0	  10.0	1.571452e-004	8.758340e+000
his	 -40.0	  10.0	1.596594e-005	1.104505e+001
his	 -30.0	  10.0	1.536894e-006	1.338575e+001
his	 -20.0	  10.0	5.233322e-007	1.446305e+001
his	 -10.0	  10.0	5.185468e-007	1.447224e+001
his	   0.0	  10.0	1.020908e-006	1.379482e+001
his	  10.0	  10.0	3.839819e-006	1.247009e+001
his	  20.0	  10.0	2.073334e-005	1.078377e+001
his	  30.0	  10.0	1.078735e-004	9.134551e+000
his	  40.0	  10.0	4.164081e-004	7.783845e+000
his	  50.0	  10.0	1.058527e-003	6.850877e+000
his	  60.0	  10.0	1.701811e-003	6.376062e+000
his	  70.0	  10.0	1.735693e-003	6.356349e+000
his	  80.0	  10.0	1.152926e-003	6.765452e+000
his	  90.0	  10.0	5.188203e-004	7.563953e+000
his	 100.0	  10.0	1.682438e-004	8.690096e+000
his	 110.0	  10.0	4.390003e-005	1.003360e+001
his	 120.0	  10.0	1.106696e-005	1.141155e+001
his	 130.0	  10.0	3.607994e-006	1.253236e+001
his	 140.0	  10.0	2.360850e-006	1.295649e+001
his	 150.0	  10.0	3.323141e-006	1.261460e+001
his	 160.0	  10.0	6.621577e-006	1.192518e+001
his	 170.0	  10.0	1.482493e-005	1.111920e+001
his	-180.0	  20.0	4.584876e-005	9.990162e+000
his	-170.0	  20.0	1.081790e-004	9.131723e+000
his	-160.0	  20.0	2.471623e-004	8.305465e+000
his	-150.0	  20.0	5.376997e-004	7.528210e+000
his	-140.0	  20.0	1.139891e-003	6.776823e+000
his	-130.0	  20.0	2.408121e-003	6.028908e+000
his	-120.0	  20.0	4.543557e-003	5.394045e+000
his	-110.0	  20.0	6.331780e-003	5.062174e+000
his	-100.0	  20.0	6.002861e-003	5.115519e+000
his	 -90.0	  20.0	3.929181e-003	5.539324e+000
his	 -80.0	  20.0	1.876376e-003	6.278413e+000
his	 -70.0	  20.0	6.919661e-004	7.275974e+000
his	 -60.0	  20.0	1.852979e-004	8.593546e+000
his	 -50.0	  20.0	3.343830e-005	1.030581e+001
his	 -40.0	  20.0	4.881236e-006	1.223011e+001
his	 -30.0	  20.0	9.817898e-007	1.383389e+001
his	 -20.0	  20.0	4.439147e-007	1.462763e+001
his	 -10.0	  20.0	5.620830e-007	1.439162e+001
his	   0.0	  20.0	1.639455e-006	1.332115e+001
his	  10.0	  20.0	7.898878e-006	1.174879e+001
his	  20.0	  20.0	4.541460e-005	9.999677e+000
his	  30.0	  20.0	2.295013e-004	8.379602e+000
his	  40.0	  20.0	8.300588e-004	7.094014e+000
his	  50.0	  20.0	1.932362e-003	6.249012e+000
his	  60.0	  20.0	2.775959e-003	5.886759e+000
his	  70.0	  20.0	2.470636e-003	6.003280e+000
his	  80.0	  20.0	1.415113e-003	6.560546e+000
his	  90.0	  20.0	5.515217e-004	7.502829e+000
his	 100.0	  20.0	1.566384e-004	8.761571e+000
his	 110.0	  20.0	3.619622e-005	1.022656e+001
his	 120.0	  20.0	8.422440e-006	1.168461e+001
his	 130.0	  20.0	2.990163e-006	1.272018e+001
his	 140.0	  20.0	2.548300e-006	1.288008e+001
his	 150.0	  20.0	4.153529e-006	1.239155e+001
his	 160.0	  20.0	8.600114e-006	1.166374e+001
his	 170.0	  20.0	1.947638e-005	1.084631e+001
his	-180.0	  30.0	5.891753e-005	9.739372e+000
his	-170.0	  30.0	1.336536e-004	8.920259e+000
his	-160.0	  30.0	2.897923e-004	8.146346e+000
his	-150.0	  30.0	5.925747e-004	7.431034e+000
his	-140.0	  30.0	1.144911e-003	6.772428e+000
his	-130.0	  30.0	2.074549e-003	6.178012e+000
his	-120.0	  30.0	3.235172e-003	5.733673e+000
his	-110.0	  30.0	3.741648e-003	5.588229e+000
his	-100.0	  30.0	2.967622e-003	5.819994e+000
his	 -90.0	  30.0	1.650901e-003	6.406434e+000
his	 -80.0	  30.0	6.922206e-004	7.275606e+000
his	 -70.0	  30.0	2.418517e-004	8.327186e+000
his	 -60.0	  30.0	7.400552e-005	9.511371e+000
his	 -50.0	  30.0	2.026147e-005	1.080679e+001
his	 -40.0	  30.0	5.337013e-006	1.214084e+001
his	 -30.0	  30.0	1.490728e-006	1.341625e+001
his	 -20.0	  30.0	6.274351e-007	1.428163e+001
his	 -10.0	  30.0	8.446981e-007	1.398429e+001
his	   0.0	  30.0	2.986417e-006	1.272144e+001
his	  10.0	  30.0	1.558226e-005	1.106938e+001
his	  20.0	  30.0	8.712552e-005	9.348161e+000
his	  30.0	  30.0	4.066833e-004	7.807476e+000
his	  40.0	  30.0	1.337869e-003	6.616677e+000
his	  50.0	  30.0	2.816423e-003	5.872288e+000
his	  60.0	  30.0	3.616138e-003	5.622349e+000
his	  70.0	  30.0	2.814227e-003	5.873068e+000
his	  80.0	  30.0	1.376441e-003	6.588254e+000
his	  90.0	  30.0	4.539312e-004	7.697565e+000
his	 100.0	  30.0	1.105273e-004	9.110248e+000
his	 110.0	  30.0	2.273092e-005	1.069178e+001
his	 120.0	  30.0	5.315694e-006	1.214485e+001
his	 130.0	  30.0	2.511861e-006	1.289449e+001
his	 140.0	  30.0	2.920351e-006	1.274381e+001
his	 150.0	  30.0	5.280194e-006	1.215155e+001
his	 160.0	  30.0	1.122183e-005	1.139765e+001
his	 170.0	  30.0	2.548932e-005	1.057725e+001
his	-180.0	  40.0	7.637575e-005	9.479845e+000
his	-170.0	  40.0	1.680539e-004	8.691226e+000
his	-160.0	  40.0	3.455491e-004	7.970376e+000
his	-150.0	  40.0	6.491793e-004	7.339802e+000
his	-140.0	  40.0	1.092703e-003	6.819101e+000
his	-130.0	  40.0	1.619243e-003	6.425797e+000
his	-120.0	  40.0	2.019478e-003	6.204916e+000
his	-110.0	  40.0	1.948483e-003	6.240704e+000
his	-100.0	  40.0	1.389398e-003	6.578885e+000
his	 -90.0	  40.0	7.756442e-004	7.161817e+000
his	 -80.0	  40.0	3.821493e-004	7.869699e+000
his	 -70.0	  40.0	1.791888e-004	8.627071e+000
his	 -60.0	  40.0	7.654491e-005	9.477633e+000
his	 -50.0	  40.0	2.786243e-005	1.048823e+001
his	 -40.0	  40.0	8.630697e-006	1.166019e+001
his	 -30.0	  40.0	2.472706e-006	1.291020e+001
his	 -20.0	  40.0	9.644902e-007	1.385167e+001
his	 -10.0	  40.0	1.285121e-006	1.356466e+001
his	   0.0	  40.0	4.719225e-006	1.226387e+001
his	  10.0	  40.0	2.423113e-005	1.062787e+001
his	  20.0	  40.0	1.266740e-004	8.973894e+000
his	  30.0	  40.0	5.376556e-004	7.528292e+000
his	  40.0	  40.0	1.596903e-003	6.439689e+000
his	  50.0	  40.0	3.043410e-003	5.794777e+000
his	  60.0	  40.0	3.543059e-003	5.642765e+000
his	  70.0	  40.0	2.478584e-003	6.000068e+000
his	  80.0	  40.0	1.066983e-003	6.842920e+000
his	  90.0	  40.0	3.027625e-004	8.102562e+000
his	 100.0	  40.0	6.336626e-005	9.666579e+000
his	 110.0	  40.0	1.194391e-005	1.133529e+001
his	 120.0	  40.0	3.308258e-006	1.261909e+001
his	 130.0	  40.0	2.391715e-006	1.294350e+001
his	 140.0	  40.0	3.450763e-006	1.257692e+001
his	 150.0	  40.0	6.621283e-006	1.192522e+001
his	 160.0	  40.0	1.446280e-005	1.114393e+001
his	 170.0	  40.0	3.328969e-005	1.031026e+001
his	-180.0	  50.0	9.811502e-005	9.229370e+000
his	-170.0	  50.0	2.160338e-004	8.440076e+000
his	-160.0	  50.0	4.350413e-004	7.740070e+000
his	-150.0	  50.0	7.687784e-004	7.170708e+000
his	-140.0	  50.0	1.141385e-003	6.775513e+000
his	-130.0	  50.0	1.391654e-003	6.577263e+000
his	-120.0	  50.0	1.395008e-003	6.574855e+000
his	-110.0	  50.0	1.165757e-003	6.754385e+000
his	-100.0	  50.0	8.551638e-004	7.064218e+000
his	 -90.0	  50.0	6.038490e-004	7.412186e+000
his	 -80.0	  50.0	4.138481e-004	7.790011e+000
his	 -70.0	  50.0	2.487077e-004	8.299232e+000
his	 -60.0	  50.0	1.202152e-004	9.026227e+000
his	 -50.0	  50.0	4.572063e-005	9.992961e+000
his	 -40.0	  50.0	1.409276e-005	1.116985e+001
his	 -30.0	  50.0	3.879060e-006	1.245992e+001
his	 -20.0	  50.0	1.407503e-006	1.347369e+001
his	 -10.0	  50.0	1.725398e-006	1.327005e+001
his	   0.0	  50.0	5.883789e-006	1.204331e+001
his	  10.0	  50.0	2.769927e-005	1.049410e+001
his	  20.0	  50.0	1.310726e-004	8.939759e+000
his	  30.0	  50.0	5.011828e-004	7.598540e+000
his	  40.0	  50.0	1.344563e-003	6.611686e+000
his	  50.0	  50.0	2.334761e-003	6.059846e+000
his	  60.0	  50.0	2.505779e-003	5.989156e+000
his	  70.0	  50.0	1.629708e-003	6.419354e+000
his	  80.0	  50.0	6.515513e-004	7.336154e+000
his	  90.0	  50.0	1.701420e-004	8.678877e+000
his	 100.0	  50.0	3.300201e-005	1.031894e+001
his	 110.0	  50.0	6.487154e-006	1.194569e+001
his	 120.0	  50.0	2.563186e-006	1.287426e+001
his	 130.0	  50.0	2.538029e-006	1.288412e+001
his	 140.0	  50.0	3.996406e-006	1.243012e+001
his	 150.0	  50.0	7.919135e-006	1.174623e+001
his	 160.0	  50.0	1.782683e-005	1.093481e+001
his	 170.0	  50.0	4.212215e-005	1.007494e+001
his	-180.0	  60.0	1.159098e-004	9.062699e+000
his	-170.0	  60.0	2.607907e-004	8.251792e+000
his	-160.0	  60.0	5.320620e-004	7.538751e+000
his	-150.0	  60.0	9.300472e-004	6.980275e+000
his	-140.0	  60.0	1.309466e-003	6.638136e+000
his	-130.0	  60.0	1.437738e-003	6.544684e+000
his	-120.0	  60.0	1.263811e-003	6.673624e+000
his	-110.0	  60.0	9.949032e-004	6.912865e+000
his	-100.0	  60.0	8.272476e-004	7.097406e+000
his	 -90.0	  60.0	7.387782e-004	7.210513e+000
his	 -80.0	  60.0	5.996568e-004	7.419153e+000
his	 -70.0	  60.0	3.868544e-004	7.857462e+000
his	 -60.0	  60.0	1.896675e-004	8.570238e+000
his	 -50.0	  60.0	7.115026e-005	9.550717e+000
his	 -40.0	  60.0	2.129575e-005	1.075700e+001
his	 -30.0	  60.0	5.673018e-006	1.207979e+001
his	 -20.0	  60.0	1.965917e-006	1.313955e+001
his	 -10.0	  60.0	2.045824e-006	1.309971e+001
his	   0.0	  60.0	5.825805e-006	1.205321e+001
his	  10.0	  60.0	2.356538e-005	1.065573e+001
his	  20.0	  60.0	9.747848e-005	9.235879e+000
his	  30.0	  60.0	3.317050e-004	8.011265e+000
his	  40.0	  60.0	8.050460e-004	7.124611e+000
his	  50.0	  60.0	1.286051e-003	6.656179e+000
his	  60.0	  60.0	1.296131e-003	6.648372e+000
his	  70.0	  60.0	8.106485e-004	7.117676e+000
his	  80.0	  60.0	3.193316e-004	8.049281e+000
his	  90.0	  60.0	8.445444e-005	9.379298e+000
his	 100.0	  60.0	1.762522e-005	1.094618e+001
his	 110.0	  60.0	4.441291e-006	1.232457e+001
his	 120.0	  60.0	2.467837e-006	1.291217e+001
his	 130.0	  60.0	2.732247e-006	1.281039e+001
his	 140.0	  60.0	4.351512e-006	1.234499e+001
his	 150.0	  60.0	8.719434e-006	1.164996e+001
his	 160.0	  60.0	2.005790e-005	1.081689e+001
his	 170.0	  60.0	4.858691e-005	9.932156e+000
his	-180.0	  70.0	1.176944e-004	9.047419e+000
his	-170.0	  70.0	2.705854e-004	8.214923e+000
his	-160.0	  70.0	5.656827e-004	7.477477e+000
his	-150.0	  70.0	1.007926e-003	6.899860e+000
his	-140.0	  70.0	1.428152e-003	6.551374e+000
his	-130.0	  70.0	1.554490e-003	6.466608e+000
his	-120.0	  70.0	1.351783e-003	6.606331e+000
his	-110.0	  70.0	1.100717e-003	6.811794e+000
his	-100.0	  70.0	1.015731e-003	6.892147e+000
his	 -90.0	  70.0	9.963327e-004	6.911429e+000
his	 -80.0	  70.0	8.411553e-004	7.080734e+000
his	 -70.0	  70.0	5.457211e-004	7.513403e+000
his	 -60.0	  70.0	2.651714e-004	8.235134e+000
his	 -50.0	  70.0	9.809337e-005	9.229591e+000
his	 -40.0	  70.0	2.916927e-005	1.044239e+001
his	 -30.0	  70.0	8.013441e-006	1.173439e+001
his	 -20.0	  70.0	2.885427e-006	1.275584e+001
his	 -10.0	  70.0	2.379477e-006	1.294863e+001
his	   0.0	  70.0	4.918916e-006	1.222242e+001
his	  10.0	  70.0	1.589081e-005	1.104977e+001
his	  20.0	  70.0	5.533185e-005	9.802162e+000
his	  30.0	  70.0	1.647852e-004	8.710868e+000
his	  40.0	  70.0	3.615910e-004	7.924997e+000
his	  50.0	  70.0	5.373867e-004	7.528793e+000
his	  60.0	  70.0	5.194004e-004	7.562835e+000
his	  70.0	  70.0	3.231669e-004	8.037342e+000
his	  80.0	  70.0	1.325774e-004	8.928344e+000
his	  90.0	  70.0	3.894104e-005	1.015346e+001
his	 100.0	  70.0	1.012447e-005	1.150056e+001
his	 110.0	  70.0	3.644292e-006	1.252235e+001
his	 120.0	  70.0	2.513940e-006	1.289366e+001
his	 130.0	  70.0	2.812531e-006	1.278143e+001
his	 140.0	  70.0	4.354527e-006	1.234429e+001
his	 150.0	  70.0	8.610509e-006	1.166253e+001
his	 160.0	  70.0	1.984941e-005	1.082734e+001
his	 170.0	  70.0	4.856974e-005	9.932510e+000
his	-180.0	  80.0	1.031589e-004	9.179240e+000
his	-170.0	  80.0	2.403301e-004	8.333497e+000
his	-160.0	  80.0	5.128316e-004	7.575563e+000
his	-150.0	  80.0	9.391339e-004	6.970553e+000
his	-140.0	  80.0	1.379052e-003	6.586359e+000
his	-130.0	  80.0	1.576728e-003	6.452403e+000
his	-120.0	  80.0	1.472276e-003	6.520946e+000
his	-110.0	  80.0	1.310265e-003	6.637526e+000
his	-100.0	  80.0	1.284575e-003	6.657327e+000
his	 -90.0	  80.0	1.270115e-003	6.668648e+000
his	 -80.0	  80.0	1.055013e-003	6.854202e+000
his	 -70.0	  80.0	6.714834e-004	7.306021e+000
his	 -60.0	  80.0	3.224471e-004	8.039572e+000
his	 -50.0	  80.0	1.205110e-004	9.023769e+000
his	 -40.0	  80.0	3.833057e-005	1.016926e+001
his	 -30.0	  80.0	1.240324e-005	1.129755e+001
his	 -20.0	  80.0	5.106276e-006	1.218504e+001
his	 -10.0	  80.0	3.253189e-006	1.263587e+001
his	   0.0	  80.0	4.098336e-006	1.240493e+001
his	  10.0	  80.0	9.404422e-006	1.157433e+001
his	  20.0	  80.0	2.623020e-005	1.054860e+001
his	  30.0	  80.0	6.681444e-005	9.613591e+000
his	  40.0	  80.0	1.317493e-004	8.934610e+000
his	  50.0	  80.0	1.834809e-004	8.603400e+000
his	  60.0	  80.0	1.731767e-004	8.661198e+000
his	  70.0	  80.0	1.103739e-004	9.111637e+000
his	  80.0	  80.0	4.938530e-005	9.915858e+000
his	  90.0	  80.0	1.739369e-005	1.095940e+001
his	 100.0	  80.0	6.238859e-006	1.198471e+001
his	 110.0	  80.0	3.196490e-006	1.265346e+001
his	 120.0	  80.0	2.512296e-006	1.289431e+001
his	 130.0	  80.0	2.735281e-006	1.280928e+001
his	 140.0	  80.0	4.006076e-006	1.242770e+001
his	 150.0	  80.0	7.630973e-006	1.178330e+001
his	 160.0	  80.0	1.732375e-005	1.096343e+001
his	 170.0	  80.0	4.231140e-005	1.007045e+001
his	-180.0	  90.0	8.827619e-005	9.335040e+000
his	-170.0	  90.0	2.070932e-004	8.482342e+000
his	-160.0	  90.0	4.423943e-004	7.723309e+000
his	-150.0	  90.0	8.185500e-004	7.107976e+000
his	-140.0	  90.0	1.244985e-003	6.688632e+000
his	-130.0	  90.0	1.526779e-003	6.484595e+000
his	-120.0	  90.0	1.580312e-003	6.450133e+000
his	-110.0	  90.0	1.553669e-003	6.467136e+000
his	-100.0	  90.0	1.581280e-003	6.449520e+000
his	 -90.0	  90.0	1.534135e-003	6.479789e+000
his	 -80.0	  90.0	1.231661e-003	6.699392e+000
his	 -70.0	  90.0	7.656349e-004	7.174805e+000
his	 -60.0	  90.0	3.744062e-004	7.890169e+000
his	 -50.0	  90.0	1.564966e-004	8.762476e+000
his	 -40.0	  90.0	6.291504e-005	9.673725e+000
his	 -30.0	  90.0	2.617512e-005	1.055070e+001
his	 -20.0	  90.0	1.146905e-005	1.137586e+001
his	 -10.0	  90.0	5.677134e-006	1.207906e+001
his	   0.0	  90.0	4.114107e-006	1.240109e+001
his	  10.0	  90.0	5.705821e-006	1.207402e+001
his	  20.0	  90.0	1.172532e-005	1.135376e+001
his	  30.0	  90.0	2.457798e-005	1.061366e+001
his	  40.0	  90.0	4.282763e-005	1.005833e+001
his	  50.0	  90.0	5.583741e-005	9.793066e+000
his	  60.0	  90.0	5.211840e-005	9.861993e+000
his	  70.0	  90.0	3.501046e-005	1.025986e+001
his	  80.0	  90.0	1.804510e-005	1.092264e+001
his	  90.0	  90.0	8.333334e-006	1.169525e+001
his	 100.0	  90.0	4.350367e-006	1.234525e+001
his	 110.0	  90.0	2.926645e-006	1.274165e+001
his	 120.0	  90.0	2.457111e-006	1.291652e+001
his	 130.0	  90.0	2.559115e-006	1.287585e+001
his	 140.0	  90.0	3.492996e-006	1.256475e+001
his	 150.0	  90.0	6.359522e-006	1.196556e+001
his	 160.0	  90.0	1.434791e-005	1.115191e+001
his	 170.0	  90.0	3.560354e-005	1.024307e+001
his	-180.0	 100.0	9.261085e-005	9.287104e+000
his	-170.0	 100.0	2.176911e-004	8.432433e+000
his	-160.0	 100.0	4.475588e-004	7.711703e+000
his	-150.0	 100.0	7.926034e-004	7.140188e+000
his	-140.0	 100.0	1.191610e-003	6.732450e+000
his	-130.0	 100.0	1.518426e-003	6.490081e+000
his	-120.0	 100.0	1.698719e-003	6.377881e+000
his	-110.0	 100.0	1.809224e-003	6.314857e+000
his	-100.0	 100.0	1.926971e-003	6.251806e+000
his	 -90.0	 100.0	1.896142e-003	6.267934e+000
his	 -80.0	 100.0	1.541755e-003	6.474834e+000
his	 -70.0	 100.0	1.018369e-003	6.889553e+000
his	 -60.0	 100.0	5.977316e-004	7.422369e+000
his	 -50.0	 100.0	3.344588e-004	8.002997e+000
his	 -40.0	 100.0	1.698594e-004	8.680539e+000
his	 -30.0	 100.0	7.384226e-005	9.513579e+000
his	 -20.0	 100.0	2.848944e-005	1.046598e+001
his	 -10.0	 100.0	1.101110e-005	1.141661e+001
his	   0.0	 100.0	5.225498e-006	1.216196e+001
his	  10.0	 100.0	4.211422e-006	1.237771e+001
his	  20.0	 100.0	5.850058e-006	1.204906e+001
his	  30.0	 100.0	9.611414e-006	1.155256e+001
his	  40.0	 100.0	1.440369e-005	1.114803e+001
his	  50.0	 100.0	1.747979e-005	1.095447e+001
his	  60.0	 100.0	1.645342e-005	1.101498e+001
his	  70.0	 100.0	1.226645e-005	1.130864e+001
his	  80.0	 100.0	7.916728e-006	1.174653e+001
his	  90.0	 100.0	5.076081e-006	1.219097e+001
his	 100.0	 100.0	3.573668e-006	1.254192e+001
his	 110.0	 100.0	2.787055e-006	1.279053e+001
his	 120.0	 100.0	2.397057e-006	1.294127e+001
his	 130.0	 100.0	2.397736e-006	1.294099e+001
his	 140.0	 100.0	3.096300e-006	1.268530e+001
his	 150.0	 100.0	5.583634e-006	1.209567e+001
his	 160.0	 100.0	1.329047e-005	1.122846e+001
his	 170.0	 100.0	3.553724e-005	1.024493e+001
his	-180.0	 110.0	1.355182e-004	8.906404e+000
his	-170.0	 110.0	3.198851e-004	8.047549e+000
his	-160.0	 110.0	6.190422e-004	7.387337e+000
his	-150.0	 110.0	9.982122e-004	6.909545e+000
his	-140.0	 110.0	1.391609e-003	6.577295e+000
his	-130.0	 110.0	1.724166e-003	6.363012e+000
his	-120.0	 110.0	1.957794e-003	6.235937e+000
his	-110.0	 110.0	2.168255e-003	6.133833e+000
his	-100.0	 110.0	2.426010e-003	6.021507e+000
his	 -90.0	 110.0	2.566102e-003	5.965367e+000
his	 -80.0	 110.0	2.411400e-003	6.027548e+000
his	 -70.0	 110.0	2.076871e-003	6.176893e+000
his	 -60.0	 110.0	1.657277e-003	6.402580e+000
his	 -50.0	 110.0	1.089760e-003	6.821798e+000
his	 -40.0	 110.0	5.396463e-004	7.524597e+000
his	 -30.0	 110.0	2.029619e-004	8.502493e+000
his	 -20.0	 110.0	6.348479e-005	9.664710e+000
his	 -10.0	 110.0	1.945622e-005	1.084734e+001
his	   0.0	 110.0	6.988313e-006	1.187127e+001
his	  10.0	 110.0	3.809881e-006	1.247791e+001
his	  20.0	 110.0	3.695896e-006	1.250829e+001
his	  30.0	 110.0	4.819371e-006	1.224287e+001
his	  40.0	 110.0	6.275400e-006	1.197887e+001
his	  50.0	 110.0	7.216187e-006	1.183918e+001
his	  60.0	 110.0	7.110263e-006	1.185397e+001
his	  70.0	 110.0	6.169103e-006	1.199596e+001
his	  80.0	 110.0	5.013556e-006	1.220337e+001
his	  90.0	 110.0	4.035931e-006	1.242027e+001
his	 100.0	 110.0	3.291500e-006	1.262417e+001
his	 110.0	 110.0	2.740442e-006	1.280739e+001
his	 120.0	 110.0	2.397338e-006	1.294115e+001
his	 130.0	 110.0	2.381632e-006	1.294772e+001
his	 140.0	 110.0	3.108982e-006	1.268122e+001
his	 150.0	 110.0	6.067106e-006	1.201263e+001
his	 160.0	 110.0	1.632137e-005	1.102304e+001
his	 170.0	 110.0	4.868129e-005	9.930216e+000
his	-180.0	 120.0	2.512085e-004	8.289227e+000
his	-170.0	 120.0	6.131270e-004	7.396938e+000
his	-160.0	 120.0	1.146835e-003	6.770749e+000
his	-150.0	 120.0	1.694824e-003	6.380176e+000
his	-140.0	 120.0	2.155675e-003	6.139651e+000
his	-130.0	 120.0	2.475581e-003	6.001280e+000
his	-120.0	 120.0	2.641231e-003	5.936510e+000
his	-110.0	 120.0	2.809188e-003	5.874860e+000
his	-100.0	 120.0	3.143884e-003	5.762296e+000
his	 -90.0	 120.0	3.690847e-003	5.601899e+000
his	 -80.0	 120.0	4.486627e-003	5.406654e+000
his	 -70.0	 120.0	5.199963e-003	5.259104e+000
his	 -60.0	 120.0	4.791534e-003	5.340905e+000
his	 -50.0	 120.0	3.048119e-003	5.793231e+000
his	 -40.0	 120.0	1.325484e-003	6.625978e+000
his	 -30.0	 120.0	4.208787e-004	7.773166e+000
his	 -20.0	 120.0	1.079864e-004	9.133505e+000
his	 -10.0	 120.0	2.710789e-005	1.051569e+001
his	   0.0	 120.0	8.116087e-006	1.172166e+001
his	  10.0	 120.0	3.588738e-006	1.253771e+001
his	  20.0	 120.0	2.826439e-006	1.277649e+001
his	  30.0	 120.0	3.227865e-006	1.264369e+001
his	  40.0	 120.0	3.930835e-006	1.244666e+001
his	  50.0	 120.0	4.494453e-006	1.231267e+001
his	  60.0	 120.0	4.702875e-006	1.226734e+001
his	  70.0	 120.0	4.559859e-006	1.229822e+001
his	  80.0	 120.0	4.191318e-006	1.238250e+001
his	  90.0	 120.0	3.719435e-006	1.250194e+001
his	 100.0	 120.0	3.230416e-006	1.264290e+001
his	 110.0	 120.0	2.801911e-006	1.278521e+001
his	 120.0	 120.0	2.533468e-006	1.288592e+001
his	 130.0	 120.0	2.637313e-006	1.284575e+001
his	 140.0	 120.0	3.810581e-006	1.247773e+001
his	 150.0	 120.0	8.556865e-006	1.166878e+001
his	 160.0	 120.0	2.574605e-005	1.056723e+001
his	 170.0	 120.0	8.382839e-005	9.386739e+000
his	-180.0	 130.0	4.808636e-004	7.639927e+000
his	-170.0	 130.0	1.229377e-003	6.701248e+000
his	-160.0	 130.0	2.286288e-003	6.080826e+000
his	-150.0	 130.0	3.205422e-003	5.742911e+000
his	-140.0	 130.0	3.807444e-003	5.570797e+000
his	-130.0	 130.0	4.050736e-003	5.508857e+000
his	-120.0	 130.0	3.931891e-003	5.538635e+000
his	-110.0	 130.0	3.781546e-003	5.577622e+000
his	-100.0	 130.0	3.970017e-003	5.528985e+000
his	 -90.0	 130.0	5.046293e-003	5.289101e+000
his	 -80.0	 130.0	7.557127e-003	4.885264e+000
his	 -70.0	 130.0	1.016200e-002	4.589100e+000
his	 -60.0	 130.0	9.425319e-003	4.664356e+000
his	 -50.0	 130.0	5.454940e-003	5.211234e+000
his	 -40.0	 130.0	2.061645e-003	6.184251e+000
his	 -30.0	 130.0	5.665294e-004	7.475982e+000
his	 -20.0	 130.0	1.254012e-004	8.983992e+000
his	 -10.0	 130.0	2.731657e-005	1.050802e+001
his	   0.0	 130.0	7.416814e-006	1.181176e+001
his	  10.0	 130.0	3.102304e-006	1.268337e+001
his	  20.0	 130.0	2.365980e-006	1.295432e+001
his	  30.0	 130.0	2.647945e-006	1.284173e+001
his	  40.0	 130.0	3.212654e-006	1.264841e+001
his	  50.0	 130.0	3.742775e-006	1.249568e+001
his	  60.0	 130.0	4.077282e-006	1.241008e+001
his	  70.0	 130.0	4.162459e-006	1.238940e+001
his	  80.0	 130.0	4.021531e-006	1.242385e+001
his	  90.0	 130.0	3.722156e-006	1.250121e+001
his	 100.0	 130.0	3.354918e-006	1.260508e+001
his	 110.0	 130.0	3.023788e-006	1.270900e+001
his	 120.0	 130.0	2.870482e-006	1.276103e+001
his	 130.0	 130.0	3.243080e-006	1.263899e+001
his	 140.0	 130.0	5.338097e-006	1.214064e+001
his	 150.0	 130.0	1.341204e-005	1.121936e+001
his	 160.0	 130.0	4.305385e-005	1.005306e+001
his	 170.0	 130.0	1.493637e-004	8.809126e+000
his	-180.0	 140.0	7.871996e-004	7.147029e+000
his	-170.0	 140.0	2.057135e-003	6.186441e+000
his	-160.0	 140.0	3.817079e-003	5.568270e+000
his	-150.0	 140.0	5.208062e-003	5.257547e+000
his	-140.0	 140.0	5.906943e-003	5.131627e+000
his	-130.0	 140.0	5.950251e-003	5.124322e+000
his	-120.0	 140.0	5.407352e-003	5.219996e+000
his	-110.0	 140.0	4.763017e-003	5.346874e+000
his	-100.0	 140.0	4.605432e-003	5.380519e+000
his	 -90.0	 140.0	5.867916e-003	5.138256e+000
his	 -80.0	 140.0	9.285004e-003	4.679355e+000
his	 -70.0	 140.0	1.265582e-002	4.369638e+000
his	 -60.0	 140.0	1.115078e-002	4.496246e+000
his	 -50.0	 140.0	5.820713e-003	5.146333e+000
his	 -40.0	 140.0	1.930758e-003	6.249843e+000
his	 -30.0	 140.0	4.695802e-004	7.663672e+000
his	 -20.0	 140.0	9.471710e-005	9.264616e+000
his	 -10.0	 140.0	1.945766e-005	1.084727e+001
his	   0.0	 140.0	5.314945e-006	1.214499e+001
his	  10.0	 140.0	2.472226e-006	1.291039e+001
his	  20.0	 140.0	2.152991e-006	1.304865e+001
his	  30.0	 140.0	2.564230e-006	1.287385e+001
his	  40.0	 140.0	3.186195e-006	1.265668e+001
his	  50.0	 140.0	3.774093e-006	1.248735e+001
his	  60.0	 140.0	4.181761e-006	1.238478e+001
his	  70.0	 140.0	4.342676e-006	1.234702e+001
his	  80.0	 140.0	4.266460e-006	1.236473e+001
his	  90.0	 140.0	4.021543e-006	1.242384e+001
his	 100.0	 140.0	3.709833e-006	1.250452e+001
his	 110.0	 140.0	3.451318e-006	1.257675e+001
his	 120.0	 140.0	3.427767e-006	1.258360e+001
his	 130.0	 140.0	4.146135e-006	1.239333e+001
his	 140.0	 140.0	7.395580e-006	1.181463e+001
his	 150.0	 140.0	1.960804e-005	1.083957e+001
his	 160.0	 140.0	6.525799e-005	9.637162e+000
his	 170.0	 140.0	2.354258e-004	8.354115e+000
his	-180.0	 150.0	1.029431e-003	6.878749e+000
his	-170.0	 150.0	2.696727e-003	5.915716e+000
his	-160.0	 150.0	4.988688e-003	5.300582e+000
his	-150.0	 150.0	6.680996e-003	5.008488e+000
his	-140.0	 150.0	7.211379e-003	4.932095e+000
his	-130.0	 150.0	6.834215e-003	4.985814e+000
his	-120.0	 150.0	5.906090e-003	5.131771e+000
his	-110.0	 150.0	4.928373e-003	5.312746e+000
his	-100.0	 150.0	4.530164e-003	5.396997e+000
his	 -90.0	 150.0	5.551777e-003	5.193637e+000
his	 -80.0	 150.0	8.194940e-003	4.804238e+000
his	 -70.0	 150.0	1.018959e-002	4.586388e+000
his	 -60.0	 150.0	8.172810e-003	4.806942e+000
his	 -50.0	 150.0	3.870996e-003	5.554244e+000
his	 -40.0	 150.0	1.157483e-003	6.761507e+000
his	 -30.0	 150.0	2.558829e-004	8.270791e+000
his	 -20.0	 150.0	4.958372e-005	9.911848e+000
his	 -10.0	 150.0	1.058579e-005	1.145600e+001
his	   0.0	 150.0	3.341909e-006	1.260897e+001
his	  10.0	 150.0	2.091688e-006	1.307754e+001
his	  20.0	 150.0	2.302077e-006	1.298170e+001
his	  30.0	 150.0	2.988303e-006	1.272080e+001
his	  40.0	 150.0	3.803053e-006	1.247971e+001
his	  50.0	 150.0	4.522335e-006	1.230648e+001
his	  60.0	 150.0	4.987917e-006	1.220849e+001
his	  70.0	 150.0	5.134970e-006	1.217944e+001
his	  80.0	 150.0	5.000059e-006	1.220606e+001
his	  90.0	 150.0	4.690618e-006	1.226995e+001
his	 100.0	 150.0	4.341405e-006	1.234731e+001
his	 110.0	 150.0	4.094152e-006	1.240595e+001
his	 120.0	 150.0	4.159848e-006	1.239003e+001
his	 130.0	 150.0	5.145839e-006	1.217732e+001
his	 140.0	 150.0	9.219562e-006	1.159418e+001
his	 150.0	 150.0	2.441121e-005	1.062047e+001
his	 160.0	 150.0	8.261406e-005	9.401331e+000
his	 170.0	 150.0	3.045109e-004	8.096804e+000
his	-180.0	 160.0	1.082916e-003	6.828098e+000
his	-170.0	 160.0	2.835698e-003	5.865467e+000
his	-160.0	 160.0	5.208325e-003	5.257497e+000
his	-150.0	 160.0	6.769514e-003	4.995326e+000
his	-140.0	 160.0	6.790747e-003	4.992194e+000
his	-130.0	 160.0	5.885827e-003	5.135208e+000
his	-120.0	 160.0	4.783498e-003	5.342583e+000
his	-110.0	 160.0	3.866165e-003	5.555492e+000
his	-100.0	 160.0	3.565152e-003	5.636548e+000
his	 -90.0	 160.0	4.328879e-003	5.442447e+000
his	 -80.0	 160.0	5.734523e-003	5.161251e+000
his	 -70.0	 160.0	6.076229e-003	5.103371e+000
his	 -60.0	 160.0	4.245966e-003	5.461786e+000
his	 -50.0	 160.0	1.824262e-003	6.306579e+000
his	 -40.0	 160.0	5.085364e-004	7.583974e+000
his	 -30.0	 160.0	1.074185e-004	9.138778e+000
his	 -20.0	 160.0	2.146788e-005	1.074895e+001
his	 -10.0	 160.0	5.298403e-006	1.214811e+001
his	   0.0	 160.0	2.345061e-006	1.296320e+001
his	  10.0	 160.0	2.249212e-006	1.300493e+001
his	  20.0	 160.0	3.032492e-006	1.270613e+001
his	  30.0	 160.0	4.173889e-006	1.238666e+001
his	  40.0	 160.0	5.367365e-006	1.213517e+001
his	  50.0	 160.0	6.321508e-006	1.197155e+001
his	  60.0	 160.0	6.820894e-006	1.189552e+001
his	  70.0	 160.0	6.814151e-006	1.189651e+001
his	  80.0	 160.0	6.418307e-006	1.195636e+001
his	  90.0	 160.0	5.839595e-006	1.205085e+001
his	 100.0	 160.0	5.284176e-006	1.215079e+001
his	 110.0	 160.0	4.924838e-006	1.222122e+001
his	 120.0	 160.0	4.975284e-006	1.221103e+001
his	 130.0	 160.0	6.022642e-006	1.201998e+001
his	 140.0	 160.0	1.016203e-005	1.149685e+001
his	 150.0	 160.0	2.539181e-005	1.058108e+001
his	 160.0	 160.0	8.492751e-005	9.373713e+000
his	 170.0	 160.0	3.174523e-004	8.055183e+000
his	-180.0	 170.0	8.917288e-004	7.022349e+000
his	-170.0	 170.0	2.291904e-003	6.078372e+000
his	-160.0	 170.0	4.094264e-003	5.498168e+000
his	-150.0	 170.0	5.086379e-003	5.281189e+000
his	-140.0	 170.0	4.734073e-003	5.352969e+000
his	-130.0	 170.0	3.760328e-003	5.583249e+000
his	-120.0	 170.0	2.877907e-003	5.850692e+000
his	-110.0	 170.0	2.303004e-003	6.073541e+000
his	-100.0	 170.0	2.231842e-003	6.104928e+000
his	 -90.0	 170.0	2.751996e-003	5.895429e+000
his	 -80.0	 170.0	3.287948e-003	5.717491e+000
his	 -70.0	 170.0	2.956529e-003	5.823739e+000
his	 -60.0	 170.0	1.787478e-003	6.326950e+000
his	 -50.0	 170.0	7.017633e-004	7.261914e+000
his	 -40.0	 170.0	1.885368e-004	8.576217e+000
his	 -30.0	 170.0	4.086373e-005	1.010527e+001
his	 -20.0	 170.0	9.289089e-006	1.158667e+001
his	 -10.0	 170.0	3.094836e-006	1.268578e+001
his	   0.0	 170.0	2.316996e-006	1.297524e+001
his	  10.0	 170.0	3.124134e-006	1.267635e+001
his	  20.0	 170.0	4.674502e-006	1.227339e+001
his	  30.0	 170.0	6.606120e-006	1.192751e+001
his	  40.0	 170.0	8.491433e-006	1.167645e+001
his	  50.0	 170.0	9.836944e-006	1.152937e+001
his	  60.0	 170.0	1.029971e-005	1.148340e+001
his	  70.0	 170.0	9.869293e-006	1.152608e+001
his	  80.0	 170.0	8.843007e-006	1.163588e+001
his	  90.0	 170.0	7.632798e-006	1.178306e+001
his	 100.0	 170.0	6.579901e-006	1.193149e+001
his	 110.0	 170.0	5.898397e-006	1.204083e+001
his	 120.0	 170.0	5.768852e-006	1.206304e+001
his	 130.0	 170.0	6.647350e-006	1.192129e+001
his	 140.0	 170.0	1.018878e-005	1.149422e+001
his	 150.0	 170.0	2.281595e-005	1.068805e+001
his	 160.0	 170.0	7.177490e-005	9.541976e+000
his	 170.0	 170.0	2.638886e-004	8.239984e+000
