ile	-180.0	-180.0	5.772253e-005	9.759863e+000
ile	-170.0	-180.0	1.548364e-004	8.773141e+000
ile	-160.0	-180.0	4.158638e-004	7.785153e+000
ile	-150.0	-180.0	1.002445e-003	6.905313e+000
ile	-140.0	-180.0	1.835930e-003	6.300204e+000
ile	-130.0	-180.0	2.312058e-003	6.069617e+000
ile	-120.0	-180.0	1.976289e-003	6.226534e+000
ile	-110.0	-180.0	1.250725e-003	6.684032e+000
ile	-100.0	-180.0	7.368713e-004	7.213097e+000
ile	 -90.0	-180.0	5.532067e-004	7.499779e+000
ile	 -80.0	-180.0	5.319408e-004	7.538978e+000
ile	 -70.0	-180.0	4.879677e-004	7.625261e+000
ile	 -60.0	-180.0	3.507076e-004	7.955558e+000
ile	 -50.0	-180.0	1.843565e-004	8.598639e+000
ile	 -40.0	-180.0	7.089718e-005	9.554280e+000
ile	 -30.0	-180.0	2.121844e-005	1.076064e+001
ile	 -20.0	-180.0	5.937836e-006	1.203417e+001
ile	 -10.0	-180.0	2.332510e-006	1.296857e+001
ile	   0.0	-180.0	1.681511e-006	1.329582e+001
ile	  10.0	-180.0	1.738663e-006	1.326239e+001
ile	  20.0	-180.0	2.023942e-006	1.311046e+001
ile	  30.0	-180.0	2.403899e-006	1.293842e+001
ile	  40.0	-180.0	2.793828e-006	1.278810e+001
ile	  50.0	-180.0	3.111023e-006	1.268056e+001
ile	  60.0	-180.0	3.281154e-006	1.262732e+001
ile	  70.0	-180.0	3.257536e-006	1.263454e+001
ile	  80.0	-180.0	3.037098e-006	1.270461e+001
ile	  90.0	-180.0	2.661811e-006	1.283650e+001
ile	 100.0	-180.0	2.203331e-006	1.302554e+001
ile	 110.0	-180.0	1.739905e-006	1.326168e+001
ile	 120.0	-180.0	1.341386e-006	1.352181e+001
ile	 130.0	-180.0	1.084897e-006	1.373403e+001
ile	 140.0	-180.0	1.161915e-006	1.366544e+001
ile	 150.0	-180.0	2.275707e-006	1.299322e+001
ile	 160.0	-180.0	6.746556e-006	1.190648e+001
ile	 170.0	-180.0	2.063944e-005	1.078831e+001
ile	-180.0	-170.0	2.295993e-005	1.068176e+001
ile	-170.0	-170.0	6.132061e-005	9.699394e+000
ile	-160.0	-170.0	1.621933e-004	8.726722e+000
ile	-150.0	-170.0	3.792527e-004	7.877308e+000
ile	-140.0	-170.0	6.759027e-004	7.299461e+000
ile	-130.0	-170.0	8.454796e-004	7.075607e+000
ile	-120.0	-170.0	7.417790e-004	7.206459e+000
ile	-110.0	-170.0	5.016044e-004	7.597699e+000
ile	-100.0	-170.0	3.214158e-004	8.042775e+000
ile	 -90.0	-170.0	2.439944e-004	8.318365e+000
ile	 -80.0	-170.0	2.172290e-004	8.434559e+000
ile	 -70.0	-170.0	1.846515e-004	8.597041e+000
ile	 -60.0	-170.0	1.283604e-004	8.960669e+000
ile	 -50.0	-170.0	6.884218e-005	9.583694e+000
ile	 -40.0	-170.0	2.869816e-005	1.045868e+001
ile	 -30.0	-170.0	1.006455e-005	1.150649e+001
ile	 -20.0	-170.0	3.663856e-006	1.251699e+001
ile	 -10.0	-170.0	1.932275e-006	1.315681e+001
ile	   0.0	-170.0	1.627006e-006	1.332877e+001
ile	  10.0	-170.0	1.758805e-006	1.325088e+001
ile	  20.0	-170.0	2.054225e-006	1.309561e+001
ile	  30.0	-170.0	2.410972e-006	1.293548e+001
ile	  40.0	-170.0	2.756716e-006	1.280147e+001
ile	  50.0	-170.0	3.022183e-006	1.270953e+001
ile	  60.0	-170.0	3.147162e-006	1.266901e+001
ile	  70.0	-170.0	3.096218e-006	1.268533e+001
ile	  80.0	-170.0	2.871449e-006	1.276069e+001
ile	  90.0	-170.0	2.512996e-006	1.289403e+001
ile	 100.0	-170.0	2.085386e-006	1.308056e+001
ile	 110.0	-170.0	1.657072e-006	1.331046e+001
ile	 120.0	-170.0	1.285390e-006	1.356445e+001
ile	 130.0	-170.0	1.019482e-006	1.379622e+001
ile	 140.0	-170.0	9.434175e-007	1.387376e+001
ile	 150.0	-170.0	1.329115e-006	1.353100e+001
ile	 160.0	-170.0	3.053299e-006	1.269929e+001
ile	 170.0	-170.0	8.437188e-006	1.168286e+001
ile	-180.0	-160.0	8.381968e-006	1.168943e+001
ile	-170.0	-160.0	2.100562e-005	1.077072e+001
ile	-160.0	-160.0	5.229111e-005	9.858684e+000
ile	-150.0	-160.0	1.157081e-004	9.064440e+000
ile	-140.0	-160.0	1.996894e-004	8.518747e+000
ile	-130.0	-160.0	2.509494e-004	8.290259e+000
ile	-120.0	-160.0	2.322447e-004	8.367719e+000
ile	-110.0	-160.0	1.744878e-004	8.653656e+000
ile	-100.0	-160.0	1.256782e-004	8.981786e+000
ile	 -90.0	-160.0	9.921141e-005	9.218258e+000
ile	 -80.0	-160.0	8.446740e-005	9.379145e+000
ile	 -70.0	-160.0	6.833856e-005	9.591036e+000
ile	 -60.0	-160.0	4.702642e-005	9.964801e+000
ile	 -50.0	-160.0	2.631888e-005	1.054522e+001
ile	 -40.0	-160.0	1.224425e-005	1.131045e+001
ile	 -30.0	-160.0	5.259497e-006	1.215548e+001
ile	 -20.0	-160.0	2.585870e-006	1.286545e+001
ile	 -10.0	-160.0	1.798686e-006	1.322845e+001
ile	   0.0	-160.0	1.720627e-006	1.327282e+001
ile	  10.0	-160.0	1.919179e-006	1.316361e+001
ile	  20.0	-160.0	2.239983e-006	1.300904e+001
ile	  30.0	-160.0	2.605220e-006	1.285799e+001
ile	  40.0	-160.0	2.949128e-006	1.273400e+001
ile	  50.0	-160.0	3.205686e-006	1.265058e+001
ile	  60.0	-160.0	3.316982e-006	1.261646e+001
ile	  70.0	-160.0	3.249201e-006	1.263710e+001
ile	  80.0	-160.0	3.005778e-006	1.271497e+001
ile	  90.0	-160.0	2.628434e-006	1.284912e+001
ile	 100.0	-160.0	2.183449e-006	1.303461e+001
ile	 110.0	-160.0	1.740291e-006	1.326146e+001
ile	 120.0	-160.0	1.354659e-006	1.351196e+001
ile	 130.0	-160.0	1.065356e-006	1.375220e+001
ile	 140.0	-160.0	9.116411e-007	1.390802e+001
ile	 150.0	-160.0	9.880801e-007	1.382750e+001
ile	 160.0	-160.0	1.580758e-006	1.335761e+001
ile	 170.0	-160.0	3.444643e-006	1.257869e+001
ile	-180.0	-150.0	3.615850e-006	1.253018e+001
ile	-170.0	-150.0	7.690537e-006	1.177552e+001
ile	-160.0	-150.0	1.673076e-005	1.099826e+001
ile	-150.0	-150.0	3.358011e-005	1.030158e+001
ile	-140.0	-150.0	5.536635e-005	9.801539e+000
ile	-130.0	-150.0	7.041972e-005	9.561037e+000
ile	-120.0	-150.0	7.005786e-005	9.566189e+000
ile	-110.0	-150.0	5.930763e-005	9.732773e+000
ile	-100.0	-150.0	4.787618e-005	9.946892e+000
ile	 -90.0	-150.0	3.962425e-005	1.013607e+001
ile	 -80.0	-150.0	3.328491e-005	1.031041e+001
ile	 -70.0	-150.0	2.643713e-005	1.054074e+001
ile	 -60.0	-150.0	1.850875e-005	1.089727e+001
ile	 -50.0	-150.0	1.115654e-005	1.140348e+001
ile	 -40.0	-150.0	6.042340e-006	1.201672e+001
ile	 -30.0	-150.0	3.319730e-006	1.261563e+001
ile	 -20.0	-150.0	2.186373e-006	1.303327e+001
ile	 -10.0	-150.0	1.865634e-006	1.319191e+001
ile	   0.0	-150.0	1.925581e-006	1.316028e+001
ile	  10.0	-150.0	2.177428e-006	1.303737e+001
ile	  20.0	-150.0	2.534976e-006	1.288533e+001
ile	  30.0	-150.0	2.937584e-006	1.273792e+001
ile	  40.0	-150.0	3.320928e-006	1.261527e+001
ile	  50.0	-150.0	3.613411e-006	1.253086e+001
ile	  60.0	-150.0	3.747624e-006	1.249439e+001
ile	  70.0	-150.0	3.680228e-006	1.251254e+001
ile	  80.0	-150.0	3.410214e-006	1.258874e+001
ile	  90.0	-150.0	2.983117e-006	1.272254e+001
ile	 100.0	-150.0	2.475811e-006	1.290894e+001
ile	 110.0	-150.0	1.969926e-006	1.313751e+001
ile	 120.0	-150.0	1.529453e-006	1.339060e+001
ile	 130.0	-150.0	1.193572e-006	1.363856e+001
ile	 140.0	-150.0	9.863566e-007	1.382925e+001
ile	 150.0	-150.0	9.423791e-007	1.387486e+001
ile	 160.0	-150.0	1.154803e-006	1.367158e+001
ile	 170.0	-150.0	1.862241e-006	1.319373e+001
ile	-180.0	-140.0	2.272757e-006	1.299452e+001
ile	-170.0	-140.0	3.922665e-006	1.244874e+001
ile	-160.0	-140.0	6.999946e-006	1.186961e+001
ile	-150.0	-140.0	1.200748e-005	1.132998e+001
ile	-140.0	-140.0	1.820932e-005	1.091358e+001
ile	-130.0	-140.0	2.312695e-005	1.067451e+001
ile	-120.0	-140.0	2.470059e-005	1.060868e+001
ile	-110.0	-140.0	2.337534e-005	1.066383e+001
ile	-100.0	-140.0	2.083962e-005	1.077865e+001
ile	 -90.0	-140.0	1.812895e-005	1.091800e+001
ile	 -80.0	-140.0	1.535887e-005	1.108382e+001
ile	 -70.0	-140.0	1.227828e-005	1.130768e+001
ile	 -60.0	-140.0	8.972874e-006	1.162130e+001
ile	 -50.0	-140.0	6.013672e-006	1.202148e+001
ile	 -40.0	-140.0	3.912445e-006	1.245135e+001
ile	 -30.0	-140.0	2.726894e-006	1.281235e+001
ile	 -20.0	-140.0	2.208605e-006	1.302315e+001
ile	 -10.0	-140.0	2.093670e-006	1.307659e+001
ile	   0.0	-140.0	2.220668e-006	1.301770e+001
ile	  10.0	-140.0	2.510578e-006	1.289500e+001
ile	  20.0	-140.0	2.916916e-006	1.274498e+001
ile	  30.0	-140.0	3.390949e-006	1.259440e+001
ile	  40.0	-140.0	3.865432e-006	1.246344e+001
ile	  50.0	-140.0	4.253413e-006	1.236779e+001
ile	  60.0	-140.0	4.462568e-006	1.231979e+001
ile	  70.0	-140.0	4.423875e-006	1.232849e+001
ile	  80.0	-140.0	4.122441e-006	1.239907e+001
ile	  90.0	-140.0	3.609697e-006	1.253189e+001
ile	 100.0	-140.0	2.985026e-006	1.272190e+001
ile	 110.0	-140.0	2.357313e-006	1.295799e+001
ile	 120.0	-140.0	1.810842e-006	1.322172e+001
ile	 130.0	-140.0	1.392709e-006	1.348426e+001
ile	 140.0	-140.0	1.121871e-006	1.370051e+001
ile	 150.0	-140.0	1.010500e-006	1.380507e+001
ile	 160.0	-140.0	1.091057e-006	1.372836e+001
ile	 170.0	-140.0	1.449692e-006	1.344416e+001
ile	-180.0	-130.0	1.918505e-006	1.316396e+001
ile	-170.0	-130.0	2.918302e-006	1.274451e+001
ile	-160.0	-130.0	4.555830e-006	1.229910e+001
ile	-150.0	-130.0	6.932747e-006	1.187925e+001
ile	-140.0	-130.0	9.816859e-006	1.153141e+001
ile	-130.0	-130.0	1.254150e-005	1.128647e+001
ile	-120.0	-130.0	1.438159e-005	1.114956e+001
ile	-110.0	-130.0	1.500003e-005	1.110746e+001
ile	-100.0	-130.0	1.445031e-005	1.114480e+001
ile	 -90.0	-130.0	1.299318e-005	1.125109e+001
ile	 -80.0	-130.0	1.096676e-005	1.142064e+001
ile	 -70.0	-130.0	8.705070e-006	1.165160e+001
ile	 -60.0	-130.0	6.539660e-006	1.193763e+001
ile	 -50.0	-130.0	4.769394e-006	1.225329e+001
ile	 -40.0	-130.0	3.546750e-006	1.254948e+001
ile	 -30.0	-130.0	2.837122e-006	1.277272e+001
ile	 -20.0	-130.0	2.510728e-006	1.289494e+001
ile	 -10.0	-130.0	2.451084e-006	1.291898e+001
ile	   0.0	-130.0	2.594518e-006	1.286211e+001
ile	  10.0	-130.0	2.914850e-006	1.274569e+001
ile	  20.0	-130.0	3.393194e-006	1.259374e+001
ile	  30.0	-130.0	3.992258e-006	1.243115e+001
ile	  40.0	-130.0	4.638457e-006	1.228113e+001
ile	  50.0	-130.0	5.215898e-006	1.216380e+001
ile	  60.0	-130.0	5.583293e-006	1.209573e+001
ile	  70.0	-130.0	5.619588e-006	1.208925e+001
ile	  80.0	-130.0	5.280332e-006	1.215152e+001
ile	  90.0	-130.0	4.626313e-006	1.228375e+001
ile	 100.0	-130.0	3.799134e-006	1.248074e+001
ile	 110.0	-130.0	2.959390e-006	1.273053e+001
ile	 120.0	-130.0	2.229884e-006	1.301356e+001
ile	 130.0	-130.0	1.673865e-006	1.330038e+001
ile	 140.0	-130.0	1.307327e-006	1.354753e+001
ile	 150.0	-130.0	1.126756e-006	1.369617e+001
ile	 160.0	-130.0	1.136765e-006	1.368732e+001
ile	 170.0	-130.0	1.372642e-006	1.349877e+001
ile	-180.0	-120.0	1.882139e-006	1.318310e+001
ile	-170.0	-120.0	2.783175e-006	1.279192e+001
ile	-160.0	-120.0	4.297666e-006	1.235744e+001
ile	-150.0	-120.0	6.608079e-006	1.192722e+001
ile	-140.0	-120.0	9.722867e-006	1.154103e+001
ile	-130.0	-120.0	1.327397e-005	1.122971e+001
ile	-120.0	-120.0	1.646987e-005	1.101398e+001
ile	-110.0	-120.0	1.835265e-005	1.090574e+001
ile	-100.0	-120.0	1.828898e-005	1.090921e+001
ile	 -90.0	-120.0	1.636306e-005	1.102048e+001
ile	 -80.0	-120.0	1.331390e-005	1.122670e+001
ile	 -70.0	-120.0	1.007393e-005	1.150556e+001
ile	 -60.0	-120.0	7.323188e-006	1.182446e+001
ile	 -50.0	-120.0	5.335182e-006	1.214119e+001
ile	 -40.0	-120.0	4.071216e-006	1.241157e+001
ile	 -30.0	-120.0	3.353051e-006	1.260564e+001
ile	 -20.0	-120.0	3.002956e-006	1.271591e+001
ile	 -10.0	-120.0	2.912544e-006	1.274648e+001
ile	   0.0	-120.0	3.045462e-006	1.270186e+001
ile	  10.0	-120.0	3.406689e-006	1.258977e+001
ile	  20.0	-120.0	4.005941e-006	1.242773e+001
ile	  30.0	-120.0	4.823014e-006	1.224211e+001
ile	  40.0	-120.0	5.774946e-006	1.206198e+001
ile	  50.0	-120.0	6.695844e-006	1.191402e+001
ile	  60.0	-120.0	7.356372e-006	1.181994e+001
ile	  70.0	-120.0	7.540318e-006	1.179525e+001
ile	  80.0	-120.0	7.148573e-006	1.184860e+001
ile	  90.0	-120.0	6.258372e-006	1.198159e+001
ile	 100.0	-120.0	5.087403e-006	1.218874e+001
ile	 110.0	-120.0	3.888729e-006	1.245743e+001
ile	 120.0	-120.0	2.852863e-006	1.276719e+001
ile	 130.0	-120.0	2.070634e-006	1.308766e+001
ile	 140.0	-120.0	1.553718e-006	1.337486e+001
ile	 150.0	-120.0	1.278451e-006	1.356986e+001
ile	 160.0	-120.0	1.225186e-006	1.361242e+001
ile	 170.0	-120.0	1.405556e-006	1.347508e+001
ile	-180.0	-110.0	2.038130e-006	1.310348e+001
ile	-170.0	-110.0	3.172944e-006	1.266085e+001
ile	-160.0	-110.0	5.327732e-006	1.214258e+001
ile	-150.0	-110.0	9.060220e-006	1.161162e+001
ile	-140.0	-110.0	1.473716e-005	1.112514e+001
ile	-130.0	-110.0	2.190108e-005	1.072897e+001
ile	-120.0	-110.0	2.882440e-005	1.045429e+001
ile	-110.0	-110.0	3.305078e-005	1.031747e+001
ile	-100.0	-110.0	3.290826e-005	1.032179e+001
ile	 -90.0	-110.0	2.867118e-005	1.045962e+001
ile	 -80.0	-110.0	2.224285e-005	1.071349e+001
ile	 -70.0	-110.0	1.581158e-005	1.105477e+001
ile	 -60.0	-110.0	1.073315e-005	1.144217e+001
ile	 -50.0	-110.0	7.320604e-006	1.182482e+001
ile	 -40.0	-110.0	5.283549e-006	1.215091e+001
ile	 -30.0	-110.0	4.178901e-006	1.238546e+001
ile	 -20.0	-110.0	3.639871e-006	1.252356e+001
ile	 -10.0	-110.0	3.459709e-006	1.257433e+001
ile	   0.0	-110.0	3.577289e-006	1.254091e+001
ile	  10.0	-110.0	4.017154e-006	1.242494e+001
ile	  20.0	-110.0	4.826404e-006	1.224141e+001
ile	  30.0	-110.0	6.013000e-006	1.202159e+001
ile	  40.0	-110.0	7.480851e-006	1.180316e+001
ile	  50.0	-110.0	8.982072e-006	1.162028e+001
ile	  60.0	-110.0	1.013944e-005	1.149908e+001
ile	  70.0	-110.0	1.057601e-005	1.145692e+001
ile	  80.0	-110.0	1.010113e-005	1.150286e+001
ile	  90.0	-110.0	8.821839e-006	1.163828e+001
ile	 100.0	-110.0	7.086030e-006	1.185739e+001
ile	 110.0	-110.0	5.302485e-006	1.214733e+001
ile	 120.0	-110.0	3.773306e-006	1.248756e+001
ile	 130.0	-110.0	2.632567e-006	1.284755e+001
ile	 140.0	-110.0	1.883182e-006	1.318255e+001
ile	 150.0	-110.0	1.470335e-006	1.343002e+001
ile	 160.0	-110.0	1.344451e-006	1.351952e+001
ile	 170.0	-110.0	1.504625e-006	1.340697e+001
ile	-180.0	-100.0	2.435144e-006	1.292550e+001
ile	-170.0	-100.0	4.263100e-006	1.236551e+001
ile	-160.0	-100.0	8.187747e-006	1.171287e+001
ile	-150.0	-100.0	1.574784e-005	1.105881e+001
ile	-140.0	-100.0	2.822362e-005	1.047535e+001
ile	-130.0	-100.0	4.482182e-005	1.001282e+001
ile	-120.0	-100.0	6.119515e-005	9.701443e+000
ile	-110.0	-100.0	7.093831e-005	9.553700e+000
ile	-100.0	-100.0	7.000393e-005	9.566959e+000
ile	 -90.0	-100.0	5.965787e-005	9.726884e+000
ile	 -80.0	-100.0	4.492619e-005	1.001049e+001
ile	 -70.0	-100.0	3.079212e-005	1.038825e+001
ile	 -60.0	-100.0	1.985957e-005	1.082682e+001
ile	 -50.0	-100.0	1.247714e-005	1.129161e+001
ile	 -40.0	-100.0	8.004664e-006	1.173549e+001
ile	 -30.0	-100.0	5.608237e-006	1.209127e+001
ile	 -20.0	-100.0	4.488313e-006	1.231403e+001
ile	 -10.0	-100.0	4.092270e-006	1.240641e+001
ile	   0.0	-100.0	4.189542e-006	1.238292e+001
ile	  10.0	-100.0	4.772668e-006	1.225261e+001
ile	  20.0	-100.0	5.924872e-006	1.203635e+001
ile	  30.0	-100.0	7.693599e-006	1.177512e+001
ile	  40.0	-100.0	9.963791e-006	1.151655e+001
ile	  50.0	-100.0	1.236245e-005	1.130085e+001
ile	  60.0	-100.0	1.428445e-005	1.115634e+001
ile	  70.0	-100.0	1.510538e-005	1.110046e+001
ile	  80.0	-100.0	1.449617e-005	1.114163e+001
ile	  90.0	-100.0	1.261473e-005	1.128065e+001
ile	 100.0	-100.0	1.001405e-005	1.151152e+001
ile	 110.0	-100.0	7.343717e-006	1.182167e+001
ile	 120.0	-100.0	5.074744e-006	1.219123e+001
ile	 130.0	-100.0	3.403252e-006	1.259078e+001
ile	 140.0	-100.0	2.315579e-006	1.297585e+001
ile	 150.0	-100.0	1.709806e-006	1.327913e+001
ile	 160.0	-100.0	1.497921e-006	1.341143e+001
ile	 170.0	-100.0	1.680759e-006	1.329627e+001
ile	-180.0	 -90.0	3.231040e-006	1.264271e+001
ile	-170.0	 -90.0	6.548786e-006	1.193623e+001
ile	-160.0	 -90.0	1.432510e-005	1.115350e+001
ile	-150.0	 -90.0	3.046955e-005	1.039878e+001
ile	-140.0	 -90.0	5.874525e-005	9.742300e+000
ile	-130.0	 -90.0	9.808285e-005	9.229698e+000
ile	-120.0	 -90.0	1.382552e-004	8.886409e+000
ile	-110.0	 -90.0	1.633605e-004	8.719551e+000
ile	-100.0	 -90.0	1.632483e-004	8.720238e+000
ile	 -90.0	 -90.0	1.411207e-004	8.865895e+000
ile	 -80.0	 -90.0	1.089405e-004	9.124708e+000
ile	 -70.0	 -90.0	7.709121e-005	9.470521e+000
ile	 -60.0	 -90.0	5.037959e-005	9.895924e+000
ile	 -50.0	 -90.0	3.024169e-005	1.040629e+001
ile	 -40.0	 -90.0	1.682052e-005	1.099291e+001
ile	 -30.0	 -90.0	9.376641e-006	1.157729e+001
ile	 -20.0	 -90.0	6.046821e-006	1.201598e+001
ile	 -10.0	 -90.0	4.899896e-006	1.222630e+001
ile	   0.0	 -90.0	4.874970e-006	1.223140e+001
ile	  10.0	 -90.0	5.662485e-006	1.208165e+001
ile	  20.0	 -90.0	7.309137e-006	1.182639e+001
ile	  30.0	 -90.0	9.895420e-006	1.152344e+001
ile	  40.0	 -90.0	1.327718e-005	1.122946e+001
ile	  50.0	 -90.0	1.690954e-005	1.098763e+001
ile	  60.0	 -90.0	1.987450e-005	1.082607e+001
ile	  70.0	 -90.0	2.120946e-005	1.076106e+001
ile	  80.0	 -90.0	2.040029e-005	1.079996e+001
ile	  90.0	 -90.0	1.768197e-005	1.094297e+001
ile	 100.0	 -90.0	1.389477e-005	1.118400e+001
ile	 110.0	 -90.0	1.001966e-005	1.151096e+001
ile	 120.0	 -90.0	6.755454e-006	1.190516e+001
ile	 130.0	 -90.0	4.377766e-006	1.233897e+001
ile	 140.0	 -90.0	2.846533e-006	1.276941e+001
ile	 150.0	 -90.0	1.996406e-006	1.312416e+001
ile	 160.0	 -90.0	1.696711e-006	1.328682e+001
ile	 170.0	 -90.0	1.980708e-006	1.313206e+001
ile	-180.0	 -80.0	4.636999e-006	1.228144e+001
ile	-170.0	 -80.0	1.063279e-005	1.145157e+001
ile	-160.0	 -80.0	2.546702e-005	1.057813e+001
ile	-150.0	 -80.0	5.794619e-005	9.755996e+000
ile	-140.0	 -80.0	1.177868e-004	9.046634e+000
ile	-130.0	 -80.0	2.055498e-004	8.489822e+000
ile	-120.0	 -80.0	3.020092e-004	8.105053e+000
ile	-110.0	 -80.0	3.733150e-004	7.893088e+000
ile	-100.0	 -80.0	3.939358e-004	7.839323e+000
ile	 -90.0	 -80.0	3.660403e-004	7.912767e+000
ile	 -80.0	 -80.0	3.119348e-004	8.072716e+000
ile	 -70.0	 -80.0	2.463806e-004	8.308633e+000
ile	 -60.0	 -80.0	1.741477e-004	8.655607e+000
ile	 -50.0	 -80.0	1.050338e-004	9.161228e+000
ile	 -40.0	 -80.0	5.223502e-005	9.859757e+000
ile	 -30.0	 -80.0	2.239815e-005	1.070653e+001
ile	 -20.0	 -80.0	1.008761e-005	1.150420e+001
ile	 -10.0	 -80.0	6.219629e-006	1.198780e+001
ile	   0.0	 -80.0	5.633457e-006	1.208679e+001
ile	  10.0	 -80.0	6.606249e-006	1.192749e+001
ile	  20.0	 -80.0	8.851203e-006	1.163496e+001
ile	  30.0	 -80.0	1.241990e-005	1.129621e+001
ile	  40.0	 -80.0	1.712126e-005	1.097519e+001
ile	  50.0	 -80.0	2.220576e-005	1.071516e+001
ile	  60.0	 -80.0	2.638704e-005	1.054264e+001
ile	  70.0	 -80.0	2.830725e-005	1.047239e+001
ile	  80.0	 -80.0	2.724109e-005	1.051078e+001
ile	  90.0	 -80.0	2.352299e-005	1.065753e+001
ile	 100.0	 -80.0	1.833745e-005	1.090657e+001
ile	 110.0	 -80.0	1.305574e-005	1.124628e+001
ile	 120.0	 -80.0	8.640077e-006	1.165910e+001
ile	 130.0	 -80.0	5.453733e-006	1.211921e+001
ile	 140.0	 -80.0	3.422621e-006	1.258510e+001
ile	 150.0	 -80.0	2.310641e-006	1.297799e+001
ile	 160.0	 -80.0	1.954419e-006	1.314542e+001
ile	 170.0	 -80.0	2.475361e-006	1.290912e+001
ile	-180.0	 -70.0	6.743051e-006	1.190700e+001
ile	-170.0	 -70.0	1.663794e-005	1.100382e+001
ile	-160.0	 -70.0	4.184517e-005	1.008153e+001
ile	-150.0	 -70.0	9.920650e-005	9.218307e+000
ile	-140.0	 -70.0	2.098915e-004	8.468920e+000
ile	-130.0	 -70.0	3.825510e-004	7.868648e+000
ile	-120.0	 -70.0	5.928214e-004	7.430617e+000
ile	-110.0	 -70.0	7.850315e-004	7.149787e+000
ile	-100.0	 -70.0	9.041521e-004	7.008513e+000
ile	 -90.0	 -70.0	9.404577e-004	6.969144e+000
ile	 -80.0	 -70.0	9.257400e-004	6.984917e+000
ile	 -70.0	 -70.0	8.561744e-004	7.063036e+000
ile	 -60.0	 -70.0	6.886304e-004	7.280806e+000
ile	 -50.0	 -70.0	4.334056e-004	7.743837e+000
ile	 -40.0	 -70.0	1.977101e-004	8.528709e+000
ile	 -30.0	 -70.0	6.729434e-005	9.606434e+000
ile	 -20.0	 -70.0	2.082273e-005	1.077947e+001
ile	 -10.0	 -70.0	8.631048e-006	1.166014e+001
ile	   0.0	 -70.0	6.449182e-006	1.195156e+001
ile	  10.0	 -70.0	7.441787e-006	1.180840e+001
ile	  20.0	 -70.0	1.025984e-005	1.148727e+001
ile	  30.0	 -70.0	1.478437e-005	1.112194e+001
ile	  40.0	 -70.0	2.075364e-005	1.078279e+001
ile	  50.0	 -70.0	2.721852e-005	1.051161e+001
ile	  60.0	 -70.0	3.254209e-005	1.033298e+001
ile	  70.0	 -70.0	3.499467e-005	1.026031e+001
ile	  80.0	 -70.0	3.365844e-005	1.029925e+001
ile	  90.0	 -70.0	2.897185e-005	1.044919e+001
ile	 100.0	 -70.0	2.245267e-005	1.070410e+001
ile	 110.0	 -70.0	1.584302e-005	1.105278e+001
ile	 120.0	 -70.0	1.035061e-005	1.147847e+001
ile	 130.0	 -70.0	6.416699e-006	1.195661e+001
ile	 140.0	 -70.0	3.933890e-006	1.244588e+001
ile	 150.0	 -70.0	2.607693e-006	1.285704e+001
ile	 160.0	 -70.0	2.272993e-006	1.299441e+001
ile	 170.0	 -70.0	3.211010e-006	1.264893e+001
ile	-180.0	 -60.0	9.309187e-006	1.158451e+001
ile	-170.0	 -60.0	2.362168e-005	1.065335e+001
ile	-160.0	 -60.0	6.047985e-005	9.713200e+000
ile	-150.0	 -60.0	1.465474e-004	8.828162e+000
ile	-140.0	 -60.0	3.189327e-004	8.050530e+000
ile	-130.0	 -60.0	6.031810e-004	7.413293e+000
ile	-120.0	 -60.0	9.836512e-004	6.924239e+000
ile	-110.0	 -60.0	1.395606e-003	6.574426e+000
ile	-100.0	 -60.0	1.755278e-003	6.345128e+000
ile	 -90.0	 -60.0	2.044449e-003	6.192627e+000
ile	 -80.0	 -60.0	2.338855e-003	6.058094e+000
ile	 -70.0	 -60.0	2.609771e-003	5.948493e+000
ile	 -60.0	 -60.0	2.475009e-003	6.001511e+000
ile	 -50.0	 -60.0	1.638536e-003	6.413952e+000
ile	 -40.0	 -60.0	6.850226e-004	7.286059e+000
ile	 -30.0	 -60.0	1.902747e-004	8.567042e+000
ile	 -20.0	 -60.0	4.299360e-005	1.005446e+001
ile	 -10.0	 -60.0	1.214110e-005	1.131891e+001
ile	   0.0	 -60.0	7.143064e-006	1.184937e+001
ile	  10.0	 -60.0	7.950944e-006	1.174222e+001
ile	  20.0	 -60.0	1.116316e-005	1.140289e+001
ile	  30.0	 -60.0	1.635655e-005	1.102088e+001
ile	  40.0	 -60.0	2.319072e-005	1.067176e+001
ile	  50.0	 -60.0	3.057642e-005	1.039528e+001
ile	  60.0	 -60.0	3.664291e-005	1.021429e+001
ile	  70.0	 -60.0	3.941879e-005	1.014127e+001
ile	  80.0	 -60.0	3.786907e-005	1.018138e+001
ile	  90.0	 -60.0	3.251292e-005	1.033387e+001
ile	 100.0	 -60.0	2.509651e-005	1.059278e+001
ile	 110.0	 -60.0	1.760821e-005	1.094715e+001
ile	 120.0	 -60.0	1.141389e-005	1.138068e+001
ile	 130.0	 -60.0	7.002019e-006	1.186931e+001
ile	 140.0	 -60.0	4.244686e-006	1.236984e+001
ile	 150.0	 -60.0	2.824714e-006	1.277710e+001
ile	 160.0	 -60.0	2.622327e-006	1.285145e+001
ile	 170.0	 -60.0	4.134881e-006	1.239605e+001
ile	-180.0	 -50.0	1.179535e-005	1.134781e+001
ile	-170.0	 -50.0	2.998691e-005	1.041475e+001
ile	-160.0	 -50.0	7.678683e-005	9.474477e+000
ile	-150.0	 -50.0	1.872552e-004	8.583038e+000
ile	-140.0	 -50.0	4.116556e-004	7.795323e+000
ile	-130.0	 -50.0	7.891839e-004	7.144511e+000
ile	-120.0	 -50.0	1.317111e-003	6.632315e+000
ile	-110.0	 -50.0	1.945474e-003	6.242250e+000
ile	-100.0	 -50.0	2.605418e-003	5.950162e+000
ile	 -90.0	 -50.0	3.340218e-003	5.701719e+000
ile	 -80.0	 -50.0	4.492102e-003	5.405434e+000
ile	 -70.0	 -50.0	6.254446e-003	5.074463e+000
ile	 -60.0	 -50.0	6.923276e-003	4.972866e+000
ile	 -50.0	 -50.0	4.621742e-003	5.376984e+000
ile	 -40.0	 -50.0	1.720536e-003	6.365119e+000
ile	 -30.0	 -50.0	3.937268e-004	7.839853e+000
ile	 -20.0	 -50.0	6.923620e-005	9.577987e+000
ile	 -10.0	 -50.0	1.472800e-005	1.112576e+001
ile	   0.0	 -50.0	7.292065e-006	1.182872e+001
ile	  10.0	 -50.0	7.955603e-006	1.174163e+001
ile	  20.0	 -50.0	1.129999e-005	1.139071e+001
ile	  30.0	 -50.0	1.667465e-005	1.100162e+001
ile	  40.0	 -50.0	2.369652e-005	1.065018e+001
ile	  50.0	 -50.0	3.124261e-005	1.037373e+001
ile	  60.0	 -50.0	3.740275e-005	1.019377e+001
ile	  70.0	 -50.0	4.017649e-005	1.012223e+001
ile	  80.0	 -50.0	3.852927e-005	1.016409e+001
ile	  90.0	 -50.0	3.301341e-005	1.031860e+001
ile	 100.0	 -50.0	2.542368e-005	1.057983e+001
ile	 110.0	 -50.0	1.778839e-005	1.093696e+001
ile	 120.0	 -50.0	1.149185e-005	1.137387e+001
ile	 130.0	 -50.0	7.024022e-006	1.186617e+001
ile	 140.0	 -50.0	4.258281e-006	1.236664e+001
ile	 150.0	 -50.0	2.903603e-006	1.274956e+001
ile	 160.0	 -50.0	2.930941e-006	1.274019e+001
ile	 170.0	 -50.0	5.066135e-006	1.219293e+001
ile	-180.0	 -40.0	1.370560e-005	1.119771e+001
ile	-170.0	 -40.0	3.491451e-005	1.026261e+001
ile	-160.0	 -40.0	8.965143e-005	9.319581e+000
ile	-150.0	 -40.0	2.187423e-004	8.427616e+000
ile	-140.0	 -40.0	4.752984e-004	7.651568e+000
ile	-130.0	 -40.0	8.875417e-004	7.027055e+000
ile	-120.0	 -40.0	1.438065e-003	6.544457e+000
ile	-110.0	 -40.0	2.101916e-003	6.164906e+000
ile	-100.0	 -40.0	2.898819e-003	5.843452e+000
ile	 -90.0	 -40.0	4.077944e-003	5.502162e+000
ile	 -80.0	 -40.0	6.704187e-003	5.005023e+000
ile	 -70.0	 -40.0	1.163354e-002	4.453863e+000
ile	 -60.0	 -40.0	1.400573e-002	4.268289e+000
ile	 -50.0	 -40.0	8.807665e-003	4.732133e+000
ile	 -40.0	 -40.0	2.786163e-003	5.883090e+000
ile	 -30.0	 -40.0	5.151238e-004	7.571103e+000
ile	 -20.0	 -40.0	7.347277e-005	9.518596e+000
ile	 -10.0	 -40.0	1.349706e-005	1.121304e+001
ile	   0.0	 -40.0	6.641153e-006	1.192222e+001
ile	  10.0	 -40.0	7.476618e-006	1.180373e+001
ile	  20.0	 -40.0	1.070695e-005	1.144462e+001
ile	  30.0	 -40.0	1.575377e-005	1.105843e+001
ile	  40.0	 -40.0	2.225386e-005	1.071300e+001
ile	  50.0	 -40.0	2.916443e-005	1.044256e+001
ile	  60.0	 -40.0	3.473988e-005	1.026762e+001
ile	  70.0	 -40.0	3.717350e-005	1.019991e+001
ile	  80.0	 -40.0	3.555277e-005	1.024449e+001
ile	  90.0	 -40.0	3.041058e-005	1.040072e+001
ile	 100.0	 -40.0	2.339990e-005	1.066278e+001
ile	 110.0	 -40.0	1.637294e-005	1.101988e+001
ile	 120.0	 -40.0	1.058803e-005	1.145579e+001
ile	 130.0	 -40.0	6.490410e-006	1.194518e+001
ile	 140.0	 -40.0	3.975698e-006	1.243531e+001
ile	 150.0	 -40.0	2.820284e-006	1.277867e+001
ile	 160.0	 -40.0	3.109234e-006	1.268113e+001
ile	 170.0	 -40.0	5.769257e-006	1.206297e+001
ile	-180.0	 -30.0	1.487976e-005	1.111551e+001
ile	-170.0	 -30.0	3.897827e-005	1.015251e+001
ile	-160.0	 -30.0	1.032330e-004	9.178522e+000
ile	-150.0	 -30.0	2.562193e-004	8.269477e+000
ile	-140.0	 -30.0	5.496350e-004	7.506256e+000
ile	-130.0	 -30.0	9.777954e-004	6.930210e+000
ile	-120.0	 -30.0	1.470306e-003	6.522285e+000
ile	-110.0	 -30.0	2.011463e-003	6.208893e+000
ile	-100.0	 -30.0	2.755040e-003	5.894323e+000
ile	 -90.0	 -30.0	4.278982e-003	5.454040e+000
ile	 -80.0	 -30.0	8.535136e-003	4.763564e+000
ile	 -70.0	 -30.0	1.652833e-002	4.102679e+000
ile	 -60.0	 -30.0	1.936066e-002	3.944512e+000
ile	 -50.0	 -30.0	1.083058e-002	4.525381e+000
ile	 -40.0	 -30.0	2.828474e-003	5.868018e+000
ile	 -30.0	 -30.0	4.107845e-004	7.797442e+000
ile	 -20.0	 -30.0	4.845350e-005	9.934906e+000
ile	 -10.0	 -30.0	9.206987e-006	1.159555e+001
ile	   0.0	 -30.0	5.581932e-006	1.209598e+001
ile	  10.0	 -30.0	6.791537e-006	1.189983e+001
ile	  20.0	 -30.0	9.744524e-006	1.153881e+001
ile	  30.0	 -30.0	1.413078e-005	1.116716e+001
ile	  40.0	 -30.0	1.963743e-005	1.083807e+001
ile	  50.0	 -30.0	2.537417e-005	1.058178e+001
ile	  60.0	 -30.0	2.989765e-005	1.041773e+001
ile	  70.0	 -30.0	3.174820e-005	1.035767e+001
ile	  80.0	 -30.0	3.022119e-005	1.040697e+001
ile	  90.0	 -30.0	2.579684e-005	1.056526e+001
ile	 100.0	 -30.0	1.985823e-005	1.082689e+001
ile	 110.0	 -30.0	1.393545e-005	1.118107e+001
ile	 120.0	 -30.0	9.063224e-006	1.161129e+001
ile	 130.0	 -30.0	5.610115e-006	1.209094e+001
ile	 140.0	 -30.0	3.504378e-006	1.256150e+001
ile	 150.0	 -30.0	2.606415e-006	1.285754e+001
ile	 160.0	 -30.0	3.107476e-006	1.268170e+001
ile	 170.0	 -30.0	6.092154e-006	1.200851e+001
ile	-180.0	 -20.0	1.542525e-005	1.107950e+001
ile	-170.0	 -20.0	4.274116e-005	1.006035e+001
ile	-160.0	 -20.0	1.204882e-004	9.023958e+000
ile	-150.0	 -20.0	3.134833e-004	8.067764e+000
ile	-140.0	 -20.0	6.873973e-004	7.282598e+000
ile	-130.0	 -20.0	1.215256e-003	6.712801e+000
ile	-120.0	 -20.0	1.758040e-003	6.343555e+000
ile	-110.0	 -20.0	2.249977e-003	6.096835e+000
ile	-100.0	 -20.0	2.913618e-003	5.838360e+000
ile	 -90.0	 -20.0	4.536312e-003	5.395641e+000
ile	 -80.0	 -20.0	9.053644e-003	4.704588e+000
ile	 -70.0	 -20.0	1.610010e-002	4.128930e+000
ile	 -60.0	 -20.0	1.648157e-002	4.105512e+000
ile	 -50.0	 -20.0	7.930425e-003	4.837049e+000
ile	 -40.0	 -20.0	1.738378e-003	6.354803e+000
ile	 -30.0	 -20.0	2.038275e-004	8.498236e+000
ile	 -20.0	 -20.0	2.118094e-005	1.076241e+001
ile	 -10.0	 -20.0	5.503516e-006	1.211012e+001
ile	   0.0	 -20.0	4.772282e-006	1.225269e+001
ile	  10.0	 -20.0	6.278750e-006	1.197834e+001
ile	  20.0	 -20.0	8.929075e-006	1.162620e+001
ile	  30.0	 -20.0	1.260592e-005	1.128134e+001
ile	  40.0	 -20.0	1.702428e-005	1.098087e+001
ile	  50.0	 -20.0	2.145315e-005	1.074964e+001
ile	  60.0	 -20.0	2.478450e-005	1.060529e+001
ile	  70.0	 -20.0	2.595109e-005	1.055930e+001
ile	  80.0	 -20.0	2.448861e-005	1.061730e+001
ile	  90.0	 -20.0	2.082539e-005	1.077934e+001
ile	 100.0	 -20.0	1.604683e-005	1.104000e+001
ile	 110.0	 -20.0	1.132460e-005	1.138853e+001
ile	 120.0	 -20.0	7.443845e-006	1.180812e+001
ile	 130.0	 -20.0	4.686090e-006	1.227091e+001
ile	 140.0	 -20.0	3.009792e-006	1.271364e+001
ile	 150.0	 -20.0	2.350479e-006	1.296089e+001
ile	 160.0	 -20.0	2.974612e-006	1.272540e+001
ile	 170.0	 -20.0	6.073825e-006	1.201152e+001
ile	-180.0	 -10.0	1.562663e-005	1.106653e+001
ile	-170.0	 -10.0	4.566947e-005	9.994080e+000
ile	-160.0	 -10.0	1.374826e-004	8.892013e+000
ile	-150.0	 -10.0	3.810704e-004	7.872526e+000
ile	-140.0	 -10.0	8.857447e-004	7.029082e+000
ile	-130.0	 -10.0	1.648342e-003	6.407985e+000
ile	-120.0	 -10.0	2.454365e-003	6.009887e+000
ile	-110.0	 -10.0	3.054655e-003	5.791089e+000
ile	-100.0	 -10.0	3.524236e-003	5.648092e+000
ile	 -90.0	 -10.0	4.509560e-003	5.401556e+000
ile	 -80.0	 -10.0	7.014349e-003	4.959797e+000
ile	 -70.0	 -10.0	9.839861e-003	4.621314e+000
ile	 -60.0	 -10.0	8.265339e-003	4.795684e+000
ile	 -50.0	 -10.0	3.383281e-003	5.688909e+000
ile	 -40.0	 -10.0	6.491502e-004	7.339846e+000
ile	 -30.0	 -10.0	6.798437e-005	9.596233e+000
ile	 -20.0	 -10.0	7.851895e-006	1.175476e+001
ile	 -10.0	 -10.0	3.851744e-006	1.246698e+001
ile	   0.0	 -10.0	4.523899e-006	1.230614e+001
ile	  10.0	 -10.0	6.226510e-006	1.198669e+001
ile	  20.0	 -10.0	8.710789e-006	1.165095e+001
ile	  30.0	 -10.0	1.189048e-005	1.133977e+001
ile	  40.0	 -10.0	1.546087e-005	1.107720e+001
ile	  50.0	 -10.0	1.880112e-005	1.088159e+001
ile	  60.0	 -10.0	2.108004e-005	1.076718e+001
ile	  70.0	 -10.0	2.157590e-005	1.074393e+001
ile	  80.0	 -10.0	2.005413e-005	1.081708e+001
ile	  90.0	 -10.0	1.692501e-005	1.098672e+001
ile	 100.0	 -10.0	1.303760e-005	1.124767e+001
ile	 110.0	 -10.0	9.264337e-006	1.158934e+001
ile	 120.0	 -10.0	6.176407e-006	1.199477e+001
ile	 130.0	 -10.0	3.976924e-006	1.243500e+001
ile	 140.0	 -10.0	2.644821e-006	1.284291e+001
ile	 150.0	 -10.0	2.171188e-006	1.304024e+001
ile	 160.0	 -10.0	2.867582e-006	1.276204e+001
ile	 170.0	 -10.0	5.977108e-006	1.202757e+001
ile	-180.0	   0.0	1.622106e-005	1.102920e+001
ile	-170.0	   0.0	4.791877e-005	9.946003e+000
ile	-160.0	   0.0	1.493350e-004	8.809319e+000
ile	-150.0	   0.0	4.360298e-004	7.737800e+000
ile	-140.0	   0.0	1.076312e-003	6.834215e+000
ile	-130.0	   0.0	2.116310e-003	6.158081e+000
ile	-120.0	   0.0	3.241249e-003	5.731796e+000
ile	-110.0	   0.0	3.906115e-003	5.545212e+000
ile	-100.0	   0.0	3.918427e-003	5.542065e+000
ile	 -90.0	   0.0	3.754651e-003	5.584760e+000
ile	 -80.0	   0.0	3.960853e-003	5.531296e+000
ile	 -70.0	   0.0	3.974143e-003	5.527946e+000
ile	 -60.0	   0.0	2.652469e-003	5.932264e+000
ile	 -50.0	   0.0	9.405105e-004	6.969088e+000
ile	 -40.0	   0.0	1.699984e-004	8.679721e+000
ile	 -30.0	   0.0	1.909145e-005	1.086627e+001
ile	 -20.0	   0.0	3.889566e-006	1.245721e+001
ile	 -10.0	   0.0	3.563768e-006	1.254469e+001
ile	   0.0	   0.0	4.822228e-006	1.224227e+001
ile	  10.0	   0.0	6.769059e-006	1.190315e+001
ile	  20.0	   0.0	9.342175e-006	1.158097e+001
ile	  30.0	   0.0	1.239028e-005	1.129860e+001
ile	  40.0	   0.0	1.554046e-005	1.107206e+001
ile	  50.0	   0.0	1.820187e-005	1.091399e+001
ile	  60.0	   0.0	1.971188e-005	1.083429e+001
ile	  70.0	   0.0	1.960002e-005	1.083998e+001
ile	  80.0	   0.0	1.783211e-005	1.093451e+001
ile	  90.0	   0.0	1.485580e-005	1.111712e+001
ile	 100.0	   0.0	1.139452e-005	1.138238e+001
ile	 110.0	   0.0	8.131312e-006	1.171979e+001
ile	 120.0	   0.0	5.490869e-006	1.211242e+001
ile	 130.0	   0.0	3.616770e-006	1.252993e+001
ile	 140.0	   0.0	2.498604e-006	1.289978e+001
ile	 150.0	   0.0	2.170414e-006	1.304059e+001
ile	 160.0	   0.0	2.990184e-006	1.272018e+001
ile	 170.0	   0.0	6.246509e-006	1.198349e+001
ile	-180.0	  10.0	1.828257e-005	1.090956e+001
ile	-170.0	  10.0	5.153233e-005	9.873301e+000
ile	-160.0	  10.0	1.563786e-004	8.763231e+000
ile	-150.0	  10.0	4.584800e-004	7.687594e+000
ile	-140.0	  10.0	1.154514e-003	6.764076e+000
ile	-130.0	  10.0	2.303755e-003	6.073215e+000
ile	-120.0	  10.0	3.494506e-003	5.656563e+000
ile	-110.0	  10.0	3.992380e-003	5.523368e+000
ile	-100.0	  10.0	3.525822e-003	5.647642e+000
ile	 -90.0	  10.0	2.620409e-003	5.944425e+000
ile	 -80.0	  10.0	1.873077e-003	6.280173e+000
ile	 -70.0	  10.0	1.287326e-003	6.655188e+000
ile	 -60.0	  10.0	6.717622e-004	7.305606e+000
ile	 -50.0	  10.0	2.144249e-004	8.447551e+000
ile	 -40.0	  10.0	4.066175e-005	1.011022e+001
ile	 -30.0	  10.0	6.577916e-006	1.193179e+001
ile	 -20.0	  10.0	3.157816e-006	1.266563e+001
ile	 -10.0	  10.0	3.904456e-006	1.245339e+001
ile	   0.0	  10.0	5.560814e-006	1.209977e+001
ile	  10.0	  10.0	7.901058e-006	1.174851e+001
ile	  20.0	  10.0	1.085419e-005	1.143096e+001
ile	  30.0	  10.0	1.417048e-005	1.116435e+001
ile	  40.0	  10.0	1.736514e-005	1.096105e+001
ile	  50.0	  10.0	1.978983e-005	1.083034e+001
ile	  60.0	  10.0	2.083291e-005	1.077898e+001
ile	  70.0	  10.0	2.017530e-005	1.081105e+001
ile	  80.0	  10.0	1.795487e-005	1.092765e+001
ile	  90.0	  10.0	1.471915e-005	1.112636e+001
ile	 100.0	  10.0	1.118578e-005	1.140087e+001
ile	 110.0	  10.0	7.965380e-006	1.174041e+001
ile	 120.0	  10.0	5.407043e-006	1.212781e+001
ile	 130.0	  10.0	3.614668e-006	1.253051e+001
ile	 140.0	  10.0	2.581305e-006	1.286722e+001
ile	 150.0	  10.0	2.384608e-006	1.294648e+001
ile	 160.0	  10.0	3.474400e-006	1.257009e+001
ile	 170.0	  10.0	7.292350e-006	1.182868e+001
ile	-180.0	  20.0	2.208488e-005	1.072062e+001
ile	-170.0	  20.0	5.755564e-005	9.762758e+000
ile	-160.0	  20.0	1.592397e-004	8.745100e+000
ile	-150.0	  20.0	4.355490e-004	7.738903e+000
ile	-140.0	  20.0	1.048862e-003	6.860050e+000
ile	-130.0	  20.0	2.016018e-003	6.206631e+000
ile	-120.0	  20.0	2.918424e-003	5.836712e+000
ile	-110.0	  20.0	3.112382e-003	5.772367e+000
ile	-100.0	  20.0	2.470058e-003	6.003513e+000
ile	 -90.0	  20.0	1.537584e-003	6.477543e+000
ile	 -80.0	  20.0	8.293496e-004	7.094869e+000
ile	 -70.0	  20.0	4.135465e-004	7.790740e+000
ile	 -60.0	  20.0	1.735994e-004	8.658760e+000
ile	 -50.0	  20.0	5.303604e-005	9.844539e+000
ile	 -40.0	  20.0	1.230526e-005	1.130548e+001
ile	 -30.0	  20.0	3.888898e-006	1.245738e+001
ile	 -20.0	  20.0	3.341345e-006	1.260914e+001
ile	 -10.0	  20.0	4.536994e-006	1.230325e+001
ile	   0.0	  20.0	6.608782e-006	1.192711e+001
ile	  10.0	  20.0	9.492357e-006	1.156502e+001
ile	  20.0	  20.0	1.307498e-005	1.124481e+001
ile	  30.0	  20.0	1.700054e-005	1.098227e+001
ile	  40.0	  20.0	2.063650e-005	1.078845e+001
ile	  50.0	  20.0	2.320054e-005	1.067133e+001
ile	  60.0	  20.0	2.403097e-005	1.063617e+001
ile	  70.0	  20.0	2.287658e-005	1.068540e+001
ile	  80.0	  20.0	2.002633e-005	1.081846e+001
ile	  90.0	  20.0	1.618289e-005	1.103156e+001
ile	 100.0	  20.0	1.215960e-005	1.131739e+001
ile	 110.0	  20.0	8.591945e-006	1.166469e+001
ile	 120.0	  20.0	5.811077e-006	1.205574e+001
ile	 130.0	  20.0	3.896085e-006	1.245554e+001
ile	 140.0	  20.0	2.836379e-006	1.277298e+001
ile	 150.0	  20.0	2.756631e-006	1.280150e+001
ile	 160.0	  20.0	4.256672e-006	1.236702e+001
ile	 170.0	  20.0	9.097755e-006	1.160748e+001
ile	-180.0	  30.0	2.640844e-005	1.054183e+001
ile	-170.0	  30.0	6.404412e-005	9.655938e+000
ile	-160.0	  30.0	1.568035e-004	8.760517e+000
ile	-150.0	  30.0	3.759523e-004	7.886048e+000
ile	-140.0	  30.0	8.111463e-004	7.117062e+000
ile	-130.0	  30.0	1.428235e-003	6.551316e+000
ile	-120.0	  30.0	1.913109e-003	6.259026e+000
ile	-110.0	  30.0	1.886071e-003	6.273260e+000
ile	-100.0	  30.0	1.370748e-003	6.592398e+000
ile	 -90.0	  30.0	7.646555e-004	7.176085e+000
ile	 -80.0	  30.0	3.553811e-004	7.942320e+000
ile	 -70.0	  30.0	1.495062e-004	8.808173e+000
ile	 -60.0	  30.0	5.715382e-005	9.769764e+000
ile	 -50.0	  30.0	1.928422e-005	1.085622e+001
ile	 -40.0	  30.0	6.675806e-006	1.191702e+001
ile	 -30.0	  30.0	3.687307e-006	1.251061e+001
ile	 -20.0	  30.0	3.819175e-006	1.247548e+001
ile	 -10.0	  30.0	5.288415e-006	1.214999e+001
ile	   0.0	  30.0	7.789325e-006	1.176276e+001
ile	  10.0	  30.0	1.129277e-005	1.139135e+001
ile	  20.0	  30.0	1.564756e-005	1.106520e+001
ile	  30.0	  30.0	2.039445e-005	1.080025e+001
ile	  40.0	  30.0	2.473367e-005	1.060734e+001
ile	  50.0	  30.0	2.769867e-005	1.049413e+001
ile	  60.0	  30.0	2.850702e-005	1.046536e+001
ile	  70.0	  30.0	2.691401e-005	1.052286e+001
ile	  80.0	  30.0	2.334000e-005	1.066534e+001
ile	  90.0	  30.0	1.867594e-005	1.088827e+001
ile	 100.0	  30.0	1.389736e-005	1.118381e+001
ile	 110.0	  30.0	9.729664e-006	1.154033e+001
ile	 120.0	  30.0	6.524908e-006	1.193988e+001
ile	 130.0	  30.0	4.345923e-006	1.234627e+001
ile	 140.0	  30.0	3.168297e-006	1.266232e+001
ile	 150.0	  30.0	3.153018e-006	1.266715e+001
ile	 160.0	  30.0	5.064548e-006	1.219325e+001
ile	 170.0	  30.0	1.106109e-005	1.141208e+001
ile	-180.0	  40.0	2.943872e-005	1.043320e+001
ile	-170.0	  40.0	6.818700e-005	9.593257e+000
ile	-160.0	  40.0	1.503235e-004	8.802721e+000
ile	-150.0	  40.0	3.106712e-004	8.076775e+000
ile	-140.0	  40.0	5.751576e-004	7.460867e+000
ile	-130.0	  40.0	8.879836e-004	7.026557e+000
ile	-120.0	  40.0	1.070301e-003	6.839815e+000
ile	-110.0	  40.0	9.711090e-004	6.937072e+000
ile	-100.0	  40.0	6.649459e-004	7.315805e+000
ile	 -90.0	  40.0	3.606130e-004	7.927705e+000
ile	 -80.0	  40.0	1.697100e-004	8.681420e+000
ile	 -70.0	  40.0	7.586197e-005	9.486595e+000
ile	 -60.0	  40.0	3.320637e-005	1.031277e+001
ile	 -50.0	  40.0	1.431492e-005	1.115421e+001
ile	 -40.0	  40.0	6.672022e-006	1.191759e+001
ile	 -30.0	  40.0	4.278484e-006	1.236191e+001
ile	 -20.0	  40.0	4.396689e-006	1.233466e+001
ile	 -10.0	  40.0	6.012870e-006	1.202161e+001
ile	   0.0	  40.0	8.878965e-006	1.163183e+001
ile	  10.0	  40.0	1.295706e-005	1.125387e+001
ile	  20.0	  40.0	1.806718e-005	1.092141e+001
ile	  30.0	  40.0	2.366283e-005	1.065160e+001
ile	  40.0	  40.0	2.878496e-005	1.045566e+001
ile	  50.0	  40.0	3.227198e-005	1.034131e+001
ile	  60.0	  40.0	3.318920e-005	1.031329e+001
ile	  70.0	  40.0	3.125792e-005	1.037324e+001
ile	  80.0	  40.0	2.700097e-005	1.051964e+001
ile	  90.0	  40.0	2.149442e-005	1.074772e+001
ile	 100.0	  40.0	1.589593e-005	1.104945e+001
ile	 110.0	  40.0	1.104867e-005	1.141320e+001
ile	 120.0	  40.0	7.345726e-006	1.182139e+001
ile	 130.0	  40.0	4.838658e-006	1.223887e+001
ile	 140.0	  40.0	3.477827e-006	1.256910e+001
ile	 150.0	  40.0	3.430863e-006	1.258270e+001
ile	 160.0	  40.0	5.571967e-006	1.209776e+001
ile	 170.0	  40.0	1.236910e-005	1.130031e+001
ile	-180.0	  50.0	3.010335e-005	1.041087e+001
ile	-170.0	  50.0	6.874794e-005	9.585064e+000
ile	-160.0	  50.0	1.432585e-004	8.850860e+000
ile	-150.0	  50.0	2.663140e-004	8.230835e+000
ile	-140.0	  50.0	4.291724e-004	7.753652e+000
ile	-130.0	  50.0	5.760815e-004	7.459261e+000
ile	-120.0	  50.0	6.200370e-004	7.385731e+000
ile	-110.0	  50.0	5.276167e-004	7.547141e+000
ile	-100.0	  50.0	3.657284e-004	7.913620e+000
ile	 -90.0	  50.0	2.228786e-004	8.408883e+000
ile	 -80.0	  50.0	1.289262e-004	8.956270e+000
ile	 -70.0	  50.0	7.171201e-005	9.542852e+000
ile	 -60.0	  50.0	3.718448e-005	1.019962e+001
ile	 -50.0	  50.0	1.788876e-005	1.093134e+001
ile	 -40.0	  50.0	8.641085e-006	1.165898e+001
ile	 -30.0	  50.0	5.244293e-006	1.215837e+001
ile	 -20.0	  50.0	4.985509e-006	1.220898e+001
ile	 -10.0	  50.0	6.586246e-006	1.193053e+001
ile	   0.0	  50.0	9.656397e-006	1.154789e+001
ile	  10.0	  50.0	1.412179e-005	1.116779e+001
ile	  20.0	  50.0	1.978589e-005	1.083054e+001
ile	  30.0	  50.0	2.604596e-005	1.055565e+001
ile	  40.0	  50.0	3.182494e-005	1.035526e+001
ile	  50.0	  50.0	3.580220e-005	1.023750e+001
ile	  60.0	  50.0	3.690277e-005	1.020722e+001
ile	  70.0	  50.0	3.479301e-005	1.026609e+001
ile	  80.0	  50.0	3.005331e-005	1.041254e+001
ile	  90.0	  50.0	2.389741e-005	1.064174e+001
ile	 100.0	  50.0	1.763371e-005	1.094570e+001
ile	 110.0	  50.0	1.221288e-005	1.131302e+001
ile	 120.0	  50.0	8.072817e-006	1.172701e+001
ile	 130.0	  50.0	5.259490e-006	1.215548e+001
ile	 140.0	  50.0	3.692200e-006	1.250929e+001
ile	 150.0	  50.0	3.509359e-006	1.256008e+001
ile	 160.0	  50.0	5.596824e-006	1.209331e+001
ile	 170.0	  50.0	1.253753e-005	1.128678e+001
ile	-180.0	  60.0	2.850220e-005	1.046553e+001
ile	-170.0	  60.0	6.641951e-005	9.619520e+000
ile	-160.0	  60.0	1.390616e-004	8.880594e+000
ile	-150.0	  60.0	2.530243e-004	8.282025e+000
ile	-140.0	  60.0	3.878819e-004	7.854810e+000
ile	-130.0	  60.0	4.880039e-004	7.625187e+000
ile	-120.0	  60.0	5.009417e-004	7.599021e+000
ile	-110.0	  60.0	4.339296e-004	7.742628e+000
ile	-100.0	  60.0	3.406102e-004	7.984772e+000
ile	 -90.0	  60.0	2.548592e-004	8.274799e+000
ile	 -80.0	  60.0	1.768624e-004	8.640138e+000
ile	 -70.0	  60.0	1.074991e-004	9.138028e+000
ile	 -60.0	  60.0	5.616363e-005	9.787241e+000
ile	 -50.0	  60.0	2.601279e-005	1.055692e+001
ile	 -40.0	  60.0	1.174263e-005	1.135228e+001
ile	 -30.0	  60.0	6.447115e-006	1.195188e+001
ile	 -20.0	  60.0	5.551004e-006	1.210153e+001
ile	 -10.0	  60.0	6.949778e-006	1.187680e+001
ile	   0.0	  60.0	9.984328e-006	1.151449e+001
ile	  10.0	  60.0	1.452800e-005	1.113943e+001
ile	  20.0	  60.0	2.038508e-005	1.080071e+001
ile	  30.0	  60.0	2.694036e-005	1.052189e+001
ile	  40.0	  60.0	3.306774e-005	1.031695e+001
ile	  50.0	  60.0	3.736424e-005	1.019480e+001
ile	  60.0	  60.0	3.866584e-005	1.016055e+001
ile	  70.0	  60.0	3.658127e-005	1.021597e+001
ile	  80.0	  60.0	3.169035e-005	1.035950e+001
ile	  90.0	  60.0	2.525878e-005	1.058634e+001
ile	 100.0	  60.0	1.866992e-005	1.088860e+001
ile	 110.0	  60.0	1.293922e-005	1.125525e+001
ile	 120.0	  60.0	8.540074e-006	1.167074e+001
ile	 130.0	  60.0	5.521524e-006	1.210686e+001
ile	 140.0	  60.0	3.777143e-006	1.248654e+001
ile	 150.0	  60.0	3.391578e-006	1.259422e+001
ile	 160.0	  60.0	5.168192e-006	1.217299e+001
ile	 170.0	  60.0	1.160700e-005	1.136390e+001
ile	-180.0	  70.0	2.544056e-005	1.057917e+001
ile	-170.0	  70.0	6.274574e-005	9.676420e+000
ile	-160.0	  70.0	1.403297e-004	8.871516e+000
ile	-150.0	  70.0	2.731179e-004	8.205607e+000
ile	-140.0	  70.0	4.447035e-004	7.718103e+000
ile	-130.0	  70.0	5.896607e-004	7.435963e+000
ile	-120.0	  70.0	6.435889e-004	7.348450e+000
ile	-110.0	  70.0	6.149080e-004	7.394038e+000
ile	-100.0	  70.0	5.505957e-004	7.504510e+000
ile	 -90.0	  70.0	4.575927e-004	7.689531e+000
ile	 -80.0	  70.0	3.267366e-004	8.026356e+000
ile	 -70.0	  70.0	1.902679e-004	8.567078e+000
ile	 -60.0	  70.0	9.120015e-005	9.302454e+000
ile	 -50.0	  70.0	3.809646e-005	1.017539e+001
ile	 -40.0	  70.0	1.553696e-005	1.107229e+001
ile	 -30.0	  70.0	7.755577e-006	1.176710e+001
ile	 -20.0	  70.0	6.108075e-006	1.200590e+001
ile	 -10.0	  70.0	7.147427e-006	1.184876e+001
ile	   0.0	  70.0	9.876479e-006	1.152535e+001
ile	  10.0	  70.0	1.412891e-005	1.116729e+001
ile	  20.0	  70.0	1.973713e-005	1.083301e+001
ile	  30.0	  70.0	2.612160e-005	1.055275e+001
ile	  40.0	  70.0	3.218629e-005	1.034397e+001
ile	  50.0	  70.0	3.654185e-005	1.021705e+001
ile	  60.0	  70.0	3.800922e-005	1.017768e+001
ile	  70.0	  70.0	3.615192e-005	1.022778e+001
ile	  80.0	  70.0	3.148988e-005	1.036584e+001
ile	  90.0	  70.0	2.523833e-005	1.058715e+001
ile	 100.0	  70.0	1.875667e-005	1.088396e+001
ile	 110.0	  70.0	1.306366e-005	1.124568e+001
ile	 120.0	  70.0	8.650082e-006	1.165794e+001
ile	 130.0	  70.0	5.578307e-006	1.209663e+001
ile	 140.0	  70.0	3.732000e-006	1.249857e+001
ile	 150.0	  70.0	3.137592e-006	1.267205e+001
ile	 160.0	  70.0	4.456741e-006	1.232109e+001
ile	 170.0	  70.0	9.966802e-006	1.151625e+001
ile	-180.0	  80.0	2.195717e-005	1.072642e+001
ile	-170.0	  80.0	5.923818e-005	9.733944e+000
ile	-160.0	  80.0	1.488315e-004	8.812696e+000
ile	-150.0	  80.0	3.303216e-004	8.015444e+000
ile	-140.0	  80.0	6.129108e-004	7.397291e+000
ile	-130.0	  80.0	9.170767e-004	6.994319e+000
ile	-120.0	  80.0	1.121812e-003	6.792810e+000
ile	-110.0	  80.0	1.192894e-003	6.731373e+000
ile	-100.0	  80.0	1.154010e-003	6.764513e+000
ile	 -90.0	  80.0	9.779624e-004	6.930039e+000
ile	 -80.0	  80.0	6.696041e-004	7.308824e+000
ile	 -70.0	  80.0	3.575919e-004	7.936118e+000
ile	 -60.0	  80.0	1.532998e-004	8.783115e+000
ile	 -50.0	  80.0	5.669253e-005	9.777868e+000
ile	 -40.0	  80.0	2.062703e-005	1.078891e+001
ile	 -30.0	  80.0	9.379656e-006	1.157697e+001
ile	 -20.0	  80.0	6.793897e-006	1.189949e+001
ile	 -10.0	  80.0	7.320880e-006	1.182478e+001
ile	   0.0	  80.0	9.490538e-006	1.156522e+001
ile	  10.0	  80.0	1.310276e-005	1.124269e+001
ile	  20.0	  80.0	1.804637e-005	1.092257e+001
ile	  30.0	  80.0	2.381796e-005	1.064507e+001
ile	  40.0	  80.0	2.941821e-005	1.043390e+001
ile	  50.0	  80.0	3.355803e-005	1.030223e+001
ile	  60.0	  80.0	3.511677e-005	1.025683e+001
ile	  70.0	  80.0	3.363420e-005	1.029997e+001
ile	  80.0	  80.0	2.952505e-005	1.043027e+001
ile	  90.0	  80.0	2.386389e-005	1.064314e+001
ile	 100.0	  80.0	1.789317e-005	1.093109e+001
ile	 110.0	  80.0	1.257278e-005	1.128398e+001
ile	 120.0	  80.0	8.389265e-006	1.168856e+001
ile	 130.0	  80.0	5.426688e-006	1.212418e+001
ile	 140.0	  80.0	3.579849e-006	1.254019e+001
ile	 150.0	  80.0	2.833183e-006	1.277411e+001
ile	 160.0	  80.0	3.695908e-006	1.250828e+001
ile	 170.0	  80.0	8.159149e-006	1.171637e+001
ile	-180.0	  90.0	1.973108e-005	1.083332e+001
ile	-170.0	  90.0	5.881067e-005	9.741187e+000
ile	-160.0	  90.0	1.701318e-004	8.678937e+000
ile	-150.0	  90.0	4.433611e-004	7.721126e+000
ile	-140.0	  90.0	9.569862e-004	6.951722e+000
ile	-130.0	  90.0	1.628251e-003	6.420249e+000
ile	-120.0	  90.0	2.222201e-003	6.109257e+000
ile	-110.0	  90.0	2.580345e-003	5.959832e+000
ile	-100.0	  90.0	2.620258e-003	5.944482e+000
ile	 -90.0	  90.0	2.210645e-003	6.114471e+000
ile	 -80.0	  90.0	1.444120e-003	6.540255e+000
ile	 -70.0	  90.0	7.242803e-004	7.230332e+000
ile	 -60.0	  90.0	2.944294e-004	8.130471e+000
ile	 -50.0	  90.0	1.046717e-004	9.164682e+000
ile	 -40.0	  90.0	3.584441e-005	1.023632e+001
ile	 -30.0	  90.0	1.398977e-005	1.117718e+001
ile	 -20.0	  90.0	8.223472e-006	1.170852e+001
ile	 -10.0	  90.0	7.663049e-006	1.177910e+001
ile	   0.0	  90.0	9.024346e-006	1.161558e+001
ile	  10.0	  90.0	1.174176e-005	1.135236e+001
ile	  20.0	  90.0	1.572810e-005	1.106006e+001
ile	  30.0	  90.0	2.057384e-005	1.079149e+001
ile	  40.0	  90.0	2.541493e-005	1.058017e+001
ile	  50.0	  90.0	2.911857e-005	1.044413e+001
ile	  60.0	  90.0	3.067634e-005	1.039202e+001
ile	  70.0	  90.0	2.962812e-005	1.042679e+001
ile	  80.0	  90.0	2.626281e-005	1.054736e+001
ile	  90.0	  90.0	2.145900e-005	1.074937e+001
ile	 100.0	  90.0	1.627867e-005	1.102565e+001
ile	 110.0	  90.0	1.157570e-005	1.136660e+001
ile	 120.0	  90.0	7.812037e-006	1.175984e+001
ile	 130.0	  90.0	5.097566e-006	1.218675e+001
ile	 140.0	  90.0	3.360787e-006	1.260334e+001
ile	 150.0	  90.0	2.585002e-006	1.286578e+001
ile	 160.0	  90.0	3.192407e-006	1.265474e+001
ile	 170.0	  90.0	6.971743e-006	1.187365e+001
ile	-180.0	 100.0	2.263913e-005	1.069583e+001
ile	-170.0	 100.0	7.020757e-005	9.564054e+000
ile	-160.0	 100.0	2.248096e-004	8.400257e+000
ile	-150.0	 100.0	6.711362e-004	7.306538e+000
ile	-140.0	 100.0	1.636244e-003	6.415352e+000
ile	-130.0	 100.0	3.042029e-003	5.795231e+000
ile	-120.0	 100.0	4.443159e-003	5.416390e+000
ile	-110.0	 100.0	5.481192e-003	5.206433e+000
ile	-100.0	 100.0	5.805134e-003	5.149013e+000
ile	 -90.0	 100.0	4.979404e-003	5.302445e+000
ile	 -80.0	 100.0	3.334183e-003	5.703528e+000
ile	 -70.0	 100.0	1.782171e-003	6.329923e+000
ile	 -60.0	 100.0	7.989070e-004	7.132266e+000
ile	 -50.0	 100.0	3.124982e-004	8.070912e+000
ile	 -40.0	 100.0	1.079551e-004	9.133795e+000
ile	 -30.0	 100.0	3.396220e-005	1.029026e+001
ile	 -20.0	 100.0	1.258224e-005	1.128322e+001
ile	 -10.0	 100.0	8.403968e-006	1.168681e+001
ile	   0.0	 100.0	8.574511e-006	1.166672e+001
ile	  10.0	 100.0	1.028459e-005	1.148486e+001
ile	  20.0	 100.0	1.320378e-005	1.123501e+001
ile	  30.0	 100.0	1.699441e-005	1.098263e+001
ile	  40.0	 100.0	2.093656e-005	1.077401e+001
ile	  50.0	 100.0	2.407566e-005	1.063431e+001
ile	  60.0	 100.0	2.554360e-005	1.057512e+001
ile	  70.0	 100.0	2.490248e-005	1.060054e+001
ile	  80.0	 100.0	2.232076e-005	1.070999e+001
ile	  90.0	 100.0	1.846749e-005	1.089950e+001
ile	 100.0	 100.0	1.419898e-005	1.116234e+001
ile	 110.0	 100.0	1.023799e-005	1.148940e+001
ile	 120.0	 100.0	7.006506e-006	1.186867e+001
ile	 130.0	 100.0	4.640971e-006	1.228059e+001
ile	 140.0	 100.0	3.131202e-006	1.267409e+001
ile	 150.0	 100.0	2.546960e-006	1.288061e+001
ile	 160.0	 100.0	3.452510e-006	1.257641e+001
ile	 170.0	 100.0	7.918268e-006	1.174634e+001
ile	-180.0	 110.0	3.843435e-005	1.016656e+001
ile	-170.0	 110.0	1.112050e-004	9.104136e+000
ile	-160.0	 110.0	3.487960e-004	7.961023e+000
ile	-150.0	 110.0	1.087142e-003	6.824203e+000
ile	-140.0	 110.0	2.807570e-003	5.875436e+000
ile	-130.0	 110.0	5.407803e-003	5.219912e+000
ile	-120.0	 110.0	8.008676e-003	4.827230e+000
ile	-110.0	 110.0	1.006561e-002	4.598631e+000
ile	-100.0	 110.0	1.104555e-002	4.505728e+000
ile	 -90.0	 110.0	1.016269e-002	4.589032e+000
ile	 -80.0	 110.0	7.912125e-003	4.839359e+000
ile	 -70.0	 110.0	5.207444e-003	5.257666e+000
ile	 -60.0	 110.0	2.771612e-003	5.888326e+000
ile	 -50.0	 110.0	1.171003e-003	6.749895e+000
ile	 -40.0	 110.0	3.904496e-004	7.848212e+000
ile	 -30.0	 110.0	1.030832e-004	9.179974e+000
ile	 -20.0	 110.0	2.472780e-005	1.060758e+001
ile	 -10.0	 110.0	9.795244e-006	1.153361e+001
ile	   0.0	 110.0	8.068979e-006	1.172748e+001
ile	  10.0	 110.0	8.818464e-006	1.163866e+001
ile	  20.0	 110.0	1.075281e-005	1.144034e+001
ile	  30.0	 110.0	1.353873e-005	1.120996e+001
ile	  40.0	 110.0	1.659050e-005	1.100668e+001
ile	  50.0	 110.0	1.913052e-005	1.086423e+001
ile	  60.0	 110.0	2.043917e-005	1.079806e+001
ile	  70.0	 110.0	2.011983e-005	1.081380e+001
ile	  80.0	 110.0	1.824497e-005	1.091162e+001
ile	  90.0	 110.0	1.529387e-005	1.108806e+001
ile	 100.0	 110.0	1.192464e-005	1.133690e+001
ile	 110.0	 110.0	8.724308e-006	1.164940e+001
ile	 120.0	 110.0	6.066039e-006	1.201280e+001
ile	 130.0	 110.0	4.114361e-006	1.240103e+001
ile	 140.0	 110.0	2.964032e-006	1.272896e+001
ile	 150.0	 110.0	2.951430e-006	1.273322e+001
ile	 160.0	 110.0	5.343953e-006	1.213954e+001
ile	 170.0	 110.0	1.383843e-005	1.118806e+001
ile	-180.0	 120.0	7.697903e-005	9.471977e+000
ile	-170.0	 120.0	2.020505e-004	8.506993e+000
ile	-160.0	 120.0	5.617530e-004	7.484448e+000
ile	-150.0	 120.0	1.634944e-003	6.416147e+000
ile	-140.0	 120.0	4.176011e-003	5.478399e+000
ile	-130.0	 120.0	8.029577e-003	4.824623e+000
ile	-120.0	 120.0	1.156656e-002	4.459637e+000
ile	-110.0	 120.0	1.397540e-002	4.270457e+000
ile	-100.0	 120.0	1.532894e-002	4.178013e+000
ile	 -90.0	 120.0	1.546058e-002	4.169461e+000
ile	 -80.0	 120.0	1.470272e-002	4.219723e+000
ile	 -70.0	 120.0	1.209263e-002	4.415159e+000
ile	 -60.0	 120.0	7.496271e-003	4.893350e+000
ile	 -50.0	 120.0	3.340821e-003	5.701539e+000
ile	 -40.0	 120.0	1.067354e-003	6.842573e+000
ile	 -30.0	 120.0	2.501995e-004	8.293252e+000
ile	 -20.0	 120.0	4.685925e-005	9.968362e+000
ile	 -10.0	 120.0	1.159356e-005	1.136506e+001
ile	   0.0	 120.0	7.326094e-006	1.182407e+001
ile	  10.0	 120.0	7.325252e-006	1.182418e+001
ile	  20.0	 120.0	8.502777e-006	1.167512e+001
ile	  30.0	 120.0	1.046172e-005	1.146779e+001
ile	  40.0	 120.0	1.273610e-005	1.127107e+001
ile	  50.0	 120.0	1.471406e-005	1.112671e+001
ile	  60.0	 120.0	1.582157e-005	1.105414e+001
ile	  70.0	 120.0	1.571835e-005	1.106068e+001
ile	  80.0	 120.0	1.441357e-005	1.114734e+001
ile	  90.0	 120.0	1.223437e-005	1.131126e+001
ile	 100.0	 120.0	9.667813e-006	1.154671e+001
ile	 110.0	 120.0	7.174785e-006	1.184494e+001
ile	 120.0	 120.0	5.077220e-006	1.219075e+001
ile	 130.0	 120.0	3.572458e-006	1.254226e+001
ile	 140.0	 120.0	2.925222e-006	1.274214e+001
ile	 150.0	 120.0	4.038094e-006	1.241974e+001
ile	 160.0	 120.0	9.888433e-006	1.152414e+001
ile	 170.0	 120.0	2.830761e-005	1.047238e+001
ile	-180.0	 130.0	1.390740e-004	8.880504e+000
ile	-170.0	 130.0	3.410399e-004	7.983511e+000
ile	-160.0	 130.0	8.298043e-004	7.094321e+000
ile	-150.0	 130.0	2.095763e-003	6.167837e+000
ile	-140.0	 130.0	4.907791e-003	5.316931e+000
ile	-130.0	 130.0	8.965991e-003	4.714317e+000
ile	-120.0	 130.0	1.206760e-002	4.417231e+000
ile	-110.0	 130.0	1.325378e-002	4.323473e+000
ile	-100.0	 130.0	1.379145e-002	4.283707e+000
ile	 -90.0	 130.0	1.488850e-002	4.207166e+000
ile	 -80.0	 130.0	1.686125e-002	4.082737e+000
ile	 -70.0	 130.0	1.671189e-002	4.091635e+000
ile	 -60.0	 130.0	1.190239e-002	4.431016e+000
ile	 -50.0	 130.0	5.664060e-003	5.173614e+000
ile	 -40.0	 130.0	1.785732e-003	6.327927e+000
ile	 -30.0	 130.0	3.909062e-004	7.847043e+000
ile	 -20.0	 130.0	6.487542e-005	9.643042e+000
ile	 -10.0	 130.0	1.223794e-005	1.131097e+001
ile	   0.0	 130.0	6.210113e-006	1.198933e+001
ile	  10.0	 130.0	5.812734e-006	1.205546e+001
ile	  20.0	 130.0	6.514467e-006	1.194149e+001
ile	  30.0	 130.0	7.872775e-006	1.175210e+001
ile	  40.0	 130.0	9.529699e-006	1.156110e+001
ile	  50.0	 130.0	1.102359e-005	1.141547e+001
ile	  60.0	 130.0	1.191623e-005	1.133761e+001
ile	  70.0	 130.0	1.193273e-005	1.133623e+001
ile	  80.0	 130.0	1.104983e-005	1.141310e+001
ile	  90.0	 130.0	9.483743e-006	1.156593e+001
ile	 100.0	 130.0	7.584856e-006	1.178936e+001
ile	 110.0	 130.0	5.704891e-006	1.207419e+001
ile	 120.0	 130.0	4.116118e-006	1.240060e+001
ile	 130.0	 130.0	3.051020e-006	1.270003e+001
ile	 140.0	 130.0	3.000536e-006	1.271672e+001
ile	 150.0	 130.0	5.733298e-006	1.206922e+001
ile	 160.0	 130.0	1.701177e-005	1.098161e+001
ile	 170.0	 130.0	5.152612e-005	9.873422e+000
ile	-180.0	 140.0	2.007578e-004	8.513411e+000
ile	-170.0	 140.0	4.778480e-004	7.646218e+000
ile	-160.0	 140.0	1.079505e-003	6.831253e+000
ile	-150.0	 140.0	2.410862e-003	6.027771e+000
ile	-140.0	 140.0	4.900237e-003	5.318472e+000
ile	-130.0	 140.0	7.826711e-003	4.850213e+000
ile	-120.0	 140.0	9.183360e-003	4.690362e+000
ile	-110.0	 140.0	8.663152e-003	4.748677e+000
ile	-100.0	 140.0	8.113248e-003	4.814257e+000
ile	 -90.0	 140.0	8.984651e-003	4.712238e+000
ile	 -80.0	 140.0	1.160778e-002	4.456080e+000
ile	 -70.0	 140.0	1.338555e-002	4.313580e+000
ile	 -60.0	 140.0	1.075828e-002	4.532079e+000
ile	 -50.0	 140.0	5.458219e-003	5.210633e+000
ile	 -40.0	 140.0	1.736542e-003	6.355859e+000
ile	 -30.0	 140.0	3.711068e-004	7.899021e+000
ile	 -20.0	 140.0	5.923871e-005	9.733935e+000
ile	 -10.0	 140.0	1.034367e-005	1.147914e+001
ile	   0.0	 140.0	4.822843e-006	1.224215e+001
ile	  10.0	 140.0	4.390326e-006	1.233611e+001
ile	  20.0	 140.0	4.851199e-006	1.223628e+001
ile	  30.0	 140.0	5.811998e-006	1.205559e+001
ile	  40.0	 140.0	7.009486e-006	1.186825e+001
ile	  50.0	 140.0	8.111215e-006	1.172226e+001
ile	  60.0	 140.0	8.798294e-006	1.164095e+001
ile	  70.0	 140.0	8.862168e-006	1.163372e+001
ile	  80.0	 140.0	8.269905e-006	1.170289e+001
ile	  90.0	 140.0	7.162697e-006	1.184662e+001
ile	 100.0	 140.0	5.787731e-006	1.205977e+001
ile	 110.0	 140.0	4.406866e-006	1.233235e+001
ile	 120.0	 140.0	3.244511e-006	1.263855e+001
ile	 130.0	 140.0	2.554649e-006	1.287760e+001
ile	 140.0	 140.0	3.028359e-006	1.270749e+001
ile	 150.0	 140.0	7.273882e-006	1.183122e+001
ile	 160.0	 140.0	2.385620e-005	1.064347e+001
ile	 170.0	 140.0	7.441704e-005	9.505826e+000
ile	-180.0	 150.0	2.217538e-004	8.413943e+000
ile	-170.0	 150.0	5.328051e-004	7.537355e+000
ile	-160.0	 150.0	1.222415e-003	6.706927e+000
ile	-150.0	 150.0	2.689907e-003	5.918249e+000
ile	-140.0	 150.0	5.019490e-003	5.294427e+000
ile	-130.0	 150.0	6.920565e-003	4.973258e+000
ile	-120.0	 150.0	6.755945e-003	4.997332e+000
ile	-110.0	 150.0	5.158941e-003	5.267024e+000
ile	-100.0	 150.0	4.010786e-003	5.518768e+000
ile	 -90.0	 150.0	4.204771e-003	5.471535e+000
ile	 -80.0	 150.0	5.731320e-003	5.161809e+000
ile	 -70.0	 150.0	7.119590e-003	4.944905e+000
ile	 -60.0	 150.0	6.073480e-003	5.103824e+000
ile	 -50.0	 150.0	3.194402e-003	5.746355e+000
ile	 -40.0	 150.0	1.039417e-003	6.869095e+000
ile	 -30.0	 150.0	2.266732e-004	8.392001e+000
ile	 -20.0	 150.0	3.755468e-005	1.018971e+001
ile	 -10.0	 150.0	7.146850e-006	1.184884e+001
ile	   0.0	 150.0	3.502425e-006	1.256206e+001
ile	  10.0	 150.0	3.216619e-006	1.264718e+001
ile	  20.0	 150.0	3.575313e-006	1.254146e+001
ile	  30.0	 150.0	4.283135e-006	1.236083e+001
ile	  40.0	 150.0	5.151362e-006	1.217625e+001
ile	  50.0	 150.0	5.949781e-006	1.203216e+001
ile	  60.0	 150.0	6.456199e-006	1.195047e+001
ile	  70.0	 150.0	6.521337e-006	1.194043e+001
ile	  80.0	 150.0	6.115769e-006	1.200464e+001
ile	  90.0	 150.0	5.332976e-006	1.214160e+001
ile	 100.0	 150.0	4.345841e-006	1.234629e+001
ile	 110.0	 150.0	3.345198e-006	1.260798e+001
ile	 120.0	 150.0	2.508216e-006	1.289594e+001
ile	 130.0	 150.0	2.075753e-006	1.308519e+001
ile	 140.0	 150.0	2.790513e-006	1.278929e+001
ile	 150.0	 150.0	7.532564e-006	1.179628e+001
ile	 160.0	 150.0	2.582994e-005	1.056398e+001
ile	 170.0	 150.0	8.173921e-005	9.411977e+000
ile	-180.0	 160.0	1.853067e-004	8.593498e+000
ile	-170.0	 160.0	4.625287e-004	7.678802e+000
ile	-160.0	 160.0	1.137324e-003	6.779077e+000
ile	-150.0	 160.0	2.637119e-003	5.938068e+000
ile	-140.0	 160.0	4.890694e-003	5.320421e+000
ile	-130.0	 160.0	6.345588e-003	5.059996e+000
ile	-120.0	 160.0	5.579866e-003	5.188591e+000
ile	-110.0	 160.0	3.648954e-003	5.613315e+000
ile	-100.0	 160.0	2.323556e-003	6.064656e+000
ile	 -90.0	 160.0	2.098084e-003	6.166731e+000
ile	 -80.0	 160.0	2.628854e-003	5.941207e+000
ile	 -70.0	 160.0	3.066739e-003	5.787140e+000
ile	 -60.0	 160.0	2.531695e-003	5.978866e+000
ile	 -50.0	 160.0	1.335819e-003	6.618211e+000
ile	 -40.0	 160.0	4.522840e-004	7.701200e+000
ile	 -30.0	 160.0	1.058614e-004	9.153380e+000
ile	 -20.0	 160.0	1.977752e-005	1.083096e+001
ile	 -10.0	 160.0	4.611828e-006	1.228689e+001
ile	   0.0	 160.0	2.528614e-006	1.288784e+001
ile	  10.0	 160.0	2.393813e-006	1.294262e+001
ile	  20.0	 160.0	2.708527e-006	1.281911e+001
ile	  30.0	 160.0	3.253578e-006	1.263576e+001
ile	  40.0	 160.0	3.891637e-006	1.245668e+001
ile	  50.0	 160.0	4.465570e-006	1.231911e+001
ile	  60.0	 160.0	4.824552e-006	1.224179e+001
ile	  70.0	 160.0	4.866483e-006	1.223314e+001
ile	  80.0	 160.0	4.570833e-006	1.229582e+001
ile	  90.0	 160.0	4.002525e-006	1.242859e+001
ile	 100.0	 160.0	3.283616e-006	1.262657e+001
ile	 110.0	 160.0	2.551574e-006	1.287880e+001
ile	 120.0	 160.0	1.938692e-006	1.315350e+001
ile	 130.0	 160.0	1.635859e-006	1.332334e+001
ile	 140.0	 160.0	2.250419e-006	1.300439e+001
ile	 150.0	 160.0	6.156250e-006	1.199804e+001
ile	 160.0	 160.0	2.123641e-005	1.075979e+001
ile	 170.0	 160.0	6.751063e-005	9.603225e+000
ile	-180.0	 170.0	1.176222e-004	9.048033e+000
ile	-170.0	 170.0	3.067984e-004	8.089320e+000
ile	-160.0	 170.0	8.033248e-004	7.126751e+000
ile	-150.0	 170.0	1.935690e-003	6.247292e+000
ile	-140.0	 170.0	3.598006e-003	5.627375e+000
ile	-130.0	 170.0	4.583848e-003	5.385217e+000
ile	-120.0	 170.0	3.911382e-003	5.543865e+000
ile	-110.0	 170.0	2.434574e-003	6.017984e+000
ile	-100.0	 170.0	1.415518e-003	6.560260e+000
ile	 -90.0	 170.0	1.119814e-003	6.794593e+000
ile	 -80.0	 170.0	1.212110e-003	6.715392e+000
ile	 -70.0	 170.0	1.240903e-003	6.691916e+000
ile	 -60.0	 170.0	9.477431e-004	6.961427e+000
ile	 -50.0	 170.0	4.962691e-004	7.608392e+000
ile	 -40.0	 170.0	1.781385e-004	8.632949e+000
ile	 -30.0	 170.0	4.665849e-005	9.972656e+000
ile	 -20.0	 170.0	1.047412e-005	1.146660e+001
ile	 -10.0	 170.0	3.133006e-006	1.267352e+001
ile	   0.0	 170.0	1.949802e-006	1.314778e+001
ile	  10.0	 170.0	1.923325e-006	1.316146e+001
ile	  20.0	 170.0	2.215591e-006	1.301999e+001
ile	  30.0	 170.0	2.656015e-006	1.283868e+001
ile	  40.0	 170.0	3.139764e-006	1.267136e+001
ile	  50.0	 170.0	3.556804e-006	1.254665e+001
ile	  60.0	 170.0	3.804109e-006	1.247943e+001
ile	  70.0	 170.0	3.813369e-006	1.247700e+001
ile	  80.0	 170.0	3.573603e-006	1.254194e+001
ile	  90.0	 170.0	3.134034e-006	1.267319e+001
ile	 100.0	 170.0	2.584386e-006	1.286602e+001
ile	 110.0	 170.0	2.025177e-006	1.310985e+001
ile	 120.0	 170.0	1.551440e-006	1.337633e+001
ile	 130.0	 170.0	1.290665e-006	1.356035e+001
ile	 140.0	 170.0	1.624674e-006	1.333020e+001
ile	 150.0	 170.0	4.025795e-006	1.242279e+001
ile	 160.0	 170.0	1.338311e-005	1.122152e+001
ile	 170.0	 170.0	4.226995e-005	1.007143e+001
