leu	-180.0	-180.0	6.754479e-005	9.602720e+000
leu	-170.0	-180.0	1.222275e-004	9.009627e+000
leu	-160.0	-180.0	2.201144e-004	8.421363e+000
leu	-150.0	-180.0	3.891282e-004	7.851602e+000
leu	-140.0	-180.0	6.405763e-004	7.353142e+000
leu	-130.0	-180.0	9.184197e-004	6.992856e+000
leu	-120.0	-180.0	1.117921e-003	6.796284e+000
leu	-110.0	-180.0	1.210101e-003	6.717051e+000
leu	-100.0	-180.0	1.267411e-003	6.670779e+000
leu	 -90.0	-180.0	1.348491e-003	6.608769e+000
leu	 -80.0	-180.0	1.368737e-003	6.593867e+000
leu	 -70.0	-180.0	1.115863e-003	6.798127e+000
leu	 -60.0	-180.0	6.259932e-004	7.376171e+000
leu	 -50.0	-180.0	2.310934e-004	8.372689e+000
leu	 -40.0	-180.0	6.056331e-005	9.711821e+000
leu	 -30.0	-180.0	1.391786e-005	1.118234e+001
leu	 -20.0	-180.0	4.516083e-006	1.230787e+001
leu	 -10.0	-180.0	3.286599e-006	1.262566e+001
leu	   0.0	-180.0	3.941439e-006	1.244396e+001
leu	  10.0	-180.0	5.350221e-006	1.213837e+001
leu	  20.0	-180.0	7.214860e-006	1.183937e+001
leu	  30.0	-180.0	9.250288e-006	1.159086e+001
leu	  40.0	-180.0	1.106129e-005	1.141206e+001
leu	  50.0	-180.0	1.222366e-005	1.131214e+001
leu	  60.0	-180.0	1.244885e-005	1.129388e+001
leu	  70.0	-180.0	1.171384e-005	1.135474e+001
leu	  80.0	-180.0	1.026284e-005	1.148698e+001
leu	  90.0	-180.0	8.486197e-006	1.167707e+001
leu	 100.0	-180.0	6.771098e-006	1.190285e+001
leu	 110.0	-180.0	5.421694e-006	1.212510e+001
leu	 120.0	-180.0	4.685457e-006	1.227105e+001
leu	 130.0	-180.0	4.873258e-006	1.223175e+001
leu	 140.0	-180.0	6.559116e-006	1.193465e+001
leu	 150.0	-180.0	1.086374e-005	1.143008e+001
leu	 160.0	-180.0	1.981940e-005	1.082885e+001
leu	 170.0	-180.0	3.682971e-005	1.020921e+001
leu	-180.0	-170.0	4.358447e-005	1.004081e+001
leu	-170.0	-170.0	7.118830e-005	9.550182e+000
leu	-160.0	-170.0	1.137892e-004	9.081163e+000
leu	-150.0	-170.0	1.789254e-004	8.628541e+000
leu	-140.0	-170.0	2.685797e-004	8.222363e+000
leu	-130.0	-170.0	3.642629e-004	7.917635e+000
leu	-120.0	-170.0	4.340255e-004	7.742407e+000
leu	-110.0	-170.0	4.684440e-004	7.666094e+000
leu	-100.0	-170.0	4.835069e-004	7.634445e+000
leu	 -90.0	-170.0	4.848134e-004	7.631747e+000
leu	 -80.0	-170.0	4.464761e-004	7.714125e+000
leu	 -70.0	-170.0	3.368888e-004	7.995758e+000
leu	 -60.0	-170.0	1.882339e-004	8.577825e+000
leu	 -50.0	-170.0	7.650892e-005	9.478103e+000
leu	 -40.0	-170.0	2.492364e-005	1.059969e+001
leu	 -30.0	-170.0	8.344488e-006	1.169391e+001
leu	 -20.0	-170.0	4.263914e-006	1.236532e+001
leu	 -10.0	-170.0	3.910148e-006	1.245194e+001
leu	   0.0	-170.0	4.963866e-006	1.221333e+001
leu	  10.0	-170.0	6.876008e-006	1.188747e+001
leu	  20.0	-170.0	9.387548e-006	1.157613e+001
leu	  30.0	-170.0	1.212264e-005	1.132044e+001
leu	  40.0	-170.0	1.452492e-005	1.113964e+001
leu	  50.0	-170.0	1.599612e-005	1.104316e+001
leu	  60.0	-170.0	1.614116e-005	1.103414e+001
leu	  70.0	-170.0	1.495489e-005	1.111047e+001
leu	  80.0	-170.0	1.281389e-005	1.126498e+001
leu	  90.0	-170.0	1.028540e-005	1.148478e+001
leu	 100.0	-170.0	7.897865e-006	1.174892e+001
leu	 110.0	-170.0	6.015696e-006	1.202114e+001
leu	 120.0	-170.0	4.860161e-006	1.223444e+001
leu	 130.0	-170.0	4.633685e-006	1.228216e+001
leu	 140.0	-170.0	5.691107e-006	1.207661e+001
leu	 150.0	-170.0	8.719100e-006	1.164999e+001
leu	 160.0	-170.0	1.487326e-005	1.111595e+001
leu	 170.0	-170.0	2.579729e-005	1.056524e+001
leu	-180.0	-160.0	2.734691e-005	1.050691e+001
leu	-170.0	-160.0	4.106312e-005	1.010040e+001
leu	-160.0	-160.0	5.931756e-005	9.732605e+000
leu	-150.0	-160.0	8.381920e-005	9.386848e+000
leu	-140.0	-160.0	1.153745e-004	9.067327e+000
leu	-130.0	-160.0	1.497051e-004	8.806843e+000
leu	-120.0	-160.0	1.780999e-004	8.633166e+000
leu	-110.0	-160.0	1.948695e-004	8.543180e+000
leu	-100.0	-160.0	1.989545e-004	8.522434e+000
leu	 -90.0	-160.0	1.888377e-004	8.574622e+000
leu	 -80.0	-160.0	1.609428e-004	8.734461e+000
leu	 -70.0	-160.0	1.159981e-004	9.061937e+000
leu	 -60.0	-160.0	6.747052e-005	9.603820e+000
leu	 -50.0	-160.0	3.208018e-005	1.034727e+001
leu	 -40.0	-160.0	1.380196e-005	1.119070e+001
leu	 -30.0	-160.0	6.592319e-006	1.192961e+001
leu	 -20.0	-160.0	4.484555e-006	1.231487e+001
leu	 -10.0	-160.0	4.639727e-006	1.228085e+001
leu	   0.0	-160.0	6.112856e-006	1.200512e+001
leu	  10.0	-160.0	8.609391e-006	1.166266e+001
leu	  20.0	-160.0	1.187497e-005	1.134108e+001
leu	  30.0	-160.0	1.542672e-005	1.107941e+001
leu	  40.0	-160.0	1.852127e-005	1.089659e+001
leu	  50.0	-160.0	2.035700e-005	1.080209e+001
leu	  60.0	-160.0	2.041336e-005	1.079932e+001
leu	  70.0	-160.0	1.870521e-005	1.088671e+001
leu	  80.0	-160.0	1.576365e-005	1.105780e+001
leu	  90.0	-160.0	1.236308e-005	1.130080e+001
leu	 100.0	-160.0	9.197757e-006	1.159655e+001
leu	 110.0	-160.0	6.704176e-006	1.191278e+001
leu	 120.0	-160.0	5.078142e-006	1.219057e+001
leu	 130.0	-160.0	4.412798e-006	1.233100e+001
leu	 140.0	-160.0	4.862449e-006	1.223397e+001
leu	 150.0	-160.0	6.769889e-006	1.190303e+001
leu	 160.0	-160.0	1.070715e-005	1.144460e+001
leu	 170.0	-160.0	1.736988e-005	1.096077e+001
leu	-180.0	-150.0	1.765909e-005	1.094426e+001
leu	-170.0	-150.0	2.511875e-005	1.059190e+001
leu	-160.0	-150.0	3.414466e-005	1.028490e+001
leu	-150.0	-150.0	4.514627e-005	1.000560e+001
leu	-140.0	-150.0	5.868340e-005	9.743354e+000
leu	-130.0	-150.0	7.399349e-005	9.511534e+000
leu	-120.0	-150.0	8.818512e-005	9.336072e+000
leu	-110.0	-150.0	9.746193e-005	9.236049e+000
leu	-100.0	-150.0	9.872121e-005	9.223211e+000
leu	 -90.0	-150.0	9.062122e-005	9.308822e+000
leu	 -80.0	-150.0	7.425366e-005	9.508024e+000
leu	 -70.0	-150.0	5.328378e-005	9.839879e+000
leu	 -60.0	-150.0	3.321563e-005	1.031249e+001
leu	 -50.0	-150.0	1.847107e-005	1.089931e+001
leu	 -40.0	-150.0	9.931494e-006	1.151980e+001
leu	 -30.0	-150.0	5.974597e-006	1.202799e+001
leu	 -20.0	-150.0	4.780413e-006	1.225098e+001
leu	 -10.0	-150.0	5.316142e-006	1.214476e+001
leu	   0.0	-150.0	7.192660e-006	1.184245e+001
leu	  10.0	-150.0	1.026062e-005	1.148720e+001
leu	  20.0	-150.0	1.426426e-005	1.115775e+001
leu	  30.0	-150.0	1.861908e-005	1.089132e+001
leu	  40.0	-150.0	2.240015e-005	1.070644e+001
leu	  50.0	-150.0	2.460518e-005	1.061255e+001
leu	  60.0	-150.0	2.458734e-005	1.061328e+001
leu	  70.0	-150.0	2.237758e-005	1.070745e+001
leu	  80.0	-150.0	1.865682e-005	1.088930e+001
leu	  90.0	-150.0	1.440340e-005	1.114805e+001
leu	 100.0	-150.0	1.047699e-005	1.146633e+001
leu	 110.0	-150.0	7.388917e-006	1.181553e+001
leu	 120.0	-150.0	5.317030e-006	1.214460e+001
leu	 130.0	-150.0	4.263225e-006	1.236548e+001
leu	 140.0	-150.0	4.226105e-006	1.237423e+001
leu	 150.0	-150.0	5.313536e-006	1.214525e+001
leu	 160.0	-150.0	7.761213e-006	1.176637e+001
leu	 170.0	-150.0	1.183651e-005	1.134432e+001
leu	-180.0	-140.0	1.250370e-005	1.128949e+001
leu	-170.0	-140.0	1.737845e-005	1.096028e+001
leu	-160.0	-140.0	2.318163e-005	1.067215e+001
leu	-150.0	-140.0	2.999943e-005	1.041433e+001
leu	-140.0	-140.0	3.802448e-005	1.017728e+001
leu	-130.0	-140.0	4.692035e-005	9.967059e+000
leu	-120.0	-140.0	5.521727e-005	9.804235e+000
leu	-110.0	-140.0	6.056691e-005	9.711762e+000
leu	-100.0	-140.0	6.083086e-005	9.707413e+000
leu	 -90.0	-140.0	5.529725e-005	9.802787e+000
leu	 -80.0	-140.0	4.519907e-005	1.000443e+001
leu	 -70.0	-140.0	3.316406e-005	1.031404e+001
leu	 -60.0	-140.0	2.201958e-005	1.072358e+001
leu	 -50.0	-140.0	1.361281e-005	1.120450e+001
leu	 -40.0	-140.0	8.354675e-006	1.169269e+001
leu	 -30.0	-140.0	5.710738e-006	1.207316e+001
leu	 -20.0	-140.0	4.992393e-006	1.220760e+001
leu	 -10.0	-140.0	5.785967e-006	1.206008e+001
leu	   0.0	-140.0	7.957910e-006	1.174134e+001
leu	  10.0	-140.0	1.144799e-005	1.137770e+001
leu	  20.0	-140.0	1.600264e-005	1.104276e+001
leu	  30.0	-140.0	2.096560e-005	1.077263e+001
leu	  40.0	-140.0	2.527717e-005	1.058561e+001
leu	  50.0	-140.0	2.778149e-005	1.049114e+001
leu	  60.0	-140.0	2.773014e-005	1.049299e+001
leu	  70.0	-140.0	2.515893e-005	1.059030e+001
leu	  80.0	-140.0	2.085739e-005	1.077780e+001
leu	  90.0	-140.0	1.595829e-005	1.104553e+001
leu	 100.0	-140.0	1.145053e-005	1.137747e+001
leu	 110.0	-140.0	7.907722e-006	1.174767e+001
leu	 120.0	-140.0	5.499785e-006	1.211080e+001
leu	 130.0	-140.0	4.167048e-006	1.238830e+001
leu	 140.0	-140.0	3.806435e-006	1.247882e+001
leu	 150.0	-140.0	4.386894e-006	1.233689e+001
leu	 160.0	-140.0	5.973848e-006	1.202812e+001
leu	 170.0	-140.0	8.669351e-006	1.165572e+001
leu	-180.0	-130.0	1.009388e-005	1.150358e+001
leu	-170.0	-130.0	1.400808e-005	1.117588e+001
leu	-160.0	-130.0	1.877924e-005	1.088276e+001
leu	-150.0	-130.0	2.434876e-005	1.062303e+001
leu	-140.0	-130.0	3.058435e-005	1.039502e+001
leu	-130.0	-130.0	3.699981e-005	1.020460e+001
leu	-120.0	-130.0	4.251356e-005	1.006569e+001
leu	-110.0	-130.0	4.563792e-005	9.994772e+000
leu	-100.0	-130.0	4.514478e-005	1.000564e+001
leu	 -90.0	-130.0	4.078582e-005	1.010718e+001
leu	 -80.0	-130.0	3.353401e-005	1.030295e+001
leu	 -70.0	-130.0	2.515605e-005	1.059041e+001
leu	 -60.0	-130.0	1.742025e-005	1.095788e+001
leu	 -50.0	-130.0	1.144835e-005	1.137767e+001
leu	 -40.0	-130.0	7.550454e-006	1.179390e+001
leu	 -30.0	-130.0	5.515954e-006	1.210787e+001
leu	 -20.0	-130.0	5.032372e-006	1.219962e+001
leu	 -10.0	-130.0	5.932899e-006	1.203500e+001
leu	   0.0	-130.0	8.207900e-006	1.171041e+001
leu	  10.0	-130.0	1.185044e-005	1.134315e+001
leu	  20.0	-130.0	1.661954e-005	1.100493e+001
leu	  30.0	-130.0	2.183762e-005	1.073188e+001
leu	  40.0	-130.0	2.639280e-005	1.054242e+001
leu	  50.0	-130.0	2.906144e-005	1.044610e+001
leu	  60.0	-130.0	2.904073e-005	1.044681e+001
leu	  70.0	-130.0	2.635324e-005	1.054392e+001
leu	  80.0	-130.0	2.182330e-005	1.073253e+001
leu	  90.0	-130.0	1.664737e-005	1.100326e+001
leu	 100.0	-130.0	1.187591e-005	1.134100e+001
leu	 110.0	-130.0	8.118166e-006	1.172141e+001
leu	 120.0	-130.0	5.546330e-006	1.210237e+001
leu	 130.0	-130.0	4.073795e-006	1.241094e+001
leu	 140.0	-130.0	3.548086e-006	1.254910e+001
leu	 150.0	-130.0	3.871855e-006	1.246178e+001
leu	 160.0	-130.0	5.038108e-006	1.219848e+001
leu	 170.0	-130.0	7.098065e-006	1.185569e+001
leu	-180.0	-120.0	9.231214e-006	1.159292e+001
leu	-170.0	-120.0	1.291423e-005	1.125718e+001
leu	-160.0	-120.0	1.749602e-005	1.095354e+001
leu	-150.0	-120.0	2.281298e-005	1.068818e+001
leu	-140.0	-120.0	2.849308e-005	1.046585e+001
leu	-130.0	-120.0	3.385208e-005	1.029351e+001
leu	-120.0	-120.0	3.790794e-005	1.018035e+001
leu	-110.0	-120.0	3.964167e-005	1.013563e+001
leu	-100.0	-120.0	3.842504e-005	1.016680e+001
leu	 -90.0	-120.0	3.435614e-005	1.027873e+001
leu	 -80.0	-120.0	2.828444e-005	1.047320e+001
leu	 -70.0	-120.0	2.150089e-005	1.074742e+001
leu	 -60.0	-120.0	1.525904e-005	1.109034e+001
leu	 -50.0	-120.0	1.037471e-005	1.147614e+001
leu	 -40.0	-120.0	7.106826e-006	1.185445e+001
leu	 -30.0	-120.0	5.346226e-006	1.213912e+001
leu	 -20.0	-120.0	4.915536e-006	1.222311e+001
leu	 -10.0	-120.0	5.750025e-006	1.206631e+001
leu	   0.0	-120.0	7.896106e-006	1.174914e+001
leu	  10.0	-120.0	1.137486e-005	1.138411e+001
leu	  20.0	-120.0	1.596965e-005	1.104482e+001
leu	  30.0	-120.0	2.103778e-005	1.076919e+001
leu	  40.0	-120.0	2.550952e-005	1.057646e+001
leu	  50.0	-120.0	2.819210e-005	1.047647e+001
leu	  60.0	-120.0	2.828213e-005	1.047328e+001
leu	  70.0	-120.0	2.576617e-005	1.056645e+001
leu	  80.0	-120.0	2.141570e-005	1.075139e+001
leu	  90.0	-120.0	1.638458e-005	1.101917e+001
leu	 100.0	-120.0	1.170657e-005	1.135536e+001
leu	 110.0	-120.0	7.996426e-006	1.173652e+001
leu	 120.0	-120.0	5.439375e-006	1.212185e+001
leu	 130.0	-120.0	3.955984e-006	1.244028e+001
leu	 140.0	-120.0	3.389016e-006	1.259497e+001
leu	 150.0	-120.0	3.625829e-006	1.252743e+001
leu	 160.0	-120.0	4.642201e-006	1.228032e+001
leu	 170.0	-120.0	6.486705e-006	1.194576e+001
leu	-180.0	-110.0	9.280466e-006	1.158760e+001
leu	-170.0	-110.0	1.316607e-005	1.123787e+001
leu	-160.0	-110.0	1.808434e-005	1.092046e+001
leu	-150.0	-110.0	2.379673e-005	1.064596e+001
leu	-140.0	-110.0	2.972869e-005	1.042340e+001
leu	-130.0	-110.0	3.495119e-005	1.026156e+001
leu	-120.0	-110.0	3.839732e-005	1.016752e+001
leu	-110.0	-110.0	3.926968e-005	1.014506e+001
leu	-100.0	-110.0	3.735412e-005	1.019507e+001
leu	 -90.0	-110.0	3.304336e-005	1.031769e+001
leu	 -80.0	-110.0	2.716920e-005	1.051343e+001
leu	 -70.0	-110.0	2.078863e-005	1.078110e+001
leu	 -60.0	-110.0	1.493577e-005	1.111175e+001
leu	 -50.0	-110.0	1.033187e-005	1.148028e+001
leu	 -40.0	-110.0	7.203498e-006	1.184094e+001
leu	 -30.0	-110.0	5.421448e-006	1.212515e+001
leu	 -20.0	-110.0	4.824936e-006	1.224171e+001
leu	 -10.0	-110.0	5.388914e-006	1.213117e+001
leu	   0.0	-110.0	7.180249e-006	1.184418e+001
leu	  10.0	-110.0	1.022450e-005	1.149072e+001
leu	  20.0	-110.0	1.433128e-005	1.115307e+001
leu	  30.0	-110.0	1.893325e-005	1.087459e+001
leu	  40.0	-110.0	2.307635e-005	1.067670e+001
leu	  50.0	-110.0	2.567544e-005	1.056998e+001
leu	  60.0	-110.0	2.596481e-005	1.055877e+001
leu	  70.0	-110.0	2.386989e-005	1.064289e+001
leu	  80.0	-110.0	2.003271e-005	1.081814e+001
leu	  90.0	-110.0	1.547698e-005	1.107616e+001
leu	 100.0	-110.0	1.115965e-005	1.140321e+001
leu	 110.0	-110.0	7.682342e-006	1.177659e+001
leu	 120.0	-110.0	5.256928e-006	1.215596e+001
leu	 130.0	-110.0	3.840181e-006	1.246999e+001
leu	 140.0	-110.0	3.303103e-006	1.262065e+001
leu	 150.0	-110.0	3.550943e-006	1.254830e+001
leu	 160.0	-110.0	4.574560e-006	1.229500e+001
leu	 170.0	-110.0	6.446557e-006	1.195196e+001
leu	-180.0	-100.0	9.980073e-006	1.151492e+001
leu	-170.0	-100.0	1.450138e-005	1.114127e+001
leu	-160.0	-100.0	2.042513e-005	1.079874e+001
leu	-150.0	-100.0	2.752518e-005	1.050041e+001
leu	-140.0	-100.0	3.504886e-005	1.025877e+001
leu	-130.0	-100.0	4.168390e-005	1.008540e+001
leu	-120.0	-100.0	4.597483e-005	9.987416e+000
leu	-110.0	-100.0	4.701049e-005	9.965140e+000
leu	-100.0	-100.0	4.474342e-005	1.001457e+001
leu	 -90.0	-100.0	3.975745e-005	1.013271e+001
leu	 -80.0	-100.0	3.297537e-005	1.031975e+001
leu	 -70.0	-100.0	2.550855e-005	1.057650e+001
leu	 -60.0	-100.0	1.851250e-005	1.089706e+001
leu	 -50.0	-100.0	1.289766e-005	1.125846e+001
leu	 -40.0	-100.0	8.952103e-006	1.162362e+001
leu	 -30.0	-100.0	6.459273e-006	1.194999e+001
leu	 -20.0	-100.0	5.204191e-006	1.216605e+001
leu	 -10.0	-100.0	5.163640e-006	1.217387e+001
leu	   0.0	-100.0	6.375790e-006	1.196300e+001
leu	  10.0	-100.0	8.813799e-006	1.163919e+001
leu	  20.0	-100.0	1.228132e-005	1.130743e+001
leu	  30.0	-100.0	1.628987e-005	1.102497e+001
leu	  40.0	-100.0	2.002893e-005	1.081833e+001
leu	  50.0	-100.0	2.255024e-005	1.069976e+001
leu	  60.0	-100.0	2.313230e-005	1.067428e+001
leu	  70.0	-100.0	2.161269e-005	1.074223e+001
leu	  80.0	-100.0	1.845599e-005	1.090012e+001
leu	  90.0	-100.0	1.451184e-005	1.114055e+001
leu	 100.0	-100.0	1.063963e-005	1.145093e+001
leu	 110.0	-100.0	7.432066e-006	1.180971e+001
leu	 120.0	-100.0	5.146049e-006	1.217728e+001
leu	 130.0	-100.0	3.795778e-006	1.248162e+001
leu	 140.0	-100.0	3.299554e-006	1.262172e+001
leu	 150.0	-100.0	3.598531e-006	1.253498e+001
leu	 160.0	-100.0	4.718998e-006	1.226391e+001
leu	 170.0	-100.0	6.783109e-006	1.190108e+001
leu	-180.0	 -90.0	1.121415e-005	1.139833e+001
leu	-170.0	 -90.0	1.691110e-005	1.098754e+001
leu	-160.0	 -90.0	2.485551e-005	1.060243e+001
leu	-150.0	 -90.0	3.510095e-005	1.025728e+001
leu	-140.0	 -90.0	4.691261e-005	9.967224e+000
leu	-130.0	 -90.0	5.850457e-005	9.746406e+000
leu	-120.0	 -90.0	6.755100e-005	9.602628e+000
leu	-110.0	 -90.0	7.228196e-005	9.534936e+000
leu	-100.0	 -90.0	7.204323e-005	9.538244e+000
leu	 -90.0	 -90.0	6.716133e-005	9.608413e+000
leu	 -80.0	 -90.0	5.877665e-005	9.741766e+000
leu	 -70.0	 -90.0	4.826366e-005	9.938832e+000
leu	 -60.0	 -90.0	3.694972e-005	1.020595e+001
leu	 -50.0	 -90.0	2.622668e-005	1.054873e+001
leu	 -40.0	 -90.0	1.721036e-005	1.097000e+001
leu	 -30.0	 -90.0	1.074896e-005	1.144070e+001
leu	 -20.0	 -90.0	6.998971e-006	1.186975e+001
leu	 -10.0	 -90.0	5.518228e-006	1.210745e+001
leu	   0.0	 -90.0	5.831592e-006	1.205222e+001
leu	  10.0	 -90.0	7.577471e-006	1.179033e+001
leu	  20.0	 -90.0	1.042450e-005	1.147135e+001
leu	  30.0	 -90.0	1.391247e-005	1.118272e+001
leu	  40.0	 -90.0	1.735135e-005	1.096184e+001
leu	  50.0	 -90.0	1.990860e-005	1.082436e+001
leu	  60.0	 -90.0	2.087965e-005	1.077674e+001
leu	  70.0	 -90.0	1.998591e-005	1.082048e+001
leu	  80.0	 -90.0	1.749740e-005	1.095346e+001
leu	  90.0	 -90.0	1.409310e-005	1.116983e+001
leu	 100.0	 -90.0	1.055694e-005	1.145873e+001
leu	 110.0	 -90.0	7.501450e-006	1.180041e+001
leu	 120.0	 -90.0	5.251741e-006	1.215695e+001
leu	 130.0	 -90.0	3.892174e-006	1.245654e+001
leu	 140.0	 -90.0	3.393678e-006	1.259360e+001
leu	 150.0	 -90.0	3.738301e-006	1.249688e+001
leu	 160.0	 -90.0	5.000591e-006	1.220595e+001
leu	 170.0	 -90.0	7.382834e-006	1.181635e+001
leu	-180.0	 -80.0	1.280468e-005	1.126570e+001
leu	-170.0	 -80.0	2.026902e-005	1.080642e+001
leu	-160.0	 -80.0	3.158379e-005	1.036287e+001
leu	-150.0	 -80.0	4.774952e-005	9.949541e+000
leu	-140.0	 -80.0	6.886389e-005	9.583379e+000
leu	-130.0	 -80.0	9.316126e-005	9.281179e+000
leu	-120.0	 -80.0	1.169914e-004	9.053410e+000
leu	-110.0	 -80.0	1.361807e-004	8.901528e+000
leu	-100.0	 -80.0	1.478112e-004	8.819575e+000
leu	 -90.0	 -80.0	1.521572e-004	8.790596e+000
leu	 -80.0	 -80.0	1.522934e-004	8.789702e+000
leu	 -70.0	 -80.0	1.473999e-004	8.822361e+000
leu	 -60.0	 -80.0	1.310298e-004	8.940085e+000
leu	 -50.0	 -80.0	9.864488e-005	9.223984e+000
leu	 -40.0	 -80.0	5.822576e-005	9.751183e+000
leu	 -30.0	 -80.0	2.764398e-005	1.049610e+001
leu	 -20.0	 -80.0	1.256812e-005	1.128435e+001
leu	 -10.0	 -80.0	6.983883e-006	1.187191e+001
leu	   0.0	 -80.0	5.771472e-006	1.206258e+001
leu	  10.0	 -80.0	6.778047e-006	1.190182e+001
leu	  20.0	 -80.0	9.140615e-006	1.160278e+001
leu	  30.0	 -80.0	1.231410e-005	1.130477e+001
leu	  40.0	 -80.0	1.567339e-005	1.106355e+001
leu	  50.0	 -80.0	1.845013e-005	1.090044e+001
leu	  60.0	 -80.0	1.990795e-005	1.082439e+001
leu	  70.0	 -80.0	1.962116e-005	1.083890e+001
leu	  80.0	 -80.0	1.766718e-005	1.094380e+001
leu	  90.0	 -80.0	1.459014e-005	1.113516e+001
leu	 100.0	 -80.0	1.115138e-005	1.140395e+001
leu	 110.0	 -80.0	8.029677e-006	1.173237e+001
leu	 120.0	 -80.0	5.643780e-006	1.208496e+001
leu	 130.0	 -80.0	4.152901e-006	1.239170e+001
leu	 140.0	 -80.0	3.574066e-006	1.254181e+001
leu	 150.0	 -80.0	3.923841e-006	1.244844e+001
leu	 160.0	 -80.0	5.329769e-006	1.214220e+001
leu	 170.0	 -80.0	8.105046e-006	1.172302e+001
leu	-180.0	 -70.0	1.439179e-005	1.114885e+001
leu	-170.0	 -70.0	2.406902e-005	1.063459e+001
leu	-160.0	 -70.0	4.017029e-005	1.012238e+001
leu	-150.0	 -70.0	6.596508e-005	9.626385e+000
leu	-140.0	 -70.0	1.045214e-004	9.166119e+000
leu	-130.0	 -70.0	1.562015e-004	8.764364e+000
leu	-120.0	 -70.0	2.161434e-004	8.439569e+000
leu	-110.0	 -70.0	2.751556e-004	8.198174e+000
leu	-100.0	 -70.0	3.274327e-004	8.024228e+000
leu	 -90.0	 -70.0	3.846639e-004	7.863141e+000
leu	 -80.0	 -70.0	4.736388e-004	7.655066e+000
leu	 -70.0	 -70.0	5.833151e-004	7.446783e+000
leu	 -60.0	 -70.0	6.229006e-004	7.381124e+000
leu	 -50.0	 -70.0	4.927265e-004	7.615556e+000
leu	 -40.0	 -70.0	2.599459e-004	8.255037e+000
leu	 -30.0	 -70.0	9.338715e-005	9.278757e+000
leu	 -20.0	 -70.0	2.798814e-005	1.048373e+001
leu	 -10.0	 -70.0	1.009038e-005	1.150393e+001
leu	   0.0	 -70.0	6.151119e-006	1.199888e+001
leu	  10.0	 -70.0	6.406262e-006	1.195823e+001
leu	  20.0	 -70.0	8.479728e-006	1.167783e+001
leu	  30.0	 -70.0	1.158784e-005	1.136555e+001
leu	  40.0	 -70.0	1.512238e-005	1.109933e+001
leu	  50.0	 -70.0	1.832929e-005	1.090701e+001
leu	  60.0	 -70.0	2.038435e-005	1.080074e+001
leu	  70.0	 -70.0	2.067348e-005	1.078666e+001
leu	  80.0	 -70.0	1.908131e-005	1.086680e+001
leu	  90.0	 -70.0	1.606542e-005	1.103884e+001
leu	 100.0	 -70.0	1.243653e-005	1.129487e+001
leu	 110.0	 -70.0	8.998274e-006	1.161848e+001
leu	 120.0	 -70.0	6.288337e-006	1.197681e+001
leu	 130.0	 -70.0	4.536987e-006	1.230325e+001
leu	 140.0	 -70.0	3.789716e-006	1.248322e+001
leu	 150.0	 -70.0	4.079760e-006	1.240947e+001
leu	 160.0	 -70.0	5.579721e-006	1.209637e+001
leu	 170.0	 -70.0	8.730348e-006	1.164871e+001
leu	-180.0	 -60.0	1.548356e-005	1.107573e+001
leu	-170.0	 -60.0	2.742524e-005	1.050405e+001
leu	-160.0	 -60.0	4.928562e-005	9.917878e+000
leu	-150.0	 -60.0	8.857898e-005	9.331616e+000
leu	-140.0	 -60.0	1.552318e-004	8.770591e+000
leu	-130.0	 -60.0	2.564633e-004	8.268525e+000
leu	-120.0	 -60.0	3.878456e-004	7.854903e+000
leu	-110.0	 -60.0	5.321477e-004	7.538590e+000
leu	-100.0	 -60.0	6.859570e-004	7.284696e+000
leu	 -90.0	 -60.0	9.219258e-004	6.989046e+000
leu	 -80.0	 -60.0	1.412653e-003	6.562286e+000
leu	 -70.0	 -60.0	2.191307e-003	6.123257e+000
leu	 -60.0	 -60.0	2.690725e-003	5.917944e+000
leu	 -50.0	 -60.0	2.127323e-003	6.152891e+000
leu	 -40.0	 -60.0	9.947664e-004	6.913003e+000
leu	 -30.0	 -60.0	2.861337e-004	8.159052e+000
leu	 -20.0	 -60.0	6.090342e-005	9.706221e+000
leu	 -10.0	 -60.0	1.454314e-005	1.113839e+001
leu	   0.0	 -60.0	6.578236e-006	1.193174e+001
leu	  10.0	 -60.0	6.231866e-006	1.198583e+001
leu	  20.0	 -60.0	8.244634e-006	1.170595e+001
leu	  30.0	 -60.0	1.152786e-005	1.137074e+001
leu	  40.0	 -60.0	1.550200e-005	1.107454e+001
leu	  50.0	 -60.0	1.940241e-005	1.085011e+001
leu	  60.0	 -60.0	2.224455e-005	1.071341e+001
leu	  70.0	 -60.0	2.313838e-005	1.067402e+001
leu	  80.0	 -60.0	2.174226e-005	1.073625e+001
leu	  90.0	 -60.0	1.848557e-005	1.089852e+001
leu	 100.0	 -60.0	1.433717e-005	1.115266e+001
leu	 110.0	 -60.0	1.031123e-005	1.148228e+001
leu	 120.0	 -60.0	7.092113e-006	1.185653e+001
leu	 130.0	 -60.0	4.964445e-006	1.221321e+001
leu	 140.0	 -60.0	3.968729e-006	1.243706e+001
leu	 150.0	 -60.0	4.122035e-006	1.239916e+001
leu	 160.0	 -60.0	5.615500e-006	1.208998e+001
leu	 170.0	 -60.0	9.003676e-006	1.161788e+001
leu	-180.0	 -50.0	1.567494e-005	1.106345e+001
leu	-170.0	 -50.0	2.940947e-005	1.043419e+001
leu	-160.0	 -50.0	5.697890e-005	9.772830e+000
leu	-150.0	 -50.0	1.120706e-004	9.096382e+000
leu	-140.0	 -50.0	2.161229e-004	8.439663e+000
leu	-130.0	 -50.0	3.903636e-004	7.848432e+000
leu	-120.0	 -50.0	6.364199e-004	7.359652e+000
leu	-110.0	 -50.0	9.296352e-004	6.980718e+000
leu	-100.0	 -50.0	1.278112e-003	6.662371e+000
leu	 -90.0	 -50.0	1.901869e-003	6.264918e+000
leu	 -80.0	 -50.0	3.441992e-003	5.671705e+000
leu	 -70.0	 -50.0	6.326227e-003	5.063051e+000
leu	 -60.0	 -50.0	8.343176e-003	4.786311e+000
leu	 -50.0	 -50.0	6.237930e-003	5.077107e+000
leu	 -40.0	 -50.0	2.524650e-003	5.981653e+000
leu	 -30.0	 -50.0	5.974340e-004	7.422867e+000
leu	 -20.0	 -50.0	9.839070e-005	9.226564e+000
leu	 -10.0	 -50.0	1.730000e-005	1.096480e+001
leu	   0.0	 -50.0	6.428378e-006	1.195479e+001
leu	  10.0	 -50.0	5.999298e-006	1.202387e+001
leu	  20.0	 -50.0	8.213069e-006	1.170978e+001
leu	  30.0	 -50.0	1.194757e-005	1.133498e+001
leu	  40.0	 -50.0	1.676547e-005	1.099619e+001
leu	  50.0	 -50.0	2.188155e-005	1.072987e+001
leu	  60.0	 -50.0	2.598340e-005	1.055805e+001
leu	  70.0	 -50.0	2.766182e-005	1.049546e+001
leu	  80.0	 -50.0	2.623569e-005	1.054839e+001
leu	  90.0	 -50.0	2.223039e-005	1.071405e+001
leu	 100.0	 -50.0	1.701441e-005	1.098145e+001
leu	 110.0	 -50.0	1.198415e-005	1.133193e+001
leu	 120.0	 -50.0	8.007767e-006	1.173510e+001
leu	 130.0	 -50.0	5.376723e-006	1.213343e+001
leu	 140.0	 -50.0	4.059544e-006	1.241444e+001
leu	 150.0	 -50.0	3.999759e-006	1.242928e+001
leu	 160.0	 -50.0	5.358298e-006	1.213686e+001
leu	 170.0	 -50.0	8.753536e-006	1.164605e+001
leu	-180.0	 -40.0	1.488978e-005	1.111484e+001
leu	-170.0	 -40.0	2.955599e-005	1.042922e+001
leu	-160.0	 -40.0	6.149588e-005	9.696540e+000
leu	-150.0	 -40.0	1.311220e-004	8.939382e+000
leu	-140.0	 -40.0	2.742058e-004	8.201632e+000
leu	-130.0	 -40.0	5.340439e-004	7.535033e+000
leu	-120.0	 -40.0	9.335118e-004	6.976557e+000
leu	-110.0	 -40.0	1.457924e-003	6.530742e+000
leu	-100.0	 -40.0	2.141273e-003	6.146355e+000
leu	 -90.0	 -40.0	3.408425e-003	5.681505e+000
leu	 -80.0	 -40.0	6.646323e-003	5.013692e+000
leu	 -70.0	 -40.0	1.294167e-002	4.347303e+000
leu	 -60.0	 -40.0	1.664699e-002	4.095526e+000
leu	 -50.0	 -40.0	1.104088e-002	4.506150e+000
leu	 -40.0	 -40.0	3.718704e-003	5.594380e+000
leu	 -30.0	 -40.0	7.221155e-004	7.233325e+000
leu	 -20.0	 -40.0	9.773707e-005	9.233230e+000
leu	 -10.0	 -40.0	1.452826e-005	1.113941e+001
leu	   0.0	 -40.0	5.440800e-006	1.212158e+001
leu	  10.0	 -40.0	5.661662e-006	1.208179e+001
leu	  20.0	 -40.0	8.397704e-006	1.168755e+001
leu	  30.0	 -40.0	1.311242e-005	1.124195e+001
leu	  40.0	 -40.0	1.973808e-005	1.083296e+001
leu	  50.0	 -40.0	2.740162e-005	1.050491e+001
leu	  60.0	 -40.0	3.396739e-005	1.029011e+001
leu	  70.0	 -40.0	3.684648e-005	1.020875e+001
leu	  80.0	 -40.0	3.477813e-005	1.026652e+001
leu	  90.0	 -40.0	2.878239e-005	1.045575e+001
leu	 100.0	 -40.0	2.125376e-005	1.075898e+001
leu	 110.0	 -40.0	1.434370e-005	1.115220e+001
leu	 120.0	 -40.0	9.135037e-006	1.160339e+001
leu	 130.0	 -40.0	5.790996e-006	1.205921e+001
leu	 140.0	 -40.0	4.064814e-006	1.241314e+001
leu	 150.0	 -40.0	3.726056e-006	1.250016e+001
leu	 160.0	 -40.0	4.834423e-006	1.223975e+001
leu	 170.0	 -40.0	7.998222e-006	1.173629e+001
leu	-180.0	 -30.0	1.345646e-005	1.121605e+001
leu	-170.0	 -30.0	2.820428e-005	1.047604e+001
leu	-160.0	 -30.0	6.244568e-005	9.681214e+000
leu	-150.0	 -30.0	1.419671e-004	8.859915e+000
leu	-140.0	 -30.0	3.168283e-004	8.057151e+000
leu	-130.0	 -30.0	6.631927e-004	7.318445e+000
leu	-120.0	 -30.0	1.265421e-003	6.672351e+000
leu	-110.0	 -30.0	2.193442e-003	6.122283e+000
leu	-100.0	 -30.0	3.570560e-003	5.635033e+000
leu	 -90.0	 -30.0	5.984983e-003	5.118502e+000
leu	 -80.0	 -30.0	1.108733e-002	4.501952e+000
leu	 -70.0	 -30.0	1.916201e-002	3.954826e+000
leu	 -60.0	 -30.0	2.114080e-002	3.856550e+000
leu	 -50.0	 -30.0	1.158651e-002	4.457914e+000
leu	 -40.0	 -30.0	3.089016e-003	5.779903e+000
leu	 -30.0	 -30.0	4.750126e-004	7.652169e+000
leu	 -20.0	 -30.0	5.484914e-005	9.810924e+000
leu	 -10.0	 -30.0	8.334666e-006	1.169509e+001
leu	   0.0	 -30.0	4.201192e-006	1.238014e+001
leu	  10.0	 -30.0	5.471324e-006	1.211599e+001
leu	  20.0	 -30.0	9.264407e-006	1.158933e+001
leu	  30.0	 -30.0	1.625265e-005	1.102725e+001
leu	  40.0	 -30.0	2.711446e-005	1.051544e+001
leu	  50.0	 -30.0	4.056968e-005	1.011249e+001
leu	  60.0	 -30.0	5.228775e-005	9.858748e+000
leu	  70.0	 -30.0	5.691988e-005	9.773866e+000
leu	  80.0	 -30.0	5.232794e-005	9.857980e+000
leu	  90.0	 -30.0	4.125869e-005	1.009565e+001
leu	 100.0	 -30.0	2.863271e-005	1.046096e+001
leu	 110.0	 -30.0	1.804822e-005	1.092246e+001
leu	 120.0	 -30.0	1.070931e-005	1.144440e+001
leu	 130.0	 -30.0	6.290499e-006	1.197647e+001
leu	 140.0	 -30.0	4.034695e-006	1.242058e+001
leu	 150.0	 -30.0	3.370003e-006	1.260060e+001
leu	 160.0	 -30.0	4.166081e-006	1.238853e+001
leu	 170.0	 -30.0	6.949704e-006	1.187681e+001
leu	-180.0	 -20.0	1.197593e-005	1.133261e+001
leu	-170.0	 -20.0	2.649943e-005	1.053839e+001
leu	-160.0	 -20.0	6.188527e-005	9.690228e+000
leu	-150.0	 -20.0	1.480179e-004	8.818178e+000
leu	-140.0	 -20.0	3.505121e-004	7.956115e+000
leu	-130.0	 -20.0	8.015269e-004	7.128992e+000
leu	-120.0	 -20.0	1.743898e-003	6.351632e+000
leu	-110.0	 -20.0	3.512594e-003	5.651401e+000
leu	-100.0	 -20.0	6.294191e-003	5.068128e+000
leu	 -90.0	 -20.0	1.015662e-002	4.589630e+000
leu	 -80.0	 -20.0	1.543319e-002	4.171235e+000
leu	 -70.0	 -20.0	2.021195e-002	3.901481e+000
leu	 -60.0	 -20.0	1.715663e-002	4.065370e+000
leu	 -50.0	 -20.0	7.390665e-003	4.907538e+000
leu	 -40.0	 -20.0	1.527129e-003	6.484366e+000
leu	 -30.0	 -20.0	1.806564e-004	8.618914e+000
leu	 -20.0	 -20.0	1.880294e-005	1.088150e+001
leu	 -10.0	 -20.0	4.033472e-006	1.242088e+001
leu	   0.0	 -20.0	3.465986e-006	1.257251e+001
leu	  10.0	 -20.0	5.904705e-006	1.203976e+001
leu	  20.0	 -20.0	1.194344e-005	1.133533e+001
leu	  30.0	 -20.0	2.423153e-005	1.062786e+001
leu	  40.0	 -20.0	4.484304e-005	1.001234e+001
leu	  50.0	 -20.0	7.101314e-005	9.552646e+000
leu	  60.0	 -20.0	9.285886e-005	9.284430e+000
leu	  70.0	 -20.0	9.909502e-005	9.219431e+000
leu	  80.0	 -20.0	8.693385e-005	9.350363e+000
leu	  90.0	 -20.0	6.409870e-005	9.655087e+000
leu	 100.0	 -20.0	4.104724e-005	1.010079e+001
leu	 110.0	 -20.0	2.372723e-005	1.064889e+001
leu	 120.0	 -20.0	1.289643e-005	1.125856e+001
leu	 130.0	 -20.0	6.922973e-006	1.188067e+001
leu	 140.0	 -20.0	4.013026e-006	1.242596e+001
leu	 150.0	 -20.0	3.012986e-006	1.271258e+001
leu	 160.0	 -20.0	3.512272e-006	1.255925e+001
leu	 170.0	 -20.0	5.917690e-006	1.203756e+001
leu	-180.0	 -10.0	1.111797e-005	1.140695e+001
leu	-170.0	 -10.0	2.607039e-005	1.055471e+001
leu	-160.0	 -10.0	6.418257e-005	9.653779e+000
leu	-150.0	 -10.0	1.614643e-004	8.731226e+000
leu	-140.0	 -10.0	4.081855e-004	7.803789e+000
leu	-130.0	 -10.0	1.033503e-003	6.874802e+000
leu	-120.0	 -10.0	2.563464e-003	5.966396e+000
leu	-110.0	 -10.0	5.665278e-003	5.173399e+000
leu	-100.0	 -10.0	9.904675e-003	4.614748e+000
leu	 -90.0	 -10.0	1.345274e-002	4.308573e+000
leu	 -80.0	 -10.0	1.523650e-002	4.184062e+000
leu	 -70.0	 -10.0	1.419453e-002	4.254899e+000
leu	 -60.0	 -10.0	8.894038e-003	4.722374e+000
leu	 -50.0	 -10.0	2.986473e-003	5.813662e+000
leu	 -40.0	 -10.0	4.965327e-004	7.607861e+000
leu	 -30.0	 -10.0	4.935568e-005	9.916458e+000
leu	 -20.0	 -10.0	6.081920e-006	1.201019e+001
leu	 -10.0	 -10.0	2.553178e-006	1.287817e+001
leu	   0.0	 -10.0	3.502689e-006	1.256198e+001
leu	  10.0	 -10.0	7.666029e-006	1.177871e+001
leu	  20.0	 -10.0	1.854948e-005	1.089507e+001
leu	  30.0	 -10.0	4.244128e-005	1.006739e+001
leu	  40.0	 -10.0	8.374729e-005	9.387707e+000
leu	  50.0	 -10.0	1.351882e-004	8.908843e+000
leu	  60.0	 -10.0	1.742245e-004	8.655166e+000
leu	  70.0	 -10.0	1.786399e-004	8.630138e+000
leu	  80.0	 -10.0	1.476196e-004	8.820872e+000
leu	  90.0	 -10.0	1.009347e-004	9.201036e+000
leu	 100.0	 -10.0	5.926253e-005	9.733533e+000
leu	 110.0	 -10.0	3.122242e-005	1.037437e+001
leu	 120.0	 -10.0	1.545879e-005	1.107733e+001
leu	 130.0	 -10.0	7.564878e-006	1.179199e+001
leu	 140.0	 -10.0	3.976451e-006	1.243512e+001
leu	 150.0	 -10.0	2.705431e-006	1.282025e+001
leu	 160.0	 -10.0	3.010629e-006	1.271336e+001
leu	 170.0	 -10.0	5.202720e-006	1.216633e+001
leu	-180.0	   0.0	1.145177e-005	1.137737e+001
leu	-170.0	   0.0	2.833189e-005	1.047152e+001
leu	-160.0	   0.0	7.316177e-005	9.522838e+000
leu	-150.0	   0.0	1.929593e-004	8.553031e+000
leu	-140.0	   0.0	5.164322e-004	7.568566e+000
leu	-130.0	   0.0	1.393103e-003	6.576222e+000
leu	-120.0	   0.0	3.567277e-003	5.635953e+000
leu	-110.0	   0.0	7.541300e-003	4.887361e+000
leu	-100.0	   0.0	1.144955e-002	4.469805e+000
leu	 -90.0	   0.0	1.213482e-002	4.411676e+000
leu	 -80.0	   0.0	9.840154e-003	4.621284e+000
leu	 -70.0	   0.0	6.458955e-003	5.042288e+000
leu	 -60.0	   0.0	3.004969e-003	5.807488e+000
leu	 -50.0	   0.0	8.088148e-004	7.119941e+000
leu	 -40.0	   0.0	1.196194e-004	9.031195e+000
leu	 -30.0	   0.0	1.390900e-005	1.118297e+001
leu	 -20.0	   0.0	3.250368e-006	1.263674e+001
leu	 -10.0	   0.0	2.355117e-006	1.295892e+001
leu	   0.0	   0.0	4.420493e-006	1.232926e+001
leu	  10.0	   0.0	1.182532e-005	1.134527e+001
leu	  20.0	   0.0	3.242049e-005	1.033672e+001
leu	  30.0	   0.0	7.910961e-005	9.444676e+000
leu	  40.0	   0.0	1.592663e-004	8.744933e+000
leu	  50.0	   0.0	2.542081e-004	8.277357e+000
leu	  60.0	   0.0	3.165136e-004	8.058144e+000
leu	  70.0	   0.0	3.079094e-004	8.085705e+000
leu	  80.0	   0.0	2.379099e-004	8.343619e+000
leu	  90.0	   0.0	1.503369e-004	8.802632e+000
leu	 100.0	   0.0	8.087663e-005	9.422586e+000
leu	 110.0	   0.0	3.886977e-005	1.015529e+001
leu	 120.0	   0.0	1.757341e-005	1.094912e+001
leu	 130.0	   0.0	7.892757e-006	1.174957e+001
leu	 140.0	   0.0	3.832483e-006	1.247200e+001
leu	 150.0	   0.0	2.461720e-006	1.291465e+001
leu	 160.0	   0.0	2.760179e-006	1.280022e+001
leu	 170.0	   0.0	5.047011e-006	1.219671e+001
leu	-180.0	  10.0	1.333099e-005	1.122542e+001
leu	-170.0	  10.0	3.372300e-005	1.029733e+001
leu	-160.0	  10.0	8.836506e-005	9.334034e+000
leu	-150.0	  10.0	2.360590e-004	8.351429e+000
leu	-140.0	  10.0	6.367508e-004	7.359132e+000
leu	-130.0	  10.0	1.683480e-003	6.386892e+000
leu	-120.0	  10.0	3.981309e-003	5.526145e+000
leu	-110.0	  10.0	7.301453e-003	4.919682e+000
leu	-100.0	  10.0	9.157797e-003	4.693150e+000
leu	 -90.0	  10.0	7.544564e-003	4.886928e+000
leu	 -80.0	  10.0	4.410758e-003	5.423709e+000
leu	 -70.0	  10.0	2.051114e-003	6.189372e+000
leu	 -60.0	  10.0	7.298074e-004	7.222730e+000
leu	 -50.0	  10.0	1.698003e-004	8.680888e+000
leu	 -40.0	  10.0	2.729366e-005	1.050886e+001
leu	 -30.0	  10.0	5.575445e-006	1.209714e+001
leu	 -20.0	  10.0	2.435802e-006	1.292523e+001
leu	 -10.0	  10.0	2.685953e-006	1.282747e+001
leu	   0.0	  10.0	6.487279e-006	1.194567e+001
leu	  10.0	  10.0	1.959725e-005	1.084012e+001
leu	  20.0	  10.0	5.689792e-005	9.774252e+000
leu	  30.0	  10.0	1.413430e-004	8.864321e+000
leu	  40.0	  10.0	2.821787e-004	8.172970e+000
leu	  50.0	  10.0	4.381039e-004	7.733054e+000
leu	  60.0	  10.0	5.222481e-004	7.557368e+000
leu	  70.0	  10.0	4.796432e-004	7.642468e+000
leu	  80.0	  10.0	3.456027e-004	7.970221e+000
leu	  90.0	  10.0	2.016294e-004	8.509079e+000
leu	 100.0	  10.0	9.945864e-005	9.215769e+000
leu	 110.0	  10.0	4.371768e-005	1.003776e+001
leu	 120.0	  10.0	1.814224e-005	1.091727e+001
leu	 130.0	  10.0	7.565853e-006	1.179187e+001
leu	 140.0	  10.0	3.502362e-006	1.256207e+001
leu	 150.0	  10.0	2.295802e-006	1.298443e+001
leu	 160.0	  10.0	2.838848e-006	1.277211e+001
leu	 170.0	  10.0	5.632629e-006	1.208693e+001
leu	-180.0	  20.0	1.687876e-005	1.098945e+001
leu	-170.0	  20.0	4.169695e-005	1.008508e+001
leu	-160.0	  20.0	1.051735e-004	9.159899e+000
leu	-150.0	  20.0	2.682568e-004	8.223566e+000
leu	-140.0	  20.0	6.793796e-004	7.294331e+000
leu	-130.0	  20.0	1.627190e-003	6.420901e+000
leu	-120.0	  20.0	3.335419e-003	5.703157e+000
leu	-110.0	  20.0	5.130663e-003	5.272520e+000
leu	-100.0	  20.0	5.320205e-003	5.236243e+000
leu	 -90.0	  20.0	3.571778e-003	5.634692e+000
leu	 -80.0	  20.0	1.638269e-003	6.414115e+000
leu	 -70.0	  20.0	5.820352e-004	7.448980e+000
leu	 -60.0	  20.0	1.715833e-004	8.670442e+000
leu	 -50.0	  20.0	4.092330e-005	1.010381e+001
leu	 -40.0	  20.0	9.519325e-006	1.156219e+001
leu	 -30.0	  20.0	3.303324e-006	1.262058e+001
leu	 -20.0	  20.0	2.161179e-006	1.304486e+001
leu	 -10.0	  20.0	3.504504e-006	1.256146e+001
leu	   0.0	  20.0	9.839145e-006	1.152914e+001
leu	  10.0	  20.0	3.099089e-005	1.038182e+001
leu	  20.0	  20.0	9.062443e-005	9.308787e+000
leu	  30.0	  20.0	2.226757e-004	8.409794e+000
leu	  40.0	  20.0	4.342610e-004	7.741865e+000
leu	  50.0	  20.0	6.517349e-004	7.335873e+000
leu	  60.0	  20.0	7.433012e-004	7.204409e+000
leu	  70.0	  20.0	6.461018e-004	7.344554e+000
leu	  80.0	  20.0	4.357649e-004	7.738408e+000
leu	  90.0	  20.0	2.355949e-004	8.353397e+000
leu	 100.0	  20.0	1.069322e-004	9.143315e+000
leu	 110.0	  20.0	4.316717e-005	1.005043e+001
leu	 120.0	  20.0	1.655720e-005	1.100869e+001
leu	 130.0	  20.0	6.517324e-006	1.194105e+001
leu	 140.0	  20.0	3.021461e-006	1.270977e+001
leu	 150.0	  20.0	2.257202e-006	1.300138e+001
leu	 160.0	  20.0	3.319593e-006	1.261567e+001
leu	 170.0	  20.0	7.085484e-006	1.185746e+001
leu	-180.0	  30.0	2.205670e-005	1.072189e+001
leu	-170.0	  30.0	5.153528e-005	9.873244e+000
leu	-160.0	  30.0	1.196351e-004	9.031064e+000
leu	-150.0	  30.0	2.747368e-004	8.199697e+000
leu	-140.0	  30.0	6.125121e-004	7.397942e+000
leu	-130.0	  30.0	1.258519e-003	6.677820e+000
leu	-120.0	  30.0	2.175196e-003	6.130636e+000
leu	-110.0	  30.0	2.828349e-003	5.868062e+000
leu	-100.0	  30.0	2.539713e-003	5.975704e+000
leu	 -90.0	  30.0	1.546397e-003	6.471828e+000
leu	 -80.0	  30.0	6.859846e-004	7.284655e+000
leu	 -70.0	  30.0	2.545410e-004	8.276049e+000
leu	 -60.0	  30.0	8.679632e-005	9.351946e+000
leu	 -50.0	  30.0	2.742278e-005	1.050414e+001
leu	 -40.0	  30.0	8.449396e-006	1.168142e+001
leu	 -30.0	  30.0	3.123931e-006	1.267642e+001
leu	 -20.0	  30.0	2.409014e-006	1.293629e+001
leu	 -10.0	  30.0	4.766595e-006	1.225388e+001
leu	   0.0	  30.0	1.384957e-005	1.118726e+001
leu	  10.0	  30.0	4.293606e-005	1.005580e+001
leu	  20.0	  30.0	1.223541e-004	9.008591e+000
leu	  30.0	  30.0	2.919966e-004	8.138768e+000
leu	  40.0	  30.0	5.514918e-004	7.502884e+000
leu	  50.0	  30.0	7.985937e-004	7.132658e+000
leu	  60.0	  30.0	8.743181e-004	7.042066e+000
leu	  70.0	  30.0	7.245562e-004	7.229951e+000
leu	  80.0	  30.0	4.619207e-004	7.680117e+000
leu	  90.0	  30.0	2.338897e-004	8.360661e+000
leu	 100.0	  30.0	9.867011e-005	9.223729e+000
leu	 110.0	  30.0	3.693901e-005	1.020624e+001
leu	 120.0	  30.0	1.326057e-005	1.123072e+001
leu	 130.0	  30.0	5.066092e-006	1.219294e+001
leu	 140.0	  30.0	2.547693e-006	1.288032e+001
leu	 150.0	  30.0	2.423646e-006	1.293024e+001
leu	 160.0	  30.0	4.258806e-006	1.236652e+001
leu	 170.0	  30.0	9.460254e-006	1.156841e+001
leu	-180.0	  40.0	2.872016e-005	1.045791e+001
leu	-170.0	  40.0	6.312221e-005	9.670438e+000
leu	-160.0	  40.0	1.330297e-004	8.924938e+000
leu	-150.0	  40.0	2.668988e-004	8.228641e+000
leu	-140.0	  40.0	5.034220e-004	7.594082e+000
leu	-130.0	  40.0	8.615991e-004	7.056720e+000
leu	-120.0	  40.0	1.255104e-003	6.680537e+000
leu	-110.0	  40.0	1.445598e-003	6.539232e+000
leu	-100.0	  40.0	1.265729e-003	6.672107e+000
leu	 -90.0	  40.0	8.718664e-004	7.044874e+000
leu	 -80.0	  40.0	5.125622e-004	7.576088e+000
leu	 -70.0	  40.0	2.661108e-004	8.231598e+000
leu	 -60.0	  40.0	1.176534e-004	9.047768e+000
leu	 -50.0	  40.0	4.294560e-005	1.005558e+001
leu	 -40.0	  40.0	1.333116e-005	1.122541e+001
leu	 -30.0	  40.0	4.336046e-006	1.234855e+001
leu	 -20.0	  40.0	3.084664e-006	1.268907e+001
leu	 -10.0	  40.0	6.099698e-006	1.200727e+001
leu	   0.0	  40.0	1.702055e-005	1.098109e+001
leu	  10.0	  40.0	4.999052e-005	9.903677e+000
leu	  20.0	  40.0	1.355059e-004	8.906495e+000
leu	  30.0	  40.0	3.095697e-004	8.080327e+000
leu	  40.0	  40.0	5.621341e-004	7.483770e+000
leu	  50.0	  40.0	7.841704e-004	7.150884e+000
leu	  60.0	  40.0	8.270256e-004	7.097675e+000
leu	  70.0	  40.0	6.588585e-004	7.325002e+000
leu	  80.0	  40.0	4.021241e-004	7.818750e+000
leu	  90.0	  40.0	1.938185e-004	8.548588e+000
leu	 100.0	  40.0	7.741563e-005	9.466322e+000
leu	 110.0	  40.0	2.742566e-005	1.050403e+001
leu	 120.0	  40.0	9.458283e-006	1.156862e+001
leu	 130.0	  40.0	3.699281e-006	1.250737e+001
leu	 140.0	  40.0	2.256799e-006	1.300156e+001
leu	 150.0	  40.0	2.851805e-006	1.276756e+001
leu	 160.0	  40.0	5.660460e-006	1.208201e+001
leu	 170.0	  40.0	1.270553e-005	1.127347e+001
leu	-180.0	  50.0	3.650405e-005	1.021809e+001
leu	-170.0	  50.0	7.658364e-005	9.477127e+000
leu	-160.0	  50.0	1.498072e-004	8.806161e+000
leu	-150.0	  50.0	2.682723e-004	8.223508e+000
leu	-140.0	  50.0	4.342576e-004	7.741873e+000
leu	-130.0	  50.0	6.287946e-004	7.371706e+000
leu	-120.0	  50.0	8.059423e-004	7.123498e+000
leu	-110.0	  50.0	9.119518e-004	6.999923e+000
leu	-100.0	  50.0	9.215922e-004	6.989408e+000
leu	 -90.0	  50.0	8.306930e-004	7.093250e+000
leu	 -80.0	  50.0	6.380129e-004	7.357152e+000
leu	 -70.0	  50.0	3.933559e-004	7.840796e+000
leu	 -60.0	  50.0	1.886168e-004	8.575793e+000
leu	 -50.0	  50.0	7.056466e-005	9.558981e+000
leu	 -40.0	  50.0	2.146959e-005	1.074887e+001
leu	 -30.0	  50.0	6.386855e-006	1.196127e+001
leu	 -20.0	  50.0	3.872138e-006	1.246170e+001
leu	 -10.0	  50.0	6.956278e-006	1.187587e+001
leu	   0.0	  50.0	1.793911e-005	1.092853e+001
leu	  10.0	  50.0	4.863939e-005	9.931077e+000
leu	  20.0	  50.0	1.229078e-004	9.004076e+000
leu	  30.0	  50.0	2.650656e-004	8.235533e+000
leu	  40.0	  50.0	4.589933e-004	7.686475e+000
leu	  50.0	  50.0	6.149679e-004	7.393941e+000
leu	  60.0	  50.0	6.259893e-004	7.376177e+000
leu	  70.0	  50.0	4.828737e-004	7.635755e+000
leu	  80.0	  50.0	2.858483e-004	8.160049e+000
leu	  90.0	  50.0	1.337175e-004	8.919781e+000
leu	 100.0	  50.0	5.190263e-005	9.866141e+000
leu	 110.0	  50.0	1.799698e-005	1.092531e+001
leu	 120.0	  50.0	6.262469e-006	1.198094e+001
leu	 130.0	  50.0	2.744854e-006	1.280578e+001
leu	 140.0	  50.0	2.228738e-006	1.301407e+001
leu	 150.0	  50.0	3.529168e-006	1.255445e+001
leu	 160.0	  50.0	7.433805e-006	1.180947e+001
leu	 170.0	  50.0	1.660023e-005	1.100609e+001
leu	-180.0	  60.0	4.460759e-005	1.001761e+001
leu	-170.0	  60.0	9.100788e-005	9.304565e+000
leu	-160.0	  60.0	1.711833e-004	8.672776e+000
leu	-150.0	  60.0	2.888760e-004	8.149513e+000
leu	-140.0	  60.0	4.295283e-004	7.752823e+000
leu	-130.0	  60.0	5.654636e-004	7.477865e+000
leu	-120.0	  60.0	6.867174e-004	7.283588e+000
leu	-110.0	  60.0	8.168938e-004	7.110002e+000
leu	-100.0	  60.0	9.521704e-004	6.956767e+000
leu	 -90.0	  60.0	9.925583e-004	6.915225e+000
leu	 -80.0	  60.0	8.364818e-004	7.086306e+000
leu	 -70.0	  60.0	5.401376e-004	7.523687e+000
leu	 -60.0	  60.0	2.641231e-004	8.239095e+000
leu	 -50.0	  60.0	9.924095e-005	9.217960e+000
leu	 -40.0	  60.0	2.989865e-005	1.041770e+001
leu	 -30.0	  60.0	8.475318e-006	1.167835e+001
leu	 -20.0	  60.0	4.433675e-006	1.232628e+001
leu	 -10.0	  60.0	6.990105e-006	1.187102e+001
leu	   0.0	  60.0	1.634446e-005	1.102162e+001
leu	  10.0	  60.0	4.025084e-005	1.012038e+001
leu	  20.0	  60.0	9.331098e-005	9.279573e+000
leu	  30.0	  60.0	1.874819e-004	8.581828e+000
leu	  40.0	  60.0	3.068740e-004	8.089073e+000
leu	  50.0	  60.0	3.932850e-004	7.840976e+000
leu	  60.0	  60.0	3.867134e-004	7.857827e+000
leu	  70.0	  60.0	2.906810e-004	8.143284e+000
leu	  80.0	  60.0	1.690997e-004	8.685022e+000
leu	  90.0	  60.0	7.844652e-005	9.453093e+000
leu	 100.0	  60.0	3.056548e-005	1.039564e+001
leu	 110.0	  60.0	1.088463e-005	1.142816e+001
leu	 120.0	  60.0	4.124477e-006	1.239857e+001
leu	 130.0	  60.0	2.250424e-006	1.300439e+001
leu	 140.0	  60.0	2.428116e-006	1.292839e+001
leu	 150.0	  60.0	4.370921e-006	1.234054e+001
leu	 160.0	  60.0	9.387507e-006	1.157613e+001
leu	 170.0	  60.0	2.072061e-005	1.078438e+001
leu	-180.0	  70.0	5.224792e-005	9.859511e+000
leu	-170.0	  70.0	1.048009e-004	9.163448e+000
leu	-160.0	  70.0	1.941630e-004	8.546813e+000
leu	-150.0	  70.0	3.224675e-004	8.039508e+000
leu	-140.0	  70.0	4.696581e-004	7.663505e+000
leu	-130.0	  70.0	6.037782e-004	7.412304e+000
leu	-120.0	  70.0	7.245712e-004	7.229931e+000
leu	-110.0	  70.0	8.766540e-004	7.039398e+000
leu	-100.0	  70.0	1.056810e-003	6.852500e+000
leu	 -90.0	  70.0	1.130665e-003	6.784949e+000
leu	 -80.0	  70.0	9.657515e-004	6.942604e+000
leu	 -70.0	  70.0	6.274159e-004	7.373901e+000
leu	 -60.0	  70.0	3.078261e-004	8.085976e+000
leu	 -50.0	  70.0	1.160575e-004	9.061425e+000
leu	 -40.0	  70.0	3.513694e-005	1.025626e+001
leu	 -30.0	  70.0	9.878449e-006	1.152516e+001
leu	 -20.0	  70.0	4.635314e-006	1.228181e+001
leu	 -10.0	  70.0	6.277740e-006	1.197850e+001
leu	   0.0	  70.0	1.313631e-005	1.124013e+001
leu	  10.0	  70.0	2.914479e-005	1.044323e+001
leu	  20.0	  70.0	6.138165e-005	9.698400e+000
leu	  30.0	  70.0	1.137800e-004	9.081244e+000
leu	  40.0	  70.0	1.747698e-004	8.652041e+000
leu	  50.0	  70.0	2.135437e-004	8.451669e+000
leu	  60.0	  70.0	2.031310e-004	8.501659e+000
leu	  70.0	  70.0	1.498590e-004	8.805816e+000
leu	  80.0	  70.0	8.691646e-005	9.350563e+000
leu	  90.0	  70.0	4.096718e-005	1.010274e+001
leu	 100.0	  70.0	1.665208e-005	1.100298e+001
leu	 110.0	  70.0	6.474239e-006	1.194768e+001
leu	 120.0	  70.0	2.924313e-006	1.274245e+001
leu	 130.0	  70.0	2.099062e-006	1.307402e+001
leu	 140.0	  70.0	2.773168e-006	1.279552e+001
leu	 150.0	  70.0	5.284452e-006	1.215074e+001
leu	 160.0	  70.0	1.135161e-005	1.138615e+001
leu	 170.0	  70.0	2.470341e-005	1.060857e+001
leu	-180.0	  80.0	6.014527e-005	9.718748e+000
leu	-170.0	  80.0	1.190480e-004	9.035983e+000
leu	-160.0	  80.0	2.190243e-004	8.426328e+000
leu	-150.0	  80.0	3.646904e-004	7.916462e+000
leu	-140.0	  80.0	5.373993e-004	7.528769e+000
leu	-130.0	  80.0	7.019158e-004	7.261697e+000
leu	-120.0	  80.0	8.495214e-004	7.070837e+000
leu	-110.0	  80.0	1.013754e-003	6.894095e+000
leu	-100.0	  80.0	1.180651e-003	6.741689e+000
leu	 -90.0	  80.0	1.216601e-003	6.711695e+000
leu	 -80.0	  80.0	1.008679e-003	6.899113e+000
leu	 -70.0	  80.0	6.428355e-004	7.349622e+000
leu	 -60.0	  80.0	3.133680e-004	8.068132e+000
leu	 -50.0	  80.0	1.195008e-004	9.032187e+000
leu	 -40.0	  80.0	3.755441e-005	1.018972e+001
leu	 -30.0	  80.0	1.112241e-005	1.140655e+001
leu	 -20.0	  80.0	4.826238e-006	1.224144e+001
leu	 -10.0	  80.0	5.272111e-006	1.215308e+001
leu	   0.0	  80.0	9.592616e-006	1.155452e+001
leu	  10.0	  80.0	1.906320e-005	1.086775e+001
leu	  20.0	  80.0	3.633470e-005	1.022274e+001
leu	  30.0	  80.0	6.185494e-005	9.690719e+000
leu	  40.0	  80.0	8.885935e-005	9.328456e+000
leu	  50.0	  80.0	1.034764e-004	9.176167e+000
leu	  60.0	  80.0	9.560245e-005	9.255312e+000
leu	  70.0	  80.0	6.989232e-005	9.568555e+000
leu	  80.0	  80.0	4.111595e-005	1.009911e+001
leu	  90.0	  80.0	2.025666e-005	1.080703e+001
leu	 100.0	  80.0	8.994343e-006	1.161891e+001
leu	 110.0	  80.0	4.094907e-006	1.240577e+001
leu	 120.0	  80.0	2.360682e-006	1.295656e+001
leu	 130.0	  80.0	2.167678e-006	1.304185e+001
leu	 140.0	  80.0	3.216307e-006	1.264728e+001
leu	 150.0	  80.0	6.269785e-006	1.197977e+001
leu	 160.0	  80.0	1.341415e-005	1.121920e+001
leu	 170.0	  80.0	2.885567e-005	1.045320e+001
leu	-180.0	  90.0	7.122352e-005	9.549688e+000
leu	-170.0	  90.0	1.398172e-004	8.875175e+000
leu	-160.0	  90.0	2.558474e-004	8.270929e+000
leu	-150.0	  90.0	4.284678e-004	7.755295e+000
leu	-140.0	  90.0	6.455433e-004	7.345418e+000
leu	-130.0	  90.0	8.742353e-004	7.042161e+000
leu	-120.0	  90.0	1.096438e-003	6.815689e+000
leu	-110.0	  90.0	1.318807e-003	6.631028e+000
leu	-100.0	  90.0	1.487729e-003	6.510504e+000
leu	 -90.0	  90.0	1.456785e-003	6.531524e+000
leu	 -80.0	  90.0	1.156033e-003	6.762761e+000
leu	 -70.0	  90.0	7.242824e-004	7.230329e+000
leu	 -60.0	  90.0	3.621952e-004	7.923327e+000
leu	 -50.0	  90.0	1.486985e-004	8.813590e+000
leu	 -40.0	  90.0	5.219933e-005	9.860441e+000
leu	 -30.0	  90.0	1.693602e-005	1.098607e+001
leu	 -20.0	  90.0	6.384618e-006	1.196162e+001
leu	 -10.0	  90.0	4.655167e-006	1.227753e+001
leu	   0.0	  90.0	6.685576e-006	1.191556e+001
leu	  10.0	  90.0	1.170024e-005	1.135590e+001
leu	  20.0	  90.0	2.013542e-005	1.081303e+001
leu	  30.0	  90.0	3.145405e-005	1.036698e+001
leu	  40.0	  90.0	4.227757e-005	1.007125e+001
leu	  50.0	  90.0	4.707157e-005	9.963841e+000
leu	  60.0	  90.0	4.256169e-005	1.006456e+001
leu	  70.0	  90.0	3.126432e-005	1.037303e+001
leu	  80.0	  90.0	1.909464e-005	1.086610e+001
leu	  90.0	  90.0	1.021561e-005	1.149159e+001
leu	 100.0	  90.0	5.248979e-006	1.215748e+001
leu	 110.0	  90.0	2.976557e-006	1.272474e+001
leu	 120.0	  90.0	2.197794e-006	1.302806e+001
leu	 130.0	  90.0	2.389651e-006	1.294436e+001
leu	 140.0	  90.0	3.766049e-006	1.248948e+001
leu	 150.0	  90.0	7.440750e-006	1.180854e+001
leu	 160.0	  90.0	1.597464e-005	1.104451e+001
leu	 170.0	  90.0	3.434640e-005	1.027901e+001
leu	-180.0	 100.0	8.826526e-005	9.335164e+000
leu	-170.0	 100.0	1.739204e-004	8.656913e+000
leu	-160.0	 100.0	3.189848e-004	8.050367e+000
leu	-150.0	 100.0	5.397652e-004	7.524376e+000
leu	-140.0	 100.0	8.344878e-004	7.088692e+000
leu	-130.0	 100.0	1.177816e-003	6.744093e+000
leu	-120.0	 100.0	1.551503e-003	6.468531e+000
leu	-110.0	 100.0	1.942008e-003	6.244033e+000
leu	-100.0	 100.0	2.231618e-003	6.105028e+000
leu	 -90.0	 100.0	2.208768e-003	6.115320e+000
leu	 -80.0	 100.0	1.823784e-003	6.306842e+000
leu	 -70.0	 100.0	1.274353e-003	6.665316e+000
leu	 -60.0	 100.0	7.579759e-004	7.184859e+000
leu	 -50.0	 100.0	3.678298e-004	7.907890e+000
leu	 -40.0	 100.0	1.410623e-004	8.866309e+000
leu	 -30.0	 100.0	4.412683e-005	1.002844e+001
leu	 -20.0	 100.0	1.285323e-005	1.126192e+001
leu	 -10.0	 100.0	5.253152e-006	1.215668e+001
leu	   0.0	 100.0	4.856675e-006	1.223516e+001
leu	  10.0	 100.0	7.114957e-006	1.185331e+001
leu	  20.0	 100.0	1.098920e-005	1.141860e+001
leu	  30.0	 100.0	1.575803e-005	1.105816e+001
leu	  40.0	 100.0	1.987406e-005	1.082610e+001
leu	  50.0	 100.0	2.130365e-005	1.075663e+001
leu	  60.0	 100.0	1.910596e-005	1.086551e+001
leu	  70.0	 100.0	1.443330e-005	1.114597e+001
leu	  80.0	 100.0	9.501949e-006	1.156401e+001
leu	  90.0	 100.0	5.823018e-006	1.205369e+001
leu	 100.0	 100.0	3.651095e-006	1.252048e+001
leu	 110.0	 100.0	2.594808e-006	1.286200e+001
leu	 120.0	 100.0	2.293294e-006	1.298552e+001
leu	 130.0	 100.0	2.731329e-006	1.281072e+001
leu	 140.0	 100.0	4.435161e-006	1.232595e+001
leu	 150.0	 100.0	8.883516e-006	1.163131e+001
leu	 160.0	 100.0	1.934226e-005	1.085322e+001
leu	 170.0	 100.0	4.216143e-005	1.007400e+001
leu	-180.0	 110.0	1.101124e-004	9.114008e+000
leu	-170.0	 110.0	2.208554e-004	8.418002e+000
leu	-160.0	 110.0	4.134129e-004	7.791064e+000
leu	-150.0	 110.0	7.198270e-004	7.236500e+000
leu	-140.0	 110.0	1.152826e-003	6.765539e+000
leu	-130.0	 110.0	1.680558e-003	6.388629e+000
leu	-120.0	 110.0	2.264861e-003	6.090242e+000
leu	-110.0	 110.0	2.895739e-003	5.844515e+000
leu	-100.0	 110.0	3.452577e-003	5.668634e+000
leu	 -90.0	 110.0	3.688182e-003	5.602622e+000
leu	 -80.0	 110.0	3.559907e-003	5.638021e+000
leu	 -70.0	 110.0	3.135059e-003	5.765107e+000
leu	 -60.0	 110.0	2.289404e-003	6.079464e+000
leu	 -50.0	 110.0	1.224574e-003	6.705163e+000
leu	 -40.0	 110.0	4.615702e-004	7.680876e+000
leu	 -30.0	 110.0	1.287803e-004	8.957403e+000
leu	 -20.0	 110.0	2.977734e-005	1.042176e+001
leu	 -10.0	 110.0	7.678860e-006	1.177704e+001
leu	   0.0	 110.0	4.073496e-006	1.241101e+001
leu	  10.0	 110.0	4.618920e-006	1.228535e+001
leu	  20.0	 110.0	6.354415e-006	1.196636e+001
leu	  30.0	 110.0	8.405398e-006	1.168664e+001
leu	  40.0	 110.0	1.003280e-005	1.150965e+001
leu	  50.0	 110.0	1.050747e-005	1.146342e+001
leu	  60.0	 110.0	9.580318e-006	1.155580e+001
leu	  70.0	 110.0	7.726318e-006	1.177088e+001
leu	  80.0	 110.0	5.745239e-006	1.206714e+001
leu	  90.0	 110.0	4.183162e-006	1.238444e+001
leu	 100.0	 110.0	3.169803e-006	1.266184e+001
leu	 110.0	 110.0	2.632706e-006	1.284750e+001
leu	 120.0	 110.0	2.552649e-006	1.287838e+001
leu	 130.0	 110.0	3.154060e-006	1.266682e+001
leu	 140.0	 110.0	5.178330e-006	1.217103e+001
leu	 150.0	 110.0	1.048383e-005	1.146568e+001
leu	 160.0	 110.0	2.321100e-005	1.067088e+001
leu	 170.0	 110.0	5.160102e-005	9.871969e+000
leu	-180.0	 120.0	1.312555e-004	8.938365e+000
leu	-170.0	 120.0	2.706336e-004	8.214745e+000
leu	-160.0	 120.0	5.271643e-004	7.547998e+000
leu	-150.0	 120.0	9.655316e-004	6.942832e+000
leu	-140.0	 120.0	1.620668e-003	6.424917e+000
leu	-130.0	 120.0	2.416099e-003	6.025601e+000
leu	-120.0	 120.0	3.218233e-003	5.738923e+000
leu	-110.0	 120.0	4.021871e-003	5.516008e+000
leu	-100.0	 120.0	4.860345e-003	5.326646e+000
leu	 -90.0	 120.0	5.698610e-003	5.167533e+000
leu	 -80.0	 120.0	6.693797e-003	5.006574e+000
leu	 -70.0	 120.0	7.285939e-003	4.921809e+000
leu	 -60.0	 120.0	5.985313e-003	5.118447e+000
leu	 -50.0	 120.0	3.252749e-003	5.728255e+000
leu	 -40.0	 120.0	1.154081e-003	6.764451e+000
leu	 -30.0	 120.0	2.876425e-004	8.153792e+000
leu	 -20.0	 120.0	5.628855e-005	9.785019e+000
leu	 -10.0	 120.0	1.104467e-005	1.141356e+001
leu	   0.0	 120.0	3.894068e-006	1.245606e+001
leu	  10.0	 120.0	3.415223e-006	1.258727e+001
leu	  20.0	 120.0	4.239850e-006	1.237098e+001
leu	  30.0	 120.0	5.281458e-006	1.215131e+001
leu	  40.0	 120.0	6.102094e-006	1.200688e+001
leu	  50.0	 120.0	6.409348e-006	1.195775e+001
leu	  60.0	 120.0	6.123012e-006	1.200346e+001
leu	  70.0	 120.0	5.418146e-006	1.212576e+001
leu	  80.0	 120.0	4.580744e-006	1.229365e+001
leu	  90.0	 120.0	3.824693e-006	1.247403e+001
leu	 100.0	 120.0	3.245466e-006	1.263825e+001
leu	 110.0	 120.0	2.897032e-006	1.275182e+001
leu	 120.0	 120.0	2.903272e-006	1.274967e+001
leu	 130.0	 120.0	3.608801e-006	1.253213e+001
leu	 140.0	 120.0	5.903078e-006	1.204004e+001
leu	 150.0	 120.0	1.196290e-005	1.133370e+001
leu	 160.0	 120.0	2.672281e-005	1.052999e+001
leu	 170.0	 120.0	6.029628e-005	9.716240e+000
leu	-180.0	 130.0	1.459774e-004	8.832059e+000
leu	-170.0	 130.0	3.105211e-004	8.077259e+000
leu	-160.0	 130.0	6.355298e-004	7.361052e+000
leu	-150.0	 130.0	1.235331e-003	6.696416e+000
leu	-140.0	 130.0	2.180188e-003	6.128344e+000
leu	-130.0	 130.0	3.324255e-003	5.706510e+000
leu	-120.0	 130.0	4.373817e-003	5.432119e+000
leu	-110.0	 130.0	5.282884e-003	5.243283e+000
leu	-100.0	 130.0	6.299725e-003	5.067249e+000
leu	 -90.0	 130.0	7.872107e-003	4.844429e+000
leu	 -80.0	 130.0	1.065910e-002	4.541341e+000
leu	 -70.0	 130.0	1.299937e-002	4.342855e+000
leu	 -60.0	 130.0	1.099440e-002	4.510370e+000
leu	 -50.0	 130.0	5.760019e-003	5.156814e+000
leu	 -40.0	 130.0	1.887141e-003	6.272692e+000
leu	 -30.0	 130.0	4.240767e-004	7.765596e+000
leu	 -20.0	 130.0	7.350859e-005	9.518108e+000
leu	 -10.0	 130.0	1.239422e-005	1.129828e+001
leu	   0.0	 130.0	3.688928e-006	1.251017e+001
leu	  10.0	 130.0	2.898542e-006	1.275130e+001
leu	  20.0	 130.0	3.433136e-006	1.258204e+001
leu	  30.0	 130.0	4.178208e-006	1.238563e+001
leu	  40.0	 130.0	4.815275e-006	1.224372e+001
leu	  50.0	 130.0	5.180957e-006	1.217052e+001
leu	  60.0	 130.0	5.215299e-006	1.216391e+001
leu	  70.0	 130.0	4.965354e-006	1.221303e+001
leu	  80.0	 130.0	4.538857e-006	1.230284e+001
leu	  90.0	 130.0	4.046523e-006	1.241765e+001
leu	 100.0	 130.0	3.586071e-006	1.253845e+001
leu	 110.0	 130.0	3.270414e-006	1.263059e+001
leu	 120.0	 130.0	3.290605e-006	1.262444e+001
leu	 130.0	 130.0	4.055225e-006	1.241550e+001
leu	 140.0	 130.0	6.539757e-006	1.193761e+001
leu	 150.0	 130.0	1.310308e-005	1.124266e+001
leu	 160.0	 130.0	2.914544e-005	1.044321e+001
leu	 170.0	 130.0	6.604162e-005	9.625225e+000
leu	-180.0	 140.0	1.513887e-004	8.795660e+000
leu	-170.0	 140.0	3.305461e-004	8.014764e+000
leu	-160.0	 140.0	7.066637e-004	7.254956e+000
leu	-150.0	 140.0	1.443489e-003	6.540692e+000
leu	-140.0	 140.0	2.652510e-003	5.932249e+000
leu	-130.0	 140.0	4.134875e-003	5.488298e+000
leu	-120.0	 140.0	5.457654e-003	5.210736e+000
leu	-110.0	 140.0	6.488400e-003	5.037739e+000
leu	-100.0	 140.0	7.572850e-003	4.883186e+000
leu	 -90.0	 140.0	9.609737e-003	4.644978e+000
leu	 -80.0	 140.0	1.348469e-002	4.306200e+000
leu	 -70.0	 140.0	1.637905e-002	4.111752e+000
leu	 -60.0	 140.0	1.318702e-002	4.328522e+000
leu	 -50.0	 140.0	6.386015e-003	5.053645e+000
leu	 -40.0	 140.0	1.908172e-003	6.261609e+000
leu	 -30.0	 140.0	3.908681e-004	7.847140e+000
leu	 -20.0	 140.0	6.235862e-005	9.682609e+000
leu	 -10.0	 140.0	1.000264e-005	1.151266e+001
leu	   0.0	 140.0	3.208598e-006	1.264968e+001
leu	  10.0	 140.0	2.752987e-006	1.280282e+001
leu	  20.0	 140.0	3.320706e-006	1.261533e+001
leu	  30.0	 140.0	4.065986e-006	1.241285e+001
leu	  40.0	 140.0	4.746267e-006	1.225815e+001
leu	  50.0	 140.0	5.224316e-006	1.216219e+001
leu	  60.0	 140.0	5.422141e-006	1.212502e+001
leu	  70.0	 140.0	5.331676e-006	1.214184e+001
leu	  80.0	 140.0	5.006477e-006	1.220478e+001
leu	  90.0	 140.0	4.539364e-006	1.230272e+001
leu	 100.0	 140.0	4.048201e-006	1.241724e+001
leu	 110.0	 140.0	3.683550e-006	1.251163e+001
leu	 120.0	 140.0	3.674953e-006	1.251397e+001
leu	 130.0	 140.0	4.466053e-006	1.231901e+001
leu	 140.0	 140.0	7.063926e-006	1.186051e+001
leu	 150.0	 140.0	1.385189e-005	1.118709e+001
leu	 160.0	 140.0	3.027113e-005	1.040532e+001
leu	 170.0	 140.0	6.803135e-005	9.595542e+000
leu	-180.0	 150.0	1.453905e-004	8.836087e+000
leu	-170.0	 150.0	3.196752e-004	8.048205e+000
leu	-160.0	 150.0	6.967617e-004	7.269067e+000
leu	-150.0	 150.0	1.454918e-003	6.532806e+000
leu	-140.0	 150.0	2.719715e-003	5.907228e+000
leu	-130.0	 150.0	4.278600e-003	5.454129e+000
leu	-120.0	 150.0	5.648047e-003	5.176446e+000
leu	-110.0	 150.0	6.628257e-003	5.016413e+000
leu	-100.0	 150.0	7.554730e-003	4.885581e+000
leu	 -90.0	 150.0	9.414473e-003	4.665507e+000
leu	 -80.0	 150.0	1.262927e-002	4.371738e+000
leu	 -70.0	 150.0	1.401938e-002	4.267315e+000
leu	 -60.0	 150.0	1.014940e-002	4.590341e+000
leu	 -50.0	 150.0	4.419233e-003	5.421789e+000
leu	 -40.0	 150.0	1.200764e-003	6.724797e+000
leu	 -30.0	 150.0	2.278923e-004	8.386638e+000
leu	 -20.0	 150.0	3.497326e-005	1.026093e+001
leu	 -10.0	 150.0	6.159144e-006	1.199757e+001
leu	   0.0	 150.0	2.776779e-006	1.279422e+001
leu	  10.0	 150.0	2.900963e-006	1.275047e+001
leu	  20.0	 150.0	3.653451e-006	1.251984e+001
leu	  30.0	 150.0	4.540416e-006	1.230249e+001
leu	  40.0	 150.0	5.362904e-006	1.213600e+001
leu	  50.0	 150.0	5.966586e-006	1.202934e+001
leu	  60.0	 150.0	6.243236e-006	1.198401e+001
leu	  70.0	 150.0	6.161471e-006	1.199720e+001
leu	  80.0	 150.0	5.773202e-006	1.206228e+001
leu	  90.0	 150.0	5.193389e-006	1.216812e+001
leu	 100.0	 150.0	4.574248e-006	1.229507e+001
leu	 110.0	 150.0	4.099257e-006	1.240470e+001
leu	 120.0	 150.0	4.023195e-006	1.242343e+001
leu	 130.0	 150.0	4.804019e-006	1.224606e+001
leu	 140.0	 150.0	7.431075e-006	1.180984e+001
leu	 150.0	 150.0	1.416179e-005	1.116496e+001
leu	 160.0	 150.0	3.004246e-005	1.041290e+001
leu	 170.0	 150.0	6.597298e-005	9.626265e+000
leu	-180.0	 160.0	1.262043e-004	8.977609e+000
leu	-170.0	 160.0	2.698350e-004	8.217700e+000
leu	-160.0	 160.0	5.762997e-004	7.458883e+000
leu	-150.0	 160.0	1.184602e-003	6.738349e+000
leu	-140.0	 160.0	2.187622e-003	6.124940e+000
leu	-130.0	 160.0	3.403082e-003	5.683074e+000
leu	-120.0	 160.0	4.418240e-003	5.422014e+000
leu	-110.0	 160.0	5.056526e-003	5.287076e+000
leu	-100.0	 160.0	5.597926e-003	5.185359e+000
leu	 -90.0	 160.0	6.689348e-003	5.007239e+000
leu	 -80.0	 160.0	8.265230e-003	4.795698e+000
leu	 -70.0	 160.0	8.180796e-003	4.805966e+000
leu	 -60.0	 160.0	5.257760e-003	5.248050e+000
leu	 -50.0	 160.0	2.055185e-003	6.187389e+000
leu	 -40.0	 160.0	5.137318e-004	7.573809e+000
leu	 -30.0	 160.0	9.300949e-005	9.282809e+000
leu	 -20.0	 160.0	1.487804e-005	1.111562e+001
leu	 -10.0	 160.0	3.716233e-006	1.250280e+001
leu	   0.0	 160.0	2.748564e-006	1.280443e+001
leu	  10.0	 160.0	3.363018e-006	1.260267e+001
leu	  20.0	 160.0	4.378893e-006	1.233871e+001
leu	  30.0	 160.0	5.512430e-006	1.210850e+001
leu	  40.0	 160.0	6.554736e-006	1.193532e+001
leu	  50.0	 160.0	7.300701e-006	1.182754e+001
leu	  60.0	 160.0	7.600822e-006	1.178725e+001
leu	  70.0	 160.0	7.416643e-006	1.181178e+001
leu	  80.0	 160.0	6.831333e-006	1.189399e+001
leu	  90.0	 160.0	6.013281e-006	1.202154e+001
leu	 100.0	 160.0	5.166464e-006	1.217332e+001
leu	 110.0	 160.0	4.508539e-006	1.230954e+001
leu	 120.0	 160.0	4.307250e-006	1.235521e+001
leu	 130.0	 160.0	5.008254e-006	1.220442e+001
leu	 140.0	 160.0	7.525754e-006	1.179718e+001
leu	 150.0	 160.0	1.384317e-005	1.118772e+001
leu	 160.0	 160.0	2.818961e-005	1.047656e+001
leu	 170.0	 160.0	5.939285e-005	9.731337e+000
leu	-180.0	 170.0	9.736193e-005	9.237075e+000
leu	-170.0	 170.0	1.943236e-004	8.545986e+000
leu	-160.0	 170.0	3.885365e-004	7.853123e+000
leu	-150.0	 170.0	7.550077e-004	7.188783e+000
leu	-140.0	 170.0	1.336310e-003	6.617843e+000
leu	-130.0	 170.0	2.013280e-003	6.207990e+000
leu	-120.0	 170.0	2.534780e-003	5.977648e+000
leu	-110.0	 170.0	2.809618e-003	5.874707e+000
leu	-100.0	 170.0	3.015238e-003	5.804077e+000
leu	 -90.0	 170.0	3.406519e-003	5.682064e+000
leu	 -80.0	 170.0	3.824197e-003	5.566407e+000
leu	 -70.0	 170.0	3.413119e-003	5.680129e+000
leu	 -60.0	 170.0	2.005918e-003	6.211653e+000
leu	 -50.0	 170.0	7.332811e-004	7.217981e+000
leu	 -40.0	 170.0	1.773637e-004	8.637308e+000
leu	 -30.0	 170.0	3.309629e-005	1.031609e+001
leu	 -20.0	 170.0	6.682161e-006	1.191607e+001
leu	 -10.0	 170.0	3.028740e-006	1.270736e+001
leu	   0.0	 170.0	3.169772e-006	1.266185e+001
leu	  10.0	 170.0	4.171393e-006	1.238726e+001
leu	  20.0	 170.0	5.543219e-006	1.210294e+001
leu	  30.0	 170.0	7.048037e-006	1.186276e+001
leu	  40.0	 170.0	8.409341e-006	1.168617e+001
leu	  50.0	 170.0	9.333910e-006	1.158186e+001
leu	  60.0	 170.0	9.614254e-006	1.155226e+001
leu	  70.0	 170.0	9.215500e-006	1.159462e+001
leu	  80.0	 170.0	8.283788e-006	1.170121e+001
leu	  90.0	 170.0	7.076868e-006	1.185868e+001
leu	 100.0	 170.0	5.874609e-006	1.204487e+001
leu	 110.0	 170.0	4.933515e-006	1.221946e+001
leu	 120.0	 170.0	4.518770e-006	1.230727e+001
leu	 130.0	 170.0	5.027117e-006	1.220066e+001
leu	 140.0	 170.0	7.230634e-006	1.183718e+001
leu	 150.0	 170.0	1.271150e-005	1.127300e+001
leu	 160.0	 170.0	2.460221e-005	1.061267e+001
leu	 170.0	 170.0	4.890364e-005	9.925659e+000
