lys	-180.0	-180.0	3.467373e-004	7.966943e+000
lys	-170.0	-180.0	6.368201e-004	7.359023e+000
lys	-160.0	-180.0	9.814782e-004	6.926451e+000
lys	-150.0	-180.0	1.320628e-003	6.629648e+000
lys	-140.0	-180.0	1.603754e-003	6.435408e+000
lys	-130.0	-180.0	1.761133e-003	6.341798e+000
lys	-120.0	-180.0	1.722285e-003	6.364103e+000
lys	-110.0	-180.0	1.544862e-003	6.472821e+000
lys	-100.0	-180.0	1.403221e-003	6.568985e+000
lys	 -90.0	-180.0	1.379292e-003	6.586185e+000
lys	 -80.0	-180.0	1.322074e-003	6.628553e+000
lys	 -70.0	-180.0	1.014463e-003	6.893396e+000
lys	 -60.0	-180.0	5.514590e-004	7.502943e+000
lys	 -50.0	-180.0	2.037354e-004	8.498689e+000
lys	 -40.0	-180.0	5.253670e-005	9.853999e+000
lys	 -30.0	-180.0	1.133564e-005	1.138756e+001
lys	 -20.0	-180.0	3.553610e-006	1.254755e+001
lys	 -10.0	-180.0	2.749880e-006	1.280395e+001
lys	   0.0	-180.0	3.709023e-006	1.250474e+001
lys	  10.0	-180.0	5.826026e-006	1.205318e+001
lys	  20.0	-180.0	9.051138e-006	1.161262e+001
lys	  30.0	-180.0	1.297742e-005	1.125230e+001
lys	  40.0	-180.0	1.659147e-005	1.100662e+001
lys	  50.0	-180.0	1.860177e-005	1.089225e+001
lys	  60.0	-180.0	1.821372e-005	1.091334e+001
lys	  70.0	-180.0	1.568423e-005	1.106285e+001
lys	  80.0	-180.0	1.209905e-005	1.132238e+001
lys	  90.0	-180.0	8.624065e-006	1.166095e+001
lys	 100.0	-180.0	5.944419e-006	1.203306e+001
lys	 110.0	-180.0	4.239504e-006	1.237106e+001
lys	 120.0	-180.0	3.528500e-006	1.255464e+001
lys	 130.0	-180.0	4.210346e-006	1.237797e+001
lys	 140.0	-180.0	8.133375e-006	1.171953e+001
lys	 150.0	-180.0	2.140857e-005	1.075172e+001
lys	 160.0	-180.0	6.029726e-005	9.716224e+000
lys	 170.0	-180.0	1.565154e-004	8.762356e+000
lys	-180.0	-170.0	1.712450e-004	8.672415e+000
lys	-170.0	-170.0	2.900767e-004	8.145365e+000
lys	-160.0	-170.0	4.095566e-004	7.800435e+000
lys	-150.0	-170.0	5.046883e-004	7.591570e+000
lys	-140.0	-170.0	5.795423e-004	7.453272e+000
lys	-130.0	-170.0	6.346753e-004	7.362397e+000
lys	-120.0	-170.0	6.383208e-004	7.356670e+000
lys	-110.0	-170.0	5.852434e-004	7.443483e+000
lys	-100.0	-170.0	5.260321e-004	7.550148e+000
lys	 -90.0	-170.0	4.908299e-004	7.619413e+000
lys	 -80.0	-170.0	4.386557e-004	7.731796e+000
lys	 -70.0	-170.0	3.199882e-004	8.047226e+000
lys	 -60.0	-170.0	1.719961e-004	8.668039e+000
lys	 -50.0	-170.0	6.717789e-005	9.608166e+000
lys	 -40.0	-170.0	2.079444e-005	1.078082e+001
lys	 -30.0	-170.0	6.703006e-006	1.191295e+001
lys	 -20.0	-170.0	3.551722e-006	1.254808e+001
lys	 -10.0	-170.0	3.645209e-006	1.252210e+001
lys	   0.0	-170.0	5.469235e-006	1.211637e+001
lys	  10.0	-170.0	9.114472e-006	1.160565e+001
lys	  20.0	-170.0	1.469794e-005	1.112780e+001
lys	  30.0	-170.0	2.153324e-005	1.074591e+001
lys	  40.0	-170.0	2.778369e-005	1.049106e+001
lys	  50.0	-170.0	3.110481e-005	1.037815e+001
lys	  60.0	-170.0	3.010199e-005	1.041092e+001
lys	  70.0	-170.0	2.533735e-005	1.058323e+001
lys	  80.0	-170.0	1.885721e-005	1.087862e+001
lys	  90.0	-170.0	1.276781e-005	1.126858e+001
lys	 100.0	-170.0	8.216318e-006	1.170939e+001
lys	 110.0	-170.0	5.371396e-006	1.213442e+001
lys	 120.0	-170.0	3.992983e-006	1.243097e+001
lys	 130.0	-170.0	4.071397e-006	1.241152e+001
lys	 140.0	-170.0	6.535057e-006	1.193833e+001
lys	 150.0	-170.0	1.456467e-005	1.113691e+001
lys	 160.0	-170.0	3.592931e-005	1.023396e+001
lys	 170.0	-170.0	8.414228e-005	9.383001e+000
lys	-180.0	-160.0	7.243725e-005	9.532790e+000
lys	-170.0	-160.0	1.121664e-004	9.095527e+000
lys	-160.0	-160.0	1.472695e-004	8.823247e+000
lys	-150.0	-160.0	1.722992e-004	8.666278e+000
lys	-140.0	-160.0	1.947997e-004	8.543539e+000
lys	-130.0	-160.0	2.193427e-004	8.424875e+000
lys	-120.0	-160.0	2.337335e-004	8.361329e+000
lys	-110.0	-160.0	2.276282e-004	8.387797e+000
lys	-100.0	-160.0	2.081531e-004	8.477237e+000
lys	 -90.0	-160.0	1.840261e-004	8.600433e+000
lys	 -80.0	-160.0	1.514327e-004	8.795369e+000
lys	 -70.0	-160.0	1.059120e-004	9.152902e+000
lys	 -60.0	-160.0	5.910595e-005	9.736179e+000
lys	 -50.0	-160.0	2.681899e-005	1.052640e+001
lys	 -40.0	-160.0	1.123448e-005	1.139652e+001
lys	 -30.0	-160.0	5.493001e-006	1.211204e+001
lys	 -20.0	-160.0	4.037324e-006	1.241993e+001
lys	 -10.0	-160.0	4.834889e-006	1.223965e+001
lys	   0.0	-160.0	7.820207e-006	1.175880e+001
lys	  10.0	-160.0	1.361532e-005	1.120431e+001
lys	  20.0	-160.0	2.253095e-005	1.070062e+001
lys	  30.0	-160.0	3.347235e-005	1.030479e+001
lys	  40.0	-160.0	4.341348e-005	1.004474e+001
lys	  50.0	-160.0	4.850373e-005	9.933870e+000
lys	  60.0	-160.0	4.652144e-005	9.975597e+000
lys	  70.0	-160.0	3.851545e-005	1.016445e+001
lys	  80.0	-160.0	2.793506e-005	1.048563e+001
lys	  90.0	-160.0	1.821585e-005	1.091322e+001
lys	 100.0	-160.0	1.112219e-005	1.140657e+001
lys	 110.0	-160.0	6.770349e-006	1.190296e+001
lys	 120.0	-160.0	4.547789e-006	1.230087e+001
lys	 130.0	-160.0	3.960565e-006	1.243912e+001
lys	 140.0	-160.0	5.159581e-006	1.217466e+001
lys	 150.0	-160.0	9.397851e-006	1.157503e+001
lys	 160.0	-160.0	1.954968e-005	1.084255e+001
lys	 170.0	-160.0	3.981153e-005	1.013135e+001
lys	-180.0	-150.0	3.182852e-005	1.035515e+001
lys	-170.0	-150.0	4.555138e-005	9.996670e+000
lys	-160.0	-150.0	5.778769e-005	9.758735e+000
lys	-150.0	-150.0	6.825209e-005	9.592303e+000
lys	-140.0	-150.0	8.002491e-005	9.433173e+000
lys	-130.0	-150.0	9.416594e-005	9.270452e+000
lys	-120.0	-150.0	1.058218e-004	9.153754e+000
lys	-110.0	-150.0	1.089366e-004	9.124745e+000
lys	-100.0	-150.0	1.020560e-004	9.189989e+000
lys	 -90.0	-150.0	8.749253e-005	9.343957e+000
lys	 -80.0	-150.0	6.811941e-005	9.594248e+000
lys	 -70.0	-150.0	4.704897e-005	9.964321e+000
lys	 -60.0	-150.0	2.851186e-005	1.046519e+001
lys	 -50.0	-150.0	1.571697e-005	1.106077e+001
lys	 -40.0	-150.0	8.638711e-006	1.165926e+001
lys	 -30.0	-150.0	5.432637e-006	1.212309e+001
lys	 -20.0	-150.0	4.688501e-006	1.227040e+001
lys	 -10.0	-150.0	6.128622e-006	1.200254e+001
lys	   0.0	-150.0	1.041543e-005	1.147222e+001
lys	  10.0	-150.0	1.865567e-005	1.088936e+001
lys	  20.0	-150.0	3.136728e-005	1.036975e+001
lys	  30.0	-150.0	4.697377e-005	9.965921e+000
lys	  40.0	-150.0	6.106661e-005	9.703545e+000
lys	  50.0	-150.0	6.806762e-005	9.595009e+000
lys	  60.0	-150.0	6.484427e-005	9.643522e+000
lys	  70.0	-150.0	5.306086e-005	9.844071e+000
lys	  80.0	-150.0	3.780733e-005	1.018301e+001
lys	  90.0	-150.0	2.402664e-005	1.063635e+001
lys	 100.0	-150.0	1.414616e-005	1.116607e+001
lys	 110.0	-150.0	8.186677e-006	1.171300e+001
lys	 120.0	-150.0	5.109759e-006	1.218436e+001
lys	 130.0	-150.0	3.945397e-006	1.244296e+001
lys	 140.0	-150.0	4.289071e-006	1.235944e+001
lys	 150.0	-150.0	6.414265e-006	1.195699e+001
lys	 160.0	-150.0	1.119671e-005	1.139989e+001
lys	 170.0	-150.0	1.966342e-005	1.083675e+001
lys	-180.0	-140.0	1.776623e-005	1.093821e+001
lys	-170.0	-140.0	2.471306e-005	1.060818e+001
lys	-160.0	-140.0	3.206688e-005	1.034769e+001
lys	-150.0	-140.0	4.002373e-005	1.012604e+001
lys	-140.0	-140.0	4.921366e-005	9.919339e+000
lys	-130.0	-140.0	5.907587e-005	9.736688e+000
lys	-120.0	-140.0	6.702624e-005	9.610426e+000
lys	-110.0	-140.0	6.990773e-005	9.568334e+000
lys	-100.0	-140.0	6.620616e-005	9.622737e+000
lys	 -90.0	-140.0	5.684650e-005	9.775156e+000
lys	 -80.0	-140.0	4.437938e-005	1.002274e+001
lys	 -70.0	-140.0	3.166239e-005	1.036038e+001
lys	 -60.0	-140.0	2.090287e-005	1.077562e+001
lys	 -50.0	-140.0	1.313787e-005	1.124001e+001
lys	 -40.0	-140.0	8.278700e-006	1.170182e+001
lys	 -30.0	-140.0	5.769499e-006	1.206293e+001
lys	 -20.0	-140.0	5.299102e-006	1.214797e+001
lys	 -10.0	-140.0	7.193542e-006	1.184233e+001
lys	   0.0	-140.0	1.252271e-005	1.128797e+001
lys	  10.0	-140.0	2.275790e-005	1.069060e+001
lys	  20.0	-140.0	3.857415e-005	1.016293e+001
lys	  30.0	-140.0	5.797779e-005	9.755451e+000
lys	  40.0	-140.0	7.540097e-005	9.492690e+000
lys	  50.0	-140.0	8.384702e-005	9.386517e+000
lys	  60.0	-140.0	7.947704e-005	9.440042e+000
lys	  70.0	-140.0	6.452080e-005	9.648523e+000
lys	  80.0	-140.0	4.544702e-005	9.998963e+000
lys	  90.0	-140.0	2.841898e-005	1.046845e+001
lys	 100.0	-140.0	1.636453e-005	1.102039e+001
lys	 110.0	-140.0	9.190670e-006	1.159732e+001
lys	 120.0	-140.0	5.501301e-006	1.211053e+001
lys	 130.0	-140.0	3.965707e-006	1.243783e+001
lys	 140.0	-140.0	3.837836e-006	1.247060e+001
lys	 150.0	-140.0	4.953485e-006	1.221542e+001
lys	 160.0	-140.0	7.528370e-006	1.179683e+001
lys	 170.0	-140.0	1.183081e-005	1.134480e+001
lys	-180.0	-130.0	1.312955e-005	1.124064e+001
lys	-170.0	-130.0	1.850960e-005	1.089722e+001
lys	-160.0	-130.0	2.504179e-005	1.059496e+001
lys	-150.0	-130.0	3.271878e-005	1.032756e+001
lys	-140.0	-130.0	4.125760e-005	1.009568e+001
lys	-130.0	-130.0	4.958565e-005	9.911809e+000
lys	-120.0	-130.0	5.579588e-005	9.793810e+000
lys	-110.0	-130.0	5.791933e-005	9.756459e+000
lys	-100.0	-130.0	5.502924e-005	9.807646e+000
lys	 -90.0	-130.0	4.780855e-005	9.948306e+000
lys	 -80.0	-130.0	3.816419e-005	1.017361e+001
lys	 -70.0	-130.0	2.825243e-005	1.047433e+001
lys	 -60.0	-130.0	1.965425e-005	1.083722e+001
lys	 -50.0	-130.0	1.310173e-005	1.124277e+001
lys	 -40.0	-130.0	8.673142e-006	1.165528e+001
lys	 -30.0	-130.0	6.202688e-006	1.199053e+001
lys	 -20.0	-130.0	5.695412e-006	1.207585e+001
lys	 -10.0	-130.0	7.666878e-006	1.177860e+001
lys	   0.0	-130.0	1.332469e-005	1.122589e+001
lys	  10.0	-130.0	2.426213e-005	1.062659e+001
lys	  20.0	-130.0	4.119159e-005	1.009728e+001
lys	  30.0	-130.0	6.193450e-005	9.689433e+000
lys	  40.0	-130.0	8.046897e-005	9.427639e+000
lys	  50.0	-130.0	8.928415e-005	9.323687e+000
lys	  60.0	-130.0	8.433746e-005	9.380684e+000
lys	  70.0	-130.0	6.813752e-005	9.593983e+000
lys	  80.0	-130.0	4.769114e-005	9.950765e+000
lys	  90.0	-130.0	2.958338e-005	1.042830e+001
lys	 100.0	-130.0	1.687114e-005	1.098991e+001
lys	 110.0	-130.0	9.375189e-006	1.157744e+001
lys	 120.0	-130.0	5.547703e-006	1.210213e+001
lys	 130.0	-130.0	3.919837e-006	1.244946e+001
lys	 140.0	-130.0	3.616442e-006	1.253002e+001
lys	 150.0	-130.0	4.316532e-006	1.235306e+001
lys	 160.0	-130.0	6.047380e-006	1.201589e+001
lys	 170.0	-130.0	8.958760e-006	1.162288e+001
lys	-180.0	-120.0	1.162238e-005	1.136258e+001
lys	-170.0	-120.0	1.669567e-005	1.100036e+001
lys	-160.0	-120.0	2.325995e-005	1.066878e+001
lys	-150.0	-120.0	3.118958e-005	1.037543e+001
lys	-140.0	-120.0	3.987625e-005	1.012973e+001
lys	-130.0	-120.0	4.803597e-005	9.943560e+000
lys	-120.0	-120.0	5.390125e-005	9.828357e+000
lys	-110.0	-120.0	5.587184e-005	9.792450e+000
lys	-100.0	-120.0	5.328308e-005	9.839892e+000
lys	 -90.0	-120.0	4.677593e-005	9.970142e+000
lys	 -80.0	-120.0	3.798969e-005	1.017820e+001
lys	 -70.0	-120.0	2.878841e-005	1.045554e+001
lys	 -60.0	-120.0	2.057348e-005	1.079151e+001
lys	 -50.0	-120.0	1.405760e-005	1.117235e+001
lys	 -40.0	-120.0	9.428548e-006	1.157177e+001
lys	 -30.0	-120.0	6.657569e-006	1.191976e+001
lys	 -20.0	-120.0	5.819375e-006	1.205432e+001
lys	 -10.0	-120.0	7.394636e-006	1.181476e+001
lys	   0.0	-120.0	1.246078e-005	1.129292e+001
lys	  10.0	-120.0	2.243496e-005	1.070489e+001
lys	  20.0	-120.0	3.792148e-005	1.017999e+001
lys	  30.0	-120.0	5.687398e-005	9.774673e+000
lys	  40.0	-120.0	7.374229e-005	9.514934e+000
lys	  50.0	-120.0	8.165849e-005	9.412965e+000
lys	  60.0	-120.0	7.698143e-005	9.471946e+000
lys	  70.0	-120.0	6.207742e-005	9.687128e+000
lys	  80.0	-120.0	4.338712e-005	1.004535e+001
lys	  90.0	-120.0	2.690974e-005	1.052302e+001
lys	 100.0	-120.0	1.539255e-005	1.108163e+001
lys	 110.0	-120.0	8.634173e-006	1.165978e+001
lys	 120.0	-120.0	5.204014e-006	1.216608e+001
lys	 130.0	-120.0	3.755243e-006	1.249236e+001
lys	 140.0	-120.0	3.478521e-006	1.256890e+001
lys	 150.0	-120.0	4.057114e-006	1.241504e+001
lys	 160.0	-120.0	5.492591e-006	1.211211e+001
lys	 170.0	-120.0	7.946448e-006	1.174279e+001
lys	-180.0	-110.0	1.121283e-005	1.139845e+001
lys	-170.0	-110.0	1.637190e-005	1.101994e+001
lys	-160.0	-110.0	2.330732e-005	1.066674e+001
lys	-150.0	-110.0	3.189267e-005	1.035313e+001
lys	-140.0	-110.0	4.137931e-005	1.009273e+001
lys	-130.0	-110.0	5.028201e-005	9.897863e+000
lys	-120.0	-110.0	5.670295e-005	9.777684e+000
lys	-110.0	-110.0	5.903160e-005	9.737438e+000
lys	-100.0	-110.0	5.662543e-005	9.779052e+000
lys	 -90.0	-110.0	5.011431e-005	9.901204e+000
lys	 -80.0	-110.0	4.114410e-005	1.009843e+001
lys	 -70.0	-110.0	3.161531e-005	1.036187e+001
lys	 -60.0	-110.0	2.294276e-005	1.068251e+001
lys	 -50.0	-110.0	1.585808e-005	1.105183e+001
lys	 -40.0	-110.0	1.061349e-005	1.145338e+001
lys	 -30.0	-110.0	7.239364e-006	1.183598e+001
lys	 -20.0	-110.0	5.786142e-006	1.206004e+001
lys	 -10.0	-110.0	6.564887e-006	1.193378e+001
lys	   0.0	-110.0	1.031977e-005	1.148145e+001
lys	  10.0	-110.0	1.805918e-005	1.092186e+001
lys	  20.0	-110.0	3.017099e-005	1.040863e+001
lys	  30.0	-110.0	4.499157e-005	1.000904e+001
lys	  40.0	-110.0	5.815008e-005	9.752483e+000
lys	  50.0	-110.0	6.428641e-005	9.652162e+000
lys	  60.0	-110.0	6.058891e-005	9.711399e+000
lys	  70.0	-110.0	4.893350e-005	9.925048e+000
lys	  80.0	-110.0	3.435110e-005	1.027888e+001
lys	  90.0	-110.0	2.150785e-005	1.074709e+001
lys	 100.0	-110.0	1.253210e-005	1.128722e+001
lys	 110.0	-110.0	7.264273e-006	1.183254e+001
lys	 120.0	-110.0	4.598286e-006	1.228983e+001
lys	 130.0	-110.0	3.499830e-006	1.256280e+001
lys	 140.0	-110.0	3.356071e-006	1.260474e+001
lys	 150.0	-110.0	3.942455e-006	1.244371e+001
lys	 160.0	-110.0	5.298188e-006	1.214815e+001
lys	 170.0	-110.0	7.624634e-006	1.178413e+001
lys	-180.0	-100.0	1.127237e-005	1.139316e+001
lys	-170.0	-100.0	1.683771e-005	1.099189e+001
lys	-160.0	-100.0	2.466972e-005	1.060993e+001
lys	-150.0	-100.0	3.477868e-005	1.026651e+001
lys	-140.0	-100.0	4.632578e-005	9.979812e+000
lys	-130.0	-100.0	5.745381e-005	9.764529e+000
lys	-120.0	-100.0	6.577437e-005	9.629280e+000
lys	-110.0	-100.0	6.927701e-005	9.577397e+000
lys	-100.0	-100.0	6.705732e-005	9.609963e+000
lys	 -90.0	-100.0	5.971678e-005	9.725898e+000
lys	 -80.0	-100.0	4.927633e-005	9.918067e+000
lys	 -70.0	-100.0	3.813896e-005	1.017427e+001
lys	 -60.0	-100.0	2.791978e-005	1.048618e+001
lys	 -50.0	-100.0	1.937274e-005	1.085164e+001
lys	 -40.0	-100.0	1.280581e-005	1.126561e+001
lys	 -30.0	-100.0	8.300956e-006	1.169914e+001
lys	 -20.0	-100.0	5.870407e-006	1.204559e+001
lys	 -10.0	-100.0	5.594005e-006	1.209382e+001
lys	   0.0	-100.0	7.764576e-006	1.176594e+001
lys	  10.0	-100.0	1.286504e-005	1.126100e+001
lys	  20.0	-100.0	2.101965e-005	1.077005e+001
lys	  30.0	-100.0	3.102846e-005	1.038061e+001
lys	  40.0	-100.0	3.991809e-005	1.012868e+001
lys	  50.0	-100.0	4.408531e-005	1.002938e+001
lys	  60.0	-100.0	4.164951e-005	1.008622e+001
lys	  70.0	-100.0	3.386542e-005	1.029312e+001
lys	  80.0	-100.0	2.409269e-005	1.063360e+001
lys	  90.0	-100.0	1.545086e-005	1.107785e+001
lys	 100.0	-100.0	9.374433e-006	1.157752e+001
lys	 110.0	-100.0	5.778853e-006	1.206131e+001
lys	 120.0	-100.0	3.951569e-006	1.244140e+001
lys	 130.0	-100.0	3.229738e-006	1.264311e+001
lys	 140.0	-100.0	3.236599e-006	1.264099e+001
lys	 150.0	-100.0	3.867696e-006	1.246285e+001
lys	 160.0	-100.0	5.222754e-006	1.216249e+001
lys	 170.0	-100.0	7.560236e-006	1.179261e+001
lys	-180.0	 -90.0	1.165203e-005	1.136003e+001
lys	-170.0	 -90.0	1.812388e-005	1.091828e+001
lys	-160.0	 -90.0	2.791344e-005	1.048640e+001
lys	-150.0	 -90.0	4.149413e-005	1.008996e+001
lys	-140.0	 -90.0	5.807377e-005	9.753797e+000
lys	-130.0	 -90.0	7.509690e-005	9.496731e+000
lys	-120.0	 -90.0	8.887098e-005	9.328325e+000
lys	-110.0	 -90.0	9.596944e-005	9.251481e+000
lys	-100.0	 -90.0	9.442165e-005	9.267740e+000
lys	 -90.0	 -90.0	8.480165e-005	9.375196e+000
lys	 -80.0	 -90.0	7.059257e-005	9.558586e+000
lys	 -70.0	 -90.0	5.563673e-005	9.796667e+000
lys	 -60.0	 -90.0	4.168822e-005	1.008529e+001
lys	 -50.0	 -90.0	2.936155e-005	1.043582e+001
lys	 -40.0	 -90.0	1.906404e-005	1.086771e+001
lys	 -30.0	 -90.0	1.137317e-005	1.138425e+001
lys	 -20.0	 -90.0	6.730225e-006	1.190890e+001
lys	 -10.0	 -90.0	4.948126e-006	1.221650e+001
lys	   0.0	 -90.0	5.578198e-006	1.209664e+001
lys	  10.0	 -90.0	8.388738e-006	1.168862e+001
lys	  20.0	 -90.0	1.318007e-005	1.123680e+001
lys	  30.0	 -90.0	1.913061e-005	1.086422e+001
lys	  40.0	 -90.0	2.445401e-005	1.061872e+001
lys	  50.0	 -90.0	2.702731e-005	1.051866e+001
lys	  60.0	 -90.0	2.573607e-005	1.056762e+001
lys	  70.0	 -90.0	2.128421e-005	1.075755e+001
lys	  80.0	 -90.0	1.560254e-005	1.106808e+001
lys	  90.0	 -90.0	1.050263e-005	1.146388e+001
lys	 100.0	 -90.0	6.843248e-006	1.189225e+001
lys	 110.0	 -90.0	4.617374e-006	1.228568e+001
lys	 120.0	 -90.0	3.456420e-006	1.257528e+001
lys	 130.0	 -90.0	3.018049e-006	1.271090e+001
lys	 140.0	 -90.0	3.128643e-006	1.267491e+001
lys	 150.0	 -90.0	3.790377e-006	1.248305e+001
lys	 160.0	 -90.0	5.167426e-006	1.217314e+001
lys	 170.0	 -90.0	7.600800e-006	1.178726e+001
lys	-180.0	 -80.0	1.232803e-005	1.130364e+001
lys	-170.0	 -80.0	2.044935e-005	1.079756e+001
lys	-160.0	 -80.0	3.400736e-005	1.028893e+001
lys	-150.0	 -80.0	5.478057e-005	9.812175e+000
lys	-140.0	 -80.0	8.273840e-005	9.399827e+000
lys	-130.0	 -80.0	1.144267e-004	9.075576e+000
lys	-120.0	 -80.0	1.430898e-004	8.852038e+000
lys	-110.0	 -80.0	1.610662e-004	8.733695e+000
lys	-100.0	 -80.0	1.633350e-004	8.719707e+000
lys	 -90.0	 -80.0	1.518363e-004	8.792708e+000
lys	 -80.0	 -80.0	1.360454e-004	8.902522e+000
lys	 -70.0	 -80.0	1.212152e-004	9.017943e+000
lys	 -60.0	 -80.0	1.028642e-004	9.182101e+000
lys	 -50.0	 -80.0	7.772455e-005	9.462339e+000
lys	 -40.0	 -80.0	4.862479e-005	9.931377e+000
lys	 -30.0	 -80.0	2.456970e-005	1.061400e+001
lys	 -20.0	 -80.0	1.086934e-005	1.142956e+001
lys	 -10.0	 -80.0	5.313643e-006	1.214523e+001
lys	   0.0	 -80.0	4.177472e-006	1.238580e+001
lys	  10.0	 -80.0	5.306768e-006	1.214653e+001
lys	  20.0	 -80.0	7.819427e-006	1.175890e+001
lys	  30.0	 -80.0	1.105964e-005	1.141221e+001
lys	  40.0	 -80.0	1.403638e-005	1.117386e+001
lys	  50.0	 -80.0	1.562092e-005	1.106690e+001
lys	  60.0	 -80.0	1.519749e-005	1.109438e+001
lys	  70.0	 -80.0	1.307121e-005	1.124510e+001
lys	  80.0	 -80.0	1.018540e-005	1.149455e+001
lys	  90.0	 -80.0	7.461102e-006	1.180581e+001
lys	 100.0	 -80.0	5.378769e-006	1.213305e+001
lys	 110.0	 -80.0	4.004139e-006	1.242818e+001
lys	 120.0	 -80.0	3.219726e-006	1.264621e+001
lys	 130.0	 -80.0	2.910120e-006	1.274732e+001
lys	 140.0	 -80.0	3.041954e-006	1.270301e+001
lys	 150.0	 -80.0	3.692278e-006	1.250927e+001
lys	 160.0	 -80.0	5.085769e-006	1.218906e+001
lys	 170.0	 -80.0	7.681123e-006	1.177674e+001
lys	-180.0	 -70.0	1.319417e-005	1.123574e+001
lys	-170.0	 -70.0	2.380255e-005	1.064572e+001
lys	-160.0	 -70.0	4.356359e-005	1.004129e+001
lys	-150.0	 -70.0	7.737816e-005	9.466806e+000
lys	-140.0	 -70.0	1.282578e-004	8.961468e+000
lys	-130.0	 -70.0	1.927100e-004	8.554324e+000
lys	-120.0	 -70.0	2.577547e-004	8.263502e+000
lys	-110.0	 -70.0	3.052963e-004	8.094228e+000
lys	-100.0	 -70.0	3.250808e-004	8.031437e+000
lys	 -90.0	 -70.0	3.315309e-004	8.011790e+000
lys	 -80.0	 -70.0	3.616934e-004	7.924714e+000
lys	 -70.0	 -70.0	4.157694e-004	7.785380e+000
lys	 -60.0	 -70.0	4.276911e-004	7.757109e+000
lys	 -50.0	 -70.0	3.436788e-004	7.975803e+000
lys	 -40.0	 -70.0	1.969328e-004	8.532648e+000
lys	 -30.0	 -70.0	8.001450e-005	9.433303e+000
lys	 -20.0	 -70.0	2.575292e-005	1.056696e+001
lys	 -10.0	 -70.0	8.023817e-006	1.173310e+001
lys	   0.0	 -70.0	3.712938e-006	1.250369e+001
lys	  10.0	 -70.0	3.551686e-006	1.254809e+001
lys	  20.0	 -70.0	4.771728e-006	1.225280e+001
lys	  30.0	 -70.0	6.544847e-006	1.193683e+001
lys	  40.0	 -70.0	8.310189e-006	1.169803e+001
lys	  50.0	 -70.0	9.499282e-006	1.156429e+001
lys	  60.0	 -70.0	9.748520e-006	1.153840e+001
lys	  70.0	 -70.0	9.080624e-006	1.160937e+001
lys	  80.0	 -70.0	7.827046e-006	1.175793e+001
lys	  90.0	 -70.0	6.390326e-006	1.196073e+001
lys	 100.0	 -70.0	5.066666e-006	1.219283e+001
lys	 110.0	 -70.0	4.012183e-006	1.242617e+001
lys	 120.0	 -70.0	3.291092e-006	1.262429e+001
lys	 130.0	 -70.0	2.933842e-006	1.273920e+001
lys	 140.0	 -70.0	2.986354e-006	1.272146e+001
lys	 150.0	 -70.0	3.564390e-006	1.254452e+001
lys	 160.0	 -70.0	4.942026e-006	1.221774e+001
lys	 170.0	 -70.0	7.726410e-006	1.177087e+001
lys	-180.0	 -60.0	1.397632e-005	1.117815e+001
lys	-170.0	 -60.0	2.763428e-005	1.049645e+001
lys	-160.0	 -60.0	5.594698e-005	9.791106e+000
lys	-150.0	 -60.0	1.099732e-004	9.115274e+000
lys	-140.0	 -60.0	2.006268e-004	8.514064e+000
lys	-130.0	 -60.0	3.275509e-004	8.023867e+000
lys	-120.0	 -60.0	4.668913e-004	7.669414e+000
lys	-110.0	 -60.0	5.807618e-004	7.451170e+000
lys	-100.0	 -60.0	6.587337e-004	7.325191e+000
lys	 -90.0	 -60.0	7.697060e-004	7.169502e+000
lys	 -80.0	 -60.0	1.064144e-003	6.845585e+000
lys	 -70.0	 -60.0	1.555975e-003	6.465653e+000
lys	 -60.0	 -60.0	1.840271e-003	6.297842e+000
lys	 -50.0	 -60.0	1.476667e-003	6.517967e+000
lys	 -40.0	 -60.0	7.495667e-004	7.196015e+000
lys	 -30.0	 -60.0	2.471074e-004	8.305688e+000
lys	 -20.0	 -60.0	6.107145e-005	9.703466e+000
lys	 -10.0	 -60.0	1.388214e-005	1.118491e+001
lys	   0.0	 -60.0	4.049204e-006	1.241699e+001
lys	  10.0	 -60.0	2.733181e-006	1.281004e+001
lys	  20.0	 -60.0	3.341251e-006	1.260917e+001
lys	  30.0	 -60.0	4.537770e-006	1.230307e+001
lys	  40.0	 -60.0	5.960845e-006	1.203030e+001
lys	  50.0	 -60.0	7.320918e-006	1.182477e+001
lys	  60.0	 -60.0	8.303701e-006	1.169881e+001
lys	  70.0	 -60.0	8.644264e-006	1.165861e+001
lys	  80.0	 -60.0	8.246881e-006	1.170568e+001
lys	  90.0	 -60.0	7.251837e-006	1.183426e+001
lys	 100.0	 -60.0	5.966082e-006	1.202942e+001
lys	 110.0	 -60.0	4.712985e-006	1.226519e+001
lys	 120.0	 -60.0	3.723801e-006	1.250077e+001
lys	 130.0	 -60.0	3.122203e-006	1.267697e+001
lys	 140.0	 -60.0	2.979520e-006	1.272375e+001
lys	 150.0	 -60.0	3.409021e-006	1.258909e+001
lys	 160.0	 -60.0	4.708226e-006	1.226620e+001
lys	 170.0	 -60.0	7.632854e-006	1.178305e+001
lys	-180.0	 -50.0	1.435121e-005	1.115168e+001
lys	-170.0	 -50.0	3.096187e-005	1.038275e+001
lys	-160.0	 -50.0	6.894811e-005	9.582156e+000
lys	-150.0	 -50.0	1.491182e-004	8.810771e+000
lys	-140.0	 -50.0	2.971860e-004	8.121152e+000
lys	-130.0	 -50.0	5.213124e-004	7.559161e+000
lys	-120.0	 -50.0	7.815322e-004	7.154254e+000
lys	-110.0	 -50.0	1.013475e-003	6.894370e+000
lys	-100.0	 -50.0	1.231626e-003	6.699420e+000
lys	 -90.0	 -50.0	1.643111e-003	6.411164e+000
lys	 -80.0	 -50.0	2.735899e-003	5.901295e+000
lys	 -70.0	 -50.0	4.776384e-003	5.344071e+000
lys	 -60.0	 -50.0	6.112865e-003	5.097360e+000
lys	 -50.0	 -50.0	4.612824e-003	5.378915e+000
lys	 -40.0	 -50.0	1.997305e-003	6.215957e+000
lys	 -30.0	 -50.0	5.354976e-004	7.532314e+000
lys	 -20.0	 -50.0	1.052000e-004	9.159647e+000
lys	 -10.0	 -50.0	1.937797e-005	1.085137e+001
lys	   0.0	 -50.0	4.423700e-006	1.232853e+001
lys	  10.0	 -50.0	2.419015e-006	1.293215e+001
lys	  20.0	 -50.0	2.899392e-006	1.275101e+001
lys	  30.0	 -50.0	4.159961e-006	1.239000e+001
lys	  40.0	 -50.0	6.020090e-006	1.202041e+001
lys	  50.0	 -50.0	8.334845e-006	1.169507e+001
lys	  60.0	 -50.0	1.059308e-005	1.145531e+001
lys	  70.0	 -50.0	1.198238e-005	1.133207e+001
lys	  80.0	 -50.0	1.191973e-005	1.133732e+001
lys	  90.0	 -50.0	1.051099e-005	1.146309e+001
lys	 100.0	 -50.0	8.403721e-006	1.168684e+001
lys	 110.0	 -50.0	6.292850e-006	1.197610e+001
lys	 120.0	 -50.0	4.611474e-006	1.228696e+001
lys	 130.0	 -50.0	3.521855e-006	1.255652e+001
lys	 140.0	 -50.0	3.050083e-006	1.270034e+001
lys	 150.0	 -50.0	3.248753e-006	1.263724e+001
lys	 160.0	 -50.0	4.391206e-006	1.233591e+001
lys	 170.0	 -50.0	7.332486e-006	1.182320e+001
lys	-180.0	 -40.0	1.422092e-005	1.116080e+001
lys	-170.0	 -40.0	3.297414e-005	1.031979e+001
lys	-160.0	 -40.0	7.965218e-005	9.437841e+000
lys	-150.0	 -40.0	1.871539e-004	8.583579e+000
lys	-140.0	 -40.0	4.019892e-004	7.819085e+000
lys	-130.0	 -40.0	7.470530e-004	7.199374e+000
lys	-120.0	 -40.0	1.165929e-003	6.754237e+000
lys	-110.0	 -40.0	1.577556e-003	6.451878e+000
lys	-100.0	 -40.0	2.069689e-003	6.180357e+000
lys	 -90.0	 -40.0	3.059799e-003	5.789406e+000
lys	 -80.0	 -40.0	5.655947e-003	5.175048e+000
lys	 -70.0	 -40.0	1.088081e-002	4.520754e+000
lys	 -60.0	 -40.0	1.398568e-002	4.269721e+000
lys	 -50.0	 -40.0	9.333759e-003	4.674117e+000
lys	 -40.0	 -40.0	3.286057e-003	5.718067e+000
lys	 -30.0	 -40.0	7.062040e-004	7.255606e+000
lys	 -20.0	 -40.0	1.130024e-004	9.088102e+000
lys	 -10.0	 -40.0	1.806663e-005	1.092144e+001
lys	   0.0	 -40.0	3.926566e-006	1.244775e+001
lys	  10.0	 -40.0	2.309565e-006	1.297845e+001
lys	  20.0	 -40.0	3.117202e-006	1.267857e+001
lys	  30.0	 -40.0	5.127627e-006	1.218087e+001
lys	  40.0	 -40.0	8.614380e-006	1.166208e+001
lys	  50.0	 -40.0	1.355402e-005	1.120883e+001
lys	  60.0	 -40.0	1.867237e-005	1.088847e+001
lys	  70.0	 -40.0	2.170634e-005	1.073791e+001
lys	  80.0	 -40.0	2.119156e-005	1.076191e+001
lys	  90.0	 -40.0	1.773722e-005	1.093985e+001
lys	 100.0	 -40.0	1.319216e-005	1.123589e+001
lys	 110.0	 -40.0	9.088433e-006	1.160851e+001
lys	 120.0	 -40.0	6.069496e-006	1.201224e+001
lys	 130.0	 -40.0	4.171242e-006	1.238730e+001
lys	 140.0	 -40.0	3.224725e-006	1.264466e+001
lys	 150.0	 -40.0	3.126469e-006	1.267561e+001
lys	 160.0	 -40.0	4.059387e-006	1.241448e+001
lys	 170.0	 -40.0	6.891368e-006	1.188524e+001
lys	-180.0	 -30.0	1.389626e-005	1.118389e+001
lys	-170.0	 -30.0	3.368173e-005	1.029856e+001
lys	-160.0	 -30.0	8.610359e-005	9.359959e+000
lys	-150.0	 -30.0	2.154298e-004	8.442875e+000
lys	-140.0	 -30.0	4.913931e-004	7.618266e+000
lys	-130.0	 -30.0	9.619679e-004	6.946529e+000
lys	-120.0	 -30.0	1.579615e-003	6.450574e+000
lys	-110.0	 -30.0	2.307033e-003	6.071793e+000
lys	-100.0	 -30.0	3.375741e-003	5.691140e+000
lys	 -90.0	 -30.0	5.362143e-003	5.228392e+000
lys	 -80.0	 -30.0	9.942709e-003	4.610916e+000
lys	 -70.0	 -30.0	1.831312e-002	4.000137e+000
lys	 -60.0	 -30.0	2.094828e-002	3.865699e+000
lys	 -50.0	 -30.0	1.153690e-002	4.462205e+000
lys	 -40.0	 -30.0	3.157795e-003	5.757881e+000
lys	 -30.0	 -30.0	5.299086e-004	7.542806e+000
lys	 -20.0	 -30.0	7.061074e-005	9.558328e+000
lys	 -10.0	 -30.0	1.063389e-005	1.145146e+001
lys	   0.0	 -30.0	2.778601e-006	1.279356e+001
lys	  10.0	 -30.0	2.372376e-006	1.295162e+001
lys	  20.0	 -30.0	4.037654e-006	1.241985e+001
lys	  30.0	 -30.0	8.063466e-006	1.172817e+001
lys	  40.0	 -30.0	1.590887e-005	1.104863e+001
lys	  50.0	 -30.0	2.769548e-005	1.049424e+001
lys	  60.0	 -30.0	3.968543e-005	1.013453e+001
lys	  70.0	 -30.0	4.555185e-005	9.996659e+000
lys	  80.0	 -30.0	4.213917e-005	1.007453e+001
lys	  90.0	 -30.0	3.242773e-005	1.033650e+001
lys	 100.0	 -30.0	2.180114e-005	1.073355e+001
lys	 110.0	 -30.0	1.352414e-005	1.121103e+001
lys	 120.0	 -30.0	8.150293e-006	1.171746e+001
lys	 130.0	 -30.0	5.046175e-006	1.219688e+001
lys	 140.0	 -30.0	3.497747e-006	1.256339e+001
lys	 150.0	 -30.0	3.085754e-006	1.268871e+001
lys	 160.0	 -30.0	3.831921e-006	1.247214e+001
lys	 170.0	 -30.0	6.536943e-006	1.193804e+001
lys	-180.0	 -20.0	1.401200e-005	1.117560e+001
lys	-170.0	 -20.0	3.413806e-005	1.028510e+001
lys	-160.0	 -20.0	8.902045e-005	9.326644e+000
lys	-150.0	 -20.0	2.311981e-004	8.372236e+000
lys	-140.0	 -20.0	5.551493e-004	7.496273e+000
lys	-130.0	 -20.0	1.159617e-003	6.759665e+000
lys	-120.0	 -20.0	2.084157e-003	6.173391e+000
lys	-110.0	 -20.0	3.459887e-003	5.666519e+000
lys	-100.0	 -20.0	5.653670e-003	5.175450e+000
lys	 -90.0	 -20.0	8.878795e-003	4.724089e+000
lys	 -80.0	 -20.0	1.423270e-002	4.252213e+000
lys	 -70.0	 -20.0	2.131593e-002	3.848301e+000
lys	 -60.0	 -20.0	1.941960e-002	3.941472e+000
lys	 -50.0	 -20.0	8.338261e-003	4.786901e+000
lys	 -40.0	 -20.0	1.720542e-003	6.365116e+000
lys	 -30.0	 -20.0	2.192627e-004	8.425240e+000
lys	 -20.0	 -20.0	2.517072e-005	1.058983e+001
lys	 -10.0	 -20.0	4.231932e-006	1.237285e+001
lys	   0.0	 -20.0	1.931955e-006	1.315698e+001
lys	  10.0	 -20.0	2.784717e-006	1.279136e+001
lys	  20.0	 -20.0	6.232873e-006	1.198567e+001
lys	  30.0	 -20.0	1.528667e-005	1.108853e+001
lys	  40.0	 -20.0	3.437842e-005	1.027808e+001
lys	  50.0	 -20.0	6.349414e-005	9.664563e+000
lys	  60.0	 -20.0	9.135418e-005	9.300767e+000
lys	  70.0	 -20.0	1.010147e-004	9.200245e+000
lys	  80.0	 -20.0	8.705989e-005	9.348914e+000
lys	  90.0	 -20.0	6.069759e-005	9.709607e+000
lys	 100.0	 -20.0	3.626067e-005	1.022478e+001
lys	 110.0	 -20.0	1.989493e-005	1.082505e+001
lys	 120.0	 -20.0	1.070725e-005	1.144459e+001
lys	 130.0	 -20.0	5.998024e-006	1.202408e+001
lys	 140.0	 -20.0	3.800880e-006	1.248028e+001
lys	 150.0	 -20.0	3.140495e-006	1.267113e+001
lys	 160.0	 -20.0	3.825180e-006	1.247391e+001
lys	 170.0	 -20.0	6.567640e-006	1.193336e+001
lys	-180.0	 -10.0	1.524359e-005	1.109135e+001
lys	-170.0	 -10.0	3.615079e-005	1.022781e+001
lys	-160.0	 -10.0	9.269447e-005	9.286202e+000
lys	-150.0	 -10.0	2.440139e-004	8.318285e+000
lys	-140.0	 -10.0	6.152014e-004	7.393561e+000
lys	-130.0	 -10.0	1.393309e-003	6.576074e+000
lys	-120.0	 -10.0	2.789143e-003	5.882021e+000
lys	-110.0	 -10.0	5.087958e-003	5.280879e+000
lys	-100.0	 -10.0	8.326696e-003	4.788289e+000
lys	 -90.0	 -10.0	1.140997e-002	4.473267e+000
lys	 -80.0	 -10.0	1.377154e-002	4.285151e+000
lys	 -70.0	 -10.0	1.491006e-002	4.205719e+000
lys	 -60.0	 -10.0	1.032144e-002	4.573532e+000
lys	 -50.0	 -10.0	3.431823e-003	5.674664e+000
lys	 -40.0	 -10.0	5.359084e-004	7.531547e+000
lys	 -30.0	 -10.0	5.104281e-005	9.882846e+000
lys	 -20.0	 -10.0	5.561443e-006	1.209965e+001
lys	 -10.0	 -10.0	1.622690e-006	1.333143e+001
lys	   0.0	 -10.0	1.735925e-006	1.326397e+001
lys	  10.0	 -10.0	3.890427e-006	1.245699e+001
lys	  20.0	 -10.0	1.129952e-005	1.139075e+001
lys	  30.0	 -10.0	3.257103e-005	1.033209e+001
lys	  40.0	 -10.0	7.895593e-005	9.446621e+000
lys	  50.0	 -10.0	1.481208e-004	8.817482e+000
lys	  60.0	 -10.0	2.080291e-004	8.477833e+000
lys	  70.0	 -10.0	2.180580e-004	8.430749e+000
lys	  80.0	 -10.0	1.738228e-004	8.657474e+000
lys	  90.0	 -10.0	1.095215e-004	9.119389e+000
lys	 100.0	 -10.0	5.791720e-005	9.756496e+000
lys	 110.0	 -10.0	2.784570e-005	1.048883e+001
lys	 120.0	 -10.0	1.325930e-005	1.123081e+001
lys	 130.0	 -10.0	6.742060e-006	1.190714e+001
lys	 140.0	 -10.0	4.007808e-006	1.242727e+001
lys	 150.0	 -10.0	3.259281e-006	1.263400e+001
lys	 160.0	 -10.0	4.091906e-006	1.240650e+001
lys	 170.0	 -10.0	7.205133e-006	1.184072e+001
lys	-180.0	   0.0	1.795995e-005	1.092737e+001
lys	-170.0	   0.0	4.130586e-005	1.009451e+001
lys	-160.0	   0.0	1.022762e-004	9.187833e+000
lys	-150.0	   0.0	2.667353e-004	8.229254e+000
lys	-140.0	   0.0	6.902464e-004	7.278462e+000
lys	-130.0	   0.0	1.643244e-003	6.411083e+000
lys	-120.0	   0.0	3.449784e-003	5.669444e+000
lys	-110.0	   0.0	6.222766e-003	5.079541e+000
lys	-100.0	   0.0	9.080366e-003	4.701641e+000
lys	 -90.0	   0.0	1.002370e-002	4.602803e+000
lys	 -80.0	   0.0	8.587564e-003	4.757440e+000
lys	 -70.0	   0.0	6.205557e-003	5.082310e+000
lys	 -60.0	   0.0	3.136721e-003	5.764577e+000
lys	 -50.0	   0.0	8.213333e-004	7.104582e+000
lys	 -40.0	   0.0	1.028829e-004	9.181919e+000
lys	 -30.0	   0.0	8.121762e-006	1.172096e+001
lys	 -20.0	   0.0	1.341597e-006	1.352165e+001
lys	 -10.0	   0.0	1.077883e-006	1.374051e+001
lys	   0.0	   0.0	2.098915e-006	1.307409e+001
lys	  10.0	   0.0	6.470169e-006	1.194831e+001
lys	  20.0	   0.0	2.269324e-005	1.069344e+001
lys	  30.0	   0.0	7.107940e-005	9.551713e+000
lys	  40.0	   0.0	1.754833e-004	8.647967e+000
lys	  50.0	   0.0	3.228688e-004	8.038265e+000
lys	  60.0	   0.0	4.337198e-004	7.743112e+000
lys	  70.0	   0.0	4.264526e-004	7.760009e+000
lys	  80.0	   0.0	3.134404e-004	8.067901e+000
lys	  90.0	   0.0	1.790026e-004	8.628110e+000
lys	 100.0	   0.0	8.427331e-005	9.381445e+000
lys	 110.0	   0.0	3.559300e-005	1.024336e+001
lys	 120.0	   0.0	1.497012e-005	1.110945e+001
lys	 130.0	   0.0	6.951043e-006	1.187662e+001
lys	 140.0	   0.0	3.995109e-006	1.243044e+001
lys	 150.0	   0.0	3.384567e-006	1.259628e+001
lys	 160.0	   0.0	4.596267e-006	1.229027e+001
lys	 170.0	   0.0	8.482017e-006	1.167756e+001
lys	-180.0	  10.0	2.199576e-005	1.072466e+001
lys	-170.0	  10.0	4.963997e-005	9.910714e+000
lys	-160.0	  10.0	1.179688e-004	9.045091e+000
lys	-150.0	  10.0	2.945142e-004	8.130184e+000
lys	-140.0	  10.0	7.362385e-004	7.213956e+000
lys	-130.0	  10.0	1.697109e-003	6.378829e+000
lys	-120.0	  10.0	3.389965e-003	5.686936e+000
lys	-110.0	  10.0	5.556335e-003	5.192816e+000
lys	-100.0	  10.0	6.911530e-003	4.974564e+000
lys	 -90.0	  10.0	6.111007e-003	5.097664e+000
lys	 -80.0	  10.0	3.835111e-003	5.563557e+000
lys	 -70.0	  10.0	1.843110e-003	6.296301e+000
lys	 -60.0	  10.0	6.580005e-004	7.326305e+000
lys	 -50.0	  10.0	1.401156e-004	8.873043e+000
lys	 -40.0	  10.0	1.672547e-005	1.099858e+001
lys	 -30.0	  10.0	2.063277e-006	1.309122e+001
lys	 -20.0	  10.0	9.328787e-007	1.388499e+001
lys	 -10.0	  10.0	1.206881e-006	1.362747e+001
lys	   0.0	  10.0	3.182791e-006	1.265775e+001
lys	  10.0	  10.0	1.201390e-005	1.132945e+001
lys	  20.0	  10.0	4.577664e-005	9.991737e+000
lys	  30.0	  10.0	1.450971e-004	8.838107e+000
lys	  40.0	  10.0	3.499084e-004	7.957839e+000
lys	  50.0	  10.0	6.162572e-004	7.391846e+000
lys	  60.0	  10.0	7.809886e-004	7.154950e+000
lys	  70.0	  10.0	7.154136e-004	7.242650e+000
lys	  80.0	  10.0	4.841224e-004	7.633173e+000
lys	  90.0	  10.0	2.515357e-004	8.287926e+000
lys	 100.0	  10.0	1.063514e-004	9.148762e+000
lys	 110.0	  10.0	3.988109e-005	1.012961e+001
lys	 120.0	  10.0	1.495559e-005	1.111043e+001
lys	 130.0	  10.0	6.446574e-006	1.195196e+001
lys	 140.0	  10.0	3.731813e-006	1.249862e+001
lys	 150.0	  10.0	3.481134e-006	1.256815e+001
lys	 160.0	  10.0	5.251731e-006	1.215695e+001
lys	 170.0	  10.0	1.024530e-005	1.148869e+001
lys	-180.0	  20.0	2.685348e-005	1.052512e+001
lys	-170.0	  20.0	5.965746e-005	9.726891e+000
lys	-160.0	  20.0	1.345437e-004	8.913621e+000
lys	-150.0	  20.0	3.083811e-004	8.084174e+000
lys	-140.0	  20.0	6.948784e-004	7.271774e+000
lys	-130.0	  20.0	1.429102e-003	6.550709e+000
lys	-120.0	  20.0	2.503163e-003	5.990200e+000
lys	-110.0	  20.0	3.523650e-003	5.648258e+000
lys	-100.0	  20.0	3.708540e-003	5.597117e+000
lys	 -90.0	  20.0	2.743420e-003	5.898550e+000
lys	 -80.0	  20.0	1.405858e-003	6.567107e+000
lys	 -70.0	  20.0	5.203635e-004	7.560983e+000
lys	 -60.0	  20.0	1.455368e-004	8.835081e+000
lys	 -50.0	  20.0	3.055118e-005	1.039611e+001
lys	 -40.0	  20.0	6.057012e-006	1.201429e+001
lys	 -30.0	  20.0	1.965952e-006	1.313953e+001
lys	 -20.0	  20.0	1.207960e-006	1.362658e+001
lys	 -10.0	  20.0	1.734978e-006	1.326452e+001
lys	   0.0	  20.0	5.421589e-006	1.212512e+001
lys	  10.0	  20.0	2.205698e-005	1.072188e+001
lys	  20.0	  20.0	8.413314e-005	9.383110e+000
lys	  30.0	  20.0	2.583632e-004	8.261144e+000
lys	  40.0	  20.0	5.939370e-004	7.428737e+000
lys	  50.0	  20.0	9.868179e-004	6.921025e+000
lys	  60.0	  20.0	1.169849e-003	6.750881e+000
lys	  70.0	  20.0	9.943334e-004	6.913438e+000
lys	  80.0	  20.0	6.192661e-004	7.386976e+000
lys	  90.0	  20.0	2.937418e-004	8.132809e+000
lys	 100.0	  20.0	1.124835e-004	9.092704e+000
lys	 110.0	  20.0	3.798192e-005	1.017840e+001
lys	 120.0	  20.0	1.295739e-005	1.125384e+001
lys	 130.0	  20.0	5.368994e-006	1.213487e+001
lys	 140.0	  20.0	3.324242e-006	1.261427e+001
lys	 150.0	  20.0	3.579644e-006	1.254025e+001
lys	 160.0	  20.0	6.010431e-006	1.202201e+001
lys	 170.0	  20.0	1.231704e-005	1.130453e+001
lys	-180.0	  30.0	3.228423e-005	1.034093e+001
lys	-170.0	  30.0	7.023144e-005	9.563714e+000
lys	-160.0	  30.0	1.486423e-004	8.813968e+000
lys	-150.0	  30.0	3.039290e-004	8.098717e+000
lys	-140.0	  30.0	5.884139e-004	7.438080e+000
lys	-130.0	  30.0	1.024087e-003	6.883954e+000
lys	-120.0	  30.0	1.503056e-003	6.500255e+000
lys	-110.0	  30.0	1.762835e-003	6.340832e+000
lys	-100.0	  30.0	1.572814e-003	6.454889e+000
lys	 -90.0	  30.0	1.029154e-003	6.879018e+000
lys	 -80.0	  30.0	4.946521e-004	7.611656e+000
lys	 -70.0	  30.0	1.844046e-004	8.598378e+000
lys	 -60.0	  30.0	5.942975e-005	9.730716e+000
lys	 -50.0	  30.0	1.912842e-005	1.086434e+001
lys	 -40.0	  30.0	6.948565e-006	1.187698e+001
lys	 -30.0	  30.0	2.941613e-006	1.273655e+001
lys	 -20.0	  30.0	1.773560e-006	1.324252e+001
lys	 -10.0	  30.0	2.685658e-006	1.282758e+001
lys	   0.0	  30.0	8.897173e-006	1.162978e+001
lys	  10.0	  30.0	3.572122e-005	1.023977e+001
lys	  20.0	  30.0	1.306300e-004	8.943142e+000
lys	  30.0	  30.0	3.808985e-004	7.872978e+000
lys	  40.0	  30.0	8.263856e-004	7.098449e+000
lys	  50.0	  30.0	1.288623e-003	6.654181e+000
lys	  60.0	  30.0	1.425888e-003	6.552961e+000
lys	  70.0	  30.0	1.124800e-003	6.790150e+000
lys	  80.0	  30.0	6.462764e-004	7.344283e+000
lys	  90.0	  30.0	2.812465e-004	8.176279e+000
lys	 100.0	  30.0	9.842990e-005	9.226166e+000
lys	 110.0	  30.0	3.043892e-005	1.039979e+001
lys	 120.0	  30.0	9.757850e-006	1.153744e+001
lys	 130.0	  30.0	4.135012e-006	1.239602e+001
lys	 140.0	  30.0	2.959992e-006	1.273032e+001
lys	 150.0	  30.0	3.770345e-006	1.248834e+001
lys	 160.0	  30.0	6.924885e-006	1.188039e+001
lys	 170.0	  30.0	1.469385e-005	1.112808e+001
lys	-180.0	  40.0	3.852518e-005	1.016420e+001
lys	-170.0	  40.0	8.201906e-005	9.408559e+000
lys	-160.0	  40.0	1.635563e-004	8.718353e+000
lys	-150.0	  40.0	2.989852e-004	8.115116e+000
lys	-140.0	  40.0	4.924283e-004	7.616162e+000
lys	-130.0	  40.0	7.116610e-004	7.247909e+000
lys	-120.0	  40.0	8.686149e-004	7.048611e+000
lys	-110.0	  40.0	8.642841e-004	7.053609e+000
lys	-100.0	  40.0	6.898907e-004	7.278977e+000
lys	 -90.0	  40.0	4.486263e-004	7.709320e+000
lys	 -80.0	  40.0	2.495571e-004	8.295823e+000
lys	 -70.0	  40.0	1.258853e-004	8.980139e+000
lys	 -60.0	  40.0	5.942402e-005	9.730812e+000
lys	 -50.0	  40.0	2.622088e-005	1.054895e+001
lys	 -40.0	  40.0	1.083558e-005	1.143268e+001
lys	 -30.0	  40.0	4.470777e-006	1.231795e+001
lys	 -20.0	  40.0	2.539416e-006	1.288358e+001
lys	 -10.0	  40.0	3.875811e-006	1.246076e+001
lys	   0.0	  40.0	1.257999e-005	1.128340e+001
lys	  10.0	  40.0	4.753916e-005	9.953957e+000
lys	  20.0	  40.0	1.630162e-004	8.721661e+000
lys	  30.0	  40.0	4.474794e-004	7.711880e+000
lys	  40.0	  40.0	9.150860e-004	6.996492e+000
lys	  50.0	  40.0	1.342884e-003	6.612936e+000
lys	  60.0	  40.0	1.394156e-003	6.575466e+000
lys	  70.0	  40.0	1.027900e-003	6.880237e+000
lys	  80.0	  40.0	5.496602e-004	7.506210e+000
lys	  90.0	  40.0	2.218146e-004	8.413669e+000
lys	 100.0	  40.0	7.199016e-005	9.538981e+000
lys	 110.0	  40.0	2.091234e-005	1.077517e+001
lys	 120.0	  40.0	6.645010e-006	1.192164e+001
lys	 130.0	  40.0	3.158175e-006	1.266552e+001
lys	 140.0	  40.0	2.784831e-006	1.279132e+001
lys	 150.0	  40.0	4.130348e-006	1.239715e+001
lys	 160.0	  40.0	8.077780e-006	1.172639e+001
lys	 170.0	  40.0	1.750719e-005	1.095290e+001
lys	-180.0	  50.0	4.560073e-005	9.995587e+000
lys	-170.0	  50.0	9.608001e-005	9.250329e+000
lys	-160.0	  50.0	1.848408e-004	8.596016e+000
lys	-150.0	  50.0	3.134506e-004	8.067869e+000
lys	-140.0	  50.0	4.577261e-004	7.689240e+000
lys	-130.0	  50.0	5.685020e-004	7.472506e+000
lys	-120.0	  50.0	5.994448e-004	7.419507e+000
lys	-110.0	  50.0	5.456713e-004	7.513494e+000
lys	-100.0	  50.0	4.481307e-004	7.710426e+000
lys	 -90.0	  50.0	3.477728e-004	7.963961e+000
lys	 -80.0	  50.0	2.534123e-004	8.280493e+000
lys	 -70.0	  50.0	1.640971e-004	8.715052e+000
lys	 -60.0	  50.0	9.019802e-005	9.313503e+000
lys	 -50.0	  50.0	4.171597e-005	1.008463e+001
lys	 -40.0	  50.0	1.672571e-005	1.099856e+001
lys	 -30.0	  50.0	6.386617e-006	1.196131e+001
lys	 -20.0	  50.0	3.318201e-006	1.261609e+001
lys	 -10.0	  50.0	4.813129e-006	1.224416e+001
lys	   0.0	  50.0	1.460288e-005	1.113429e+001
lys	  10.0	  50.0	5.055583e-005	9.892432e+000
lys	  20.0	  50.0	1.599789e-004	8.740469e+000
lys	  30.0	  50.0	4.106974e-004	7.797654e+000
lys	  40.0	  50.0	7.924350e-004	7.140400e+000
lys	  50.0	  50.0	1.101489e-003	6.811093e+000
lys	  60.0	  50.0	1.084189e-003	6.826923e+000
lys	  70.0	  50.0	7.574999e-004	7.185487e+000
lys	  80.0	  50.0	3.834646e-004	7.866263e+000
lys	  90.0	  50.0	1.465138e-004	8.828391e+000
lys	 100.0	  50.0	4.532510e-005	1.000165e+001
lys	 110.0	  50.0	1.294575e-005	1.125474e+001
lys	 120.0	  50.0	4.444468e-006	1.232385e+001
lys	 130.0	  50.0	2.601245e-006	1.285952e+001
lys	 140.0	  50.0	2.818147e-006	1.277943e+001
lys	 150.0	  50.0	4.633104e-006	1.228228e+001
lys	 160.0	  50.0	9.399199e-006	1.157489e+001
lys	 170.0	  50.0	2.065003e-005	1.078779e+001
lys	-180.0	  60.0	5.233016e-005	9.857938e+000
lys	-170.0	  60.0	1.107229e-004	9.108480e+000
lys	-160.0	  60.0	2.113700e-004	8.461900e+000
lys	-150.0	  60.0	3.488069e-004	7.960992e+000
lys	-140.0	  60.0	4.841446e-004	7.633127e+000
lys	-130.0	  60.0	5.623823e-004	7.483329e+000
lys	-120.0	  60.0	5.622964e-004	7.483481e+000
lys	-110.0	  60.0	5.195242e-004	7.562597e+000
lys	-100.0	  60.0	4.794191e-004	7.642935e+000
lys	 -90.0	  60.0	4.383029e-004	7.732600e+000
lys	 -80.0	  60.0	3.619700e-004	7.923949e+000
lys	 -70.0	  60.0	2.491715e-004	8.297369e+000
lys	 -60.0	  60.0	1.385321e-004	8.884409e+000
lys	 -50.0	  60.0	6.256845e-005	9.679249e+000
lys	 -40.0	  60.0	2.378836e-005	1.064631e+001
lys	 -30.0	  60.0	8.350134e-006	1.169323e+001
lys	 -20.0	  60.0	3.853021e-006	1.246665e+001
lys	 -10.0	  60.0	5.008371e-006	1.220440e+001
lys	   0.0	  60.0	1.381206e-005	1.118997e+001
lys	  10.0	  60.0	4.311558e-005	1.005163e+001
lys	  20.0	  60.0	1.241325e-004	8.994161e+000
lys	  30.0	  60.0	2.954496e-004	8.127012e+000
lys	  40.0	  60.0	5.372377e-004	7.529070e+000
lys	  50.0	  60.0	7.114235e-004	7.248243e+000
lys	  60.0	  60.0	6.717259e-004	7.305660e+000
lys	  70.0	  60.0	4.524878e-004	7.700750e+000
lys	  80.0	  60.0	2.219687e-004	8.412974e+000
lys	  90.0	  60.0	8.286360e-005	9.398315e+000
lys	 100.0	  60.0	2.558447e-005	1.057352e+001
lys	 110.0	  60.0	7.764260e-006	1.176598e+001
lys	 120.0	  60.0	3.209022e-006	1.264954e+001
lys	 130.0	  60.0	2.384227e-006	1.294664e+001
lys	 140.0	  60.0	2.971253e-006	1.272653e+001
lys	 150.0	  60.0	5.135138e-006	1.217940e+001
lys	 160.0	  60.0	1.058686e-005	1.145590e+001
lys	 170.0	  60.0	2.348748e-005	1.065904e+001
lys	-180.0	  70.0	5.685842e-005	9.774946e+000
lys	-170.0	  70.0	1.213662e-004	9.016699e+000
lys	-160.0	  70.0	2.330290e-004	8.364348e+000
lys	-150.0	  70.0	3.851203e-004	7.861955e+000
lys	-140.0	  70.0	5.340293e-004	7.535060e+000
lys	-130.0	  70.0	6.235315e-004	7.380111e+000
lys	-120.0	  70.0	6.426827e-004	7.349859e+000
lys	-110.0	  70.0	6.388423e-004	7.355853e+000
lys	-100.0	  70.0	6.460598e-004	7.344619e+000
lys	 -90.0	  70.0	6.258853e-004	7.376343e+000
lys	 -80.0	  70.0	5.236094e-004	7.554765e+000
lys	 -70.0	  70.0	3.555693e-004	7.941790e+000
lys	 -60.0	  70.0	1.926352e-004	8.554712e+000
lys	 -50.0	  70.0	8.403209e-005	9.384312e+000
lys	 -40.0	  70.0	3.043104e-005	1.040005e+001
lys	 -30.0	  70.0	9.897032e-006	1.152328e+001
lys	 -20.0	  70.0	3.984047e-006	1.243321e+001
lys	 -10.0	  70.0	4.391811e-006	1.233577e+001
lys	   0.0	  70.0	1.078778e-005	1.143710e+001
lys	  10.0	  70.0	3.014922e-005	1.040935e+001
lys	  20.0	  70.0	7.817729e-005	9.456531e+000
lys	  30.0	  70.0	1.708011e-004	8.675011e+000
lys	  40.0	  70.0	2.913616e-004	8.140945e+000
lys	  50.0	  70.0	3.685347e-004	7.905976e+000
lys	  60.0	  70.0	3.370925e-004	7.995153e+000
lys	  70.0	  70.0	2.227294e-004	8.409553e+000
lys	  80.0	  70.0	1.086878e-004	9.127031e+000
lys	  90.0	  70.0	4.126383e-005	1.009552e+001
lys	 100.0	  70.0	1.358668e-005	1.120642e+001
lys	 110.0	  70.0	4.865672e-006	1.223331e+001
lys	 120.0	  70.0	2.611437e-006	1.285561e+001
lys	 130.0	  70.0	2.348987e-006	1.296153e+001
lys	 140.0	  70.0	3.135912e-006	1.267259e+001
lys	 150.0	  70.0	5.489934e-006	1.211259e+001
lys	 160.0	  70.0	1.133991e-005	1.138718e+001
lys	 170.0	  70.0	2.529452e-005	1.058492e+001
lys	-180.0	  80.0	5.948318e-005	9.729817e+000
lys	-170.0	  80.0	1.267899e-004	8.972980e+000
lys	-160.0	  80.0	2.432287e-004	8.321509e+000
lys	-150.0	  80.0	4.041307e-004	7.813772e+000
lys	-140.0	  80.0	5.712286e-004	7.467721e+000
lys	-130.0	  80.0	6.970289e-004	7.268684e+000
lys	-120.0	  80.0	7.768903e-004	7.160211e+000
lys	-110.0	  80.0	8.502871e-004	7.069936e+000
lys	-100.0	  80.0	9.177232e-004	6.993615e+000
lys	 -90.0	  80.0	8.965104e-004	7.017001e+000
lys	 -80.0	  80.0	7.280792e-004	7.225101e+000
lys	 -70.0	  80.0	4.741476e-004	7.653992e+000
lys	 -60.0	  80.0	2.470897e-004	8.305759e+000
lys	 -50.0	  80.0	1.044012e-004	9.167269e+000
lys	 -40.0	  80.0	3.653610e-005	1.021721e+001
lys	 -30.0	  80.0	1.116981e-005	1.140230e+001
lys	 -20.0	  80.0	3.864958e-006	1.246356e+001
lys	 -10.0	  80.0	3.364700e-006	1.260217e+001
lys	   0.0	  80.0	7.150028e-006	1.184839e+001
lys	  10.0	  80.0	1.783780e-005	1.093419e+001
lys	  20.0	  80.0	4.150731e-005	1.008964e+001
lys	  30.0	  80.0	8.263446e-005	9.401084e+000
lys	  40.0	  80.0	1.314588e-004	8.936817e+000
lys	  50.0	  80.0	1.587804e-004	8.747988e+000
lys	  60.0	  80.0	1.417145e-004	8.861696e+000
lys	  70.0	  80.0	9.334755e-005	9.279181e+000
lys	  80.0	  80.0	4.663727e-005	9.973111e+000
lys	  90.0	  80.0	1.894131e-005	1.087417e+001
lys	 100.0	  80.0	7.254316e-006	1.183391e+001
lys	 110.0	  80.0	3.378277e-006	1.259814e+001
lys	 120.0	  80.0	2.345937e-006	1.296283e+001
lys	 130.0	  80.0	2.381838e-006	1.294764e+001
lys	 140.0	  80.0	3.266650e-006	1.263175e+001
lys	 150.0	  80.0	5.711916e-006	1.207296e+001
lys	 160.0	  80.0	1.179827e-005	1.134756e+001
lys	 170.0	  80.0	2.641458e-005	1.054159e+001
lys	-180.0	  90.0	6.528020e-005	9.636822e+000
lys	-170.0	  90.0	1.367114e-004	8.897638e+000
lys	-160.0	  90.0	2.566417e-004	8.267830e+000
lys	-150.0	  90.0	4.223592e-004	7.769654e+000
lys	-140.0	  90.0	6.086499e-004	7.404267e+000
lys	-130.0	  90.0	7.902024e-004	7.143221e+000
lys	-120.0	  90.0	9.736983e-004	6.934409e+000
lys	-110.0	  90.0	1.179758e-003	6.742446e+000
lys	-100.0	  90.0	1.350849e-003	6.607022e+000
lys	 -90.0	  90.0	1.331942e-003	6.621117e+000
lys	 -80.0	  90.0	1.059852e-003	6.849626e+000
lys	 -70.0	  90.0	6.716253e-004	7.305810e+000
lys	 -60.0	  90.0	3.460826e-004	7.968833e+000
lys	 -50.0	  90.0	1.485750e-004	8.814420e+000
lys	 -40.0	  90.0	5.267672e-005	9.851337e+000
lys	 -30.0	  90.0	1.536440e-005	1.108346e+001
lys	 -20.0	  90.0	4.338644e-006	1.234795e+001
lys	 -10.0	  90.0	2.507153e-006	1.289636e+001
lys	   0.0	  90.0	4.229317e-006	1.237347e+001
lys	  10.0	  90.0	9.310640e-006	1.158435e+001
lys	  20.0	  90.0	1.943431e-005	1.084847e+001
lys	  30.0	  90.0	3.518313e-005	1.025494e+001
lys	  40.0	  90.0	5.202997e-005	9.863691e+000
lys	  50.0	  90.0	6.001659e-005	9.720889e+000
lys	  60.0	  90.0	5.266366e-005	9.851585e+000
lys	  70.0	  90.0	3.525458e-005	1.025292e+001
lys	  80.0	  90.0	1.874135e-005	1.088478e+001
lys	  90.0	  90.0	8.732325e-006	1.164848e+001
lys	 100.0	  90.0	4.270632e-006	1.236375e+001
lys	 110.0	  90.0	2.664366e-006	1.283554e+001
lys	 120.0	  90.0	2.239364e-006	1.300932e+001
lys	 130.0	  90.0	2.436460e-006	1.292496e+001
lys	 140.0	  90.0	3.398650e-006	1.259213e+001
lys	 150.0	  90.0	6.025892e-006	1.201944e+001
lys	 160.0	  90.0	1.273479e-005	1.127117e+001
lys	 170.0	  90.0	2.901613e-005	1.044766e+001
lys	-180.0	 100.0	8.237850e-005	9.404186e+000
lys	-170.0	 100.0	1.704271e-004	8.677203e+000
lys	-160.0	 100.0	3.113469e-004	8.074603e+000
lys	-150.0	 100.0	5.017871e-004	7.597335e+000
lys	-140.0	 100.0	7.308511e-004	7.221301e+000
lys	-130.0	 100.0	1.000532e-003	6.907224e+000
lys	-120.0	 100.0	1.326384e-003	6.625299e+000
lys	-110.0	 100.0	1.711073e-003	6.370634e+000
lys	-100.0	 100.0	2.055811e-003	6.187085e+000
lys	 -90.0	 100.0	2.123364e-003	6.154754e+000
lys	 -80.0	 100.0	1.787476e-003	6.326951e+000
lys	 -70.0	 100.0	1.230930e-003	6.699985e+000
lys	 -60.0	 100.0	7.285012e-004	7.224521e+000
lys	 -50.0	 100.0	3.663199e-004	7.912004e+000
lys	 -40.0	 100.0	1.395619e-004	8.877002e+000
lys	 -30.0	 100.0	3.801246e-005	1.017760e+001
lys	 -20.0	 100.0	8.218546e-006	1.170912e+001
lys	 -10.0	 100.0	2.426260e-006	1.292916e+001
lys	   0.0	 100.0	2.483798e-006	1.290572e+001
lys	  10.0	 100.0	4.596232e-006	1.229027e+001
lys	  20.0	 100.0	8.541453e-006	1.167058e+001
lys	  30.0	 100.0	1.405794e-005	1.117232e+001
lys	  40.0	 100.0	1.936035e-005	1.085228e+001
lys	  50.0	 100.0	2.145444e-005	1.074958e+001
lys	  60.0	 100.0	1.879993e-005	1.088166e+001
lys	  70.0	 100.0	1.322351e-005	1.123351e+001
lys	  80.0	 100.0	7.947642e-006	1.174264e+001
lys	  90.0	 100.0	4.613011e-006	1.228663e+001
lys	 100.0	 100.0	2.996904e-006	1.271793e+001
lys	 110.0	 100.0	2.350131e-006	1.296104e+001
lys	 120.0	 100.0	2.208631e-006	1.302314e+001
lys	 130.0	 100.0	2.501799e-006	1.289850e+001
lys	 140.0	 100.0	3.590131e-006	1.253732e+001
lys	 150.0	 100.0	6.695011e-006	1.191415e+001
lys	 160.0	 100.0	1.507890e-005	1.110221e+001
lys	 170.0	 100.0	3.602600e-005	1.023127e+001
lys	-180.0	 110.0	1.160177e-004	9.061768e+000
lys	-170.0	 110.0	2.452763e-004	8.313125e+000
lys	-160.0	 110.0	4.519575e-004	7.701922e+000
lys	-150.0	 110.0	7.336075e-004	7.217536e+000
lys	-140.0	 110.0	1.087659e-003	6.823728e+000
lys	-130.0	 110.0	1.518381e-003	6.490111e+000
lys	-120.0	 110.0	2.001584e-003	6.213816e+000
lys	-110.0	 110.0	2.521232e-003	5.983008e+000
lys	-100.0	 110.0	3.058298e-003	5.789897e+000
lys	 -90.0	 110.0	3.413599e-003	5.679988e+000
lys	 -80.0	 110.0	3.325798e-003	5.706046e+000
lys	 -70.0	 110.0	2.865528e-003	5.855003e+000
lys	 -60.0	 110.0	2.213633e-003	6.113120e+000
lys	 -50.0	 110.0	1.319344e-003	6.630621e+000
lys	 -40.0	 110.0	5.126740e-004	7.575870e+000
lys	 -30.0	 110.0	1.270702e-004	8.970771e+000
lys	 -20.0	 110.0	2.229802e-005	1.071101e+001
lys	 -10.0	 110.0	3.843567e-006	1.246911e+001
lys	   0.0	 110.0	1.769032e-006	1.324508e+001
lys	  10.0	 110.0	2.431745e-006	1.292690e+001
lys	  20.0	 110.0	3.934925e-006	1.244562e+001
lys	  30.0	 110.0	5.864723e-006	1.204656e+001
lys	  40.0	 110.0	7.568704e-006	1.179149e+001
lys	  50.0	 110.0	8.198006e-006	1.171162e+001
lys	  60.0	 110.0	7.418086e-006	1.181159e+001
lys	  70.0	 110.0	5.790625e-006	1.205927e+001
lys	  80.0	 110.0	4.199982e-006	1.238043e+001
lys	  90.0	 110.0	3.111913e-006	1.268027e+001
lys	 100.0	 110.0	2.509532e-006	1.289541e+001
lys	 110.0	 110.0	2.232383e-006	1.301244e+001
lys	 120.0	 110.0	2.210871e-006	1.302212e+001
lys	 130.0	 110.0	2.568254e-006	1.287228e+001
lys	 140.0	 110.0	3.846193e-006	1.246843e+001
lys	 150.0	 110.0	7.759996e-006	1.176653e+001
lys	 160.0	 110.0	1.906408e-005	1.086770e+001
lys	 170.0	 110.0	4.867420e-005	9.930362e+000
lys	-180.0	 120.0	1.672362e-004	8.696103e+000
lys	-170.0	 120.0	3.708481e-004	7.899718e+000
lys	-160.0	 120.0	7.174176e-004	7.239852e+000
lys	-150.0	 120.0	1.221994e-003	6.707271e+000
lys	-140.0	 120.0	1.869089e-003	6.282304e+000
lys	-130.0	 120.0	2.569095e-003	5.964201e+000
lys	-120.0	 120.0	3.149289e-003	5.760578e+000
lys	-110.0	 120.0	3.596877e-003	5.627689e+000
lys	-100.0	 120.0	4.191041e-003	5.474806e+000
lys	 -90.0	 120.0	5.073221e-003	5.283779e+000
lys	 -80.0	 120.0	5.981109e-003	5.119149e+000
lys	 -70.0	 120.0	6.643615e-003	5.014099e+000
lys	 -60.0	 120.0	6.221842e-003	5.079689e+000
lys	 -50.0	 120.0	3.906153e-003	5.545202e+000
lys	 -40.0	 120.0	1.454228e-003	6.533280e+000
lys	 -30.0	 120.0	3.302520e-004	8.015655e+000
lys	 -20.0	 120.0	5.088502e-005	9.885942e+000
lys	 -10.0	 120.0	6.829505e-006	1.189426e+001
lys	   0.0	 120.0	1.723212e-006	1.327132e+001
lys	  10.0	 120.0	1.615798e-006	1.333568e+001
lys	  20.0	 120.0	2.250668e-006	1.300428e+001
lys	  30.0	 120.0	3.050837e-006	1.270009e+001
lys	  40.0	 120.0	3.745250e-006	1.249502e+001
lys	  50.0	 120.0	4.075550e-006	1.241050e+001
lys	  60.0	 120.0	3.952516e-006	1.244116e+001
lys	  70.0	 120.0	3.528869e-006	1.255453e+001
lys	  80.0	 120.0	3.044901e-006	1.270204e+001
lys	  90.0	 120.0	2.646989e-006	1.284209e+001
lys	 100.0	 120.0	2.367875e-006	1.295352e+001
lys	 110.0	 120.0	2.209869e-006	1.302258e+001
lys	 120.0	 120.0	2.226099e-006	1.301526e+001
lys	 130.0	 120.0	2.630855e-006	1.284820e+001
lys	 140.0	 120.0	4.150693e-006	1.239224e+001
lys	 150.0	 120.0	9.150139e-006	1.160174e+001
lys	 160.0	 120.0	2.448379e-005	1.061750e+001
lys	 170.0	 120.0	6.666273e-005	9.615865e+000
lys	-180.0	 130.0	2.439875e-004	8.318394e+000
lys	-170.0	 130.0	5.623458e-004	7.483394e+000
lys	-160.0	 130.0	1.145039e-003	6.772317e+000
lys	-150.0	 130.0	2.060736e-003	6.184692e+000
lys	-140.0	 130.0	3.230086e-003	5.735247e+000
lys	-130.0	 130.0	4.266921e-003	5.456863e+000
lys	-120.0	 130.0	4.752326e-003	5.349121e+000
lys	-110.0	 130.0	4.842322e-003	5.330361e+000
lys	-100.0	 130.0	5.309808e-003	5.238200e+000
lys	 -90.0	 130.0	6.864762e-003	4.981354e+000
lys	 -80.0	 130.0	9.443557e-003	4.662423e+000
lys	 -70.0	 130.0	1.207175e-002	4.416887e+000
lys	 -60.0	 130.0	1.182869e-002	4.437228e+000
lys	 -50.0	 130.0	7.163481e-003	4.938759e+000
lys	 -40.0	 130.0	2.484261e-003	5.997780e+000
lys	 -30.0	 130.0	5.235067e-004	7.554961e+000
lys	 -20.0	 130.0	7.476110e-005	9.501213e+000
lys	 -10.0	 130.0	9.128816e-006	1.160407e+001
lys	   0.0	 130.0	1.877388e-006	1.318563e+001
lys	  10.0	 130.0	1.419536e-006	1.346518e+001
lys	  20.0	 130.0	1.795526e-006	1.323021e+001
lys	  30.0	 130.0	2.298709e-006	1.298316e+001
lys	  40.0	 130.0	2.759451e-006	1.280048e+001
lys	  50.0	 130.0	3.060013e-006	1.269709e+001
lys	  60.0	 130.0	3.145718e-006	1.266947e+001
lys	  70.0	 130.0	3.048159e-006	1.270097e+001
lys	  80.0	 130.0	2.846096e-006	1.276956e+001
lys	  90.0	 130.0	2.611734e-006	1.285550e+001
lys	 100.0	 130.0	2.395181e-006	1.294205e+001
lys	 110.0	 130.0	2.245833e-006	1.300643e+001
lys	 120.0	 130.0	2.262055e-006	1.299924e+001
lys	 130.0	 130.0	2.733215e-006	1.281003e+001
lys	 140.0	 130.0	4.651709e-006	1.227828e+001
lys	 150.0	 130.0	1.138796e-005	1.138295e+001
lys	 160.0	 130.0	3.296968e-005	1.031992e+001
lys	 170.0	 130.0	9.403092e-005	9.271887e+000
lys	-180.0	 140.0	3.666831e-004	7.911013e+000
lys	-170.0	 140.0	8.443110e-004	7.076990e+000
lys	-160.0	 140.0	1.741352e-003	6.353093e+000
lys	-150.0	 140.0	3.200896e-003	5.744325e+000
lys	-140.0	 140.0	5.016429e-003	5.295037e+000
lys	-130.0	 140.0	6.329840e-003	5.062480e+000
lys	-120.0	 140.0	6.499252e-003	5.036068e+000
lys	-110.0	 140.0	6.083516e-003	5.102172e+000
lys	-100.0	 140.0	6.316878e-003	5.064530e+000
lys	 -90.0	 140.0	8.257356e-003	4.796651e+000
lys	 -80.0	 140.0	1.175317e-002	4.443632e+000
lys	 -70.0	 140.0	1.478860e-002	4.213899e+000
lys	 -60.0	 140.0	1.350604e-002	4.304618e+000
lys	 -50.0	 140.0	7.487809e-003	4.894479e+000
lys	 -40.0	 140.0	2.387610e-003	6.037463e+000
lys	 -30.0	 140.0	4.716205e-004	7.659336e+000
lys	 -20.0	 140.0	6.504563e-005	9.640422e+000
lys	 -10.0	 140.0	8.083357e-006	1.172570e+001
lys	   0.0	 140.0	1.875743e-006	1.318651e+001
lys	  10.0	 140.0	1.514814e-006	1.340022e+001
lys	  20.0	 140.0	1.903160e-006	1.317200e+001
lys	  30.0	 140.0	2.417656e-006	1.293271e+001
lys	  40.0	 140.0	2.905824e-006	1.274879e+001
lys	  50.0	 140.0	3.255959e-006	1.263502e+001
lys	  60.0	 140.0	3.397407e-006	1.259250e+001
lys	  70.0	 140.0	3.330277e-006	1.261246e+001
lys	  80.0	 140.0	3.114147e-006	1.267956e+001
lys	  90.0	 140.0	2.829300e-006	1.277548e+001
lys	 100.0	 140.0	2.549114e-006	1.287976e+001
lys	 110.0	 140.0	2.346633e-006	1.296253e+001
lys	 120.0	 140.0	2.354170e-006	1.295932e+001
lys	 130.0	 140.0	2.977615e-006	1.272439e+001
lys	 140.0	 140.0	5.700257e-006	1.207500e+001
lys	 150.0	 140.0	1.573554e-005	1.105959e+001
lys	 160.0	 140.0	4.860042e-005	9.931878e+000
lys	 170.0	 140.0	1.414256e-004	8.863737e+000
lys	-180.0	 150.0	5.236098e-004	7.554764e+000
lys	-170.0	 150.0	1.162994e-003	6.756757e+000
lys	-160.0	 150.0	2.311658e-003	6.069790e+000
lys	-150.0	 150.0	4.113880e-003	5.493389e+000
lys	-140.0	 150.0	6.226999e-003	5.078861e+000
lys	-130.0	 150.0	7.534006e-003	4.888328e+000
lys	-120.0	 150.0	7.393739e-003	4.907122e+000
lys	-110.0	 150.0	6.649703e-003	5.013183e+000
lys	-100.0	 150.0	6.606710e-003	5.019669e+000
lys	 -90.0	 150.0	8.159334e-003	4.808593e+000
lys	 -80.0	 150.0	1.073920e-002	4.533855e+000
lys	 -70.0	 150.0	1.192740e-002	4.428917e+000
lys	 -60.0	 150.0	9.415013e-003	4.665450e+000
lys	 -50.0	 150.0	4.596412e-003	5.382479e+000
lys	 -40.0	 150.0	1.331344e-003	6.621566e+000
lys	 -30.0	 150.0	2.477366e-004	8.303144e+000
lys	 -20.0	 150.0	3.428851e-005	1.028070e+001
lys	 -10.0	 150.0	4.999589e-006	1.220615e+001
lys	   0.0	 150.0	1.794924e-006	1.323055e+001
lys	  10.0	 150.0	1.840196e-006	1.320564e+001
lys	  20.0	 150.0	2.425519e-006	1.292946e+001
lys	  30.0	 150.0	3.149798e-006	1.266817e+001
lys	  40.0	 150.0	3.835017e-006	1.247134e+001
lys	  50.0	 150.0	4.305396e-006	1.235564e+001
lys	  60.0	 150.0	4.441855e-006	1.232444e+001
lys	  70.0	 150.0	4.245125e-006	1.236974e+001
lys	  80.0	 150.0	3.823785e-006	1.247427e+001
lys	  90.0	 150.0	3.322851e-006	1.261469e+001
lys	 100.0	 150.0	2.863457e-006	1.276348e+001
lys	 110.0	 150.0	2.544800e-006	1.288146e+001
lys	 120.0	 150.0	2.537715e-006	1.288425e+001
lys	 130.0	 150.0	3.412873e-006	1.258796e+001
lys	 140.0	 150.0	7.356627e-006	1.181991e+001
lys	 150.0	 150.0	2.217008e-005	1.071677e+001
lys	 160.0	 150.0	7.088259e-005	9.554486e+000
lys	 170.0	 150.0	2.064442e-004	8.485480e+000
lys	-180.0	 160.0	6.140743e-004	7.395395e+000
lys	-170.0	 160.0	1.292485e-003	6.651189e+000
lys	-160.0	 160.0	2.391353e-003	6.035896e+000
lys	-150.0	 160.0	3.942738e-003	5.535880e+000
lys	-140.0	 160.0	5.594175e-003	5.186029e+000
lys	-130.0	 160.0	6.510745e-003	5.034301e+000
lys	-120.0	 160.0	6.299535e-003	5.067279e+000
lys	-110.0	 160.0	5.624819e-003	5.180566e+000
lys	-100.0	 160.0	5.400989e-003	5.221173e+000
lys	 -90.0	 160.0	6.111245e-003	5.097625e+000
lys	 -80.0	 160.0	7.105158e-003	4.946934e+000
lys	 -70.0	 160.0	6.734634e-003	5.000492e+000
lys	 -60.0	 160.0	4.487628e-003	5.406431e+000
lys	 -50.0	 160.0	1.900091e-003	6.265854e+000
lys	 -40.0	 160.0	4.969800e-004	7.606961e+000
lys	 -30.0	 160.0	8.749327e-005	9.343949e+000
lys	 -20.0	 160.0	1.288335e-005	1.125957e+001
lys	 -10.0	 160.0	2.852196e-006	1.276742e+001
lys	   0.0	 160.0	1.956966e-006	1.314412e+001
lys	  10.0	 160.0	2.503577e-006	1.289779e+001
lys	  20.0	 160.0	3.504804e-006	1.256138e+001
lys	  30.0	 160.0	4.709209e-006	1.226599e+001
lys	  40.0	 160.0	5.835738e-006	1.205151e+001
lys	  50.0	 160.0	6.550043e-006	1.193604e+001
lys	  60.0	 160.0	6.630510e-006	1.192383e+001
lys	  70.0	 160.0	6.103896e-006	1.200658e+001
lys	  80.0	 160.0	5.211741e-006	1.216460e+001
lys	  90.0	 160.0	4.248761e-006	1.236888e+001
lys	 100.0	 160.0	3.429803e-006	1.258301e+001
lys	 110.0	 160.0	2.886151e-006	1.275559e+001
lys	 120.0	 160.0	2.811279e-006	1.278187e+001
lys	 130.0	 160.0	3.899883e-006	1.245456e+001
lys	 140.0	 160.0	8.858365e-006	1.163415e+001
lys	 150.0	 160.0	2.727393e-005	1.050958e+001
lys	 160.0	 160.0	8.704863e-005	9.349044e+000
lys	 170.0	 160.0	2.498615e-004	8.294604e+000
lys	-180.0	 170.0	5.384307e-004	7.526852e+000
lys	-170.0	 170.0	1.062864e-003	6.846788e+000
lys	-160.0	 170.0	1.798576e-003	6.320760e+000
lys	-150.0	 170.0	2.683643e-003	5.920580e+000
lys	-140.0	 170.0	3.517494e-003	5.650007e+000
lys	-130.0	 170.0	3.954982e-003	5.532779e+000
lys	-120.0	 170.0	3.831476e-003	5.564505e+000
lys	-110.0	 170.0	3.429584e-003	5.675316e+000
lys	-100.0	 170.0	3.198100e-003	5.745198e+000
lys	 -90.0	 170.0	3.337688e-003	5.702477e+000
lys	 -80.0	 170.0	3.466970e-003	5.664474e+000
lys	 -70.0	 170.0	2.885160e-003	5.848175e+000
lys	 -60.0	 170.0	1.681750e-003	6.387920e+000
lys	 -50.0	 170.0	6.406411e-004	7.353041e+000
lys	 -40.0	 170.0	1.578736e-004	8.753716e+000
lys	 -30.0	 170.0	2.799802e-005	1.048338e+001
lys	 -20.0	 170.0	5.231477e-006	1.216082e+001
lys	 -10.0	 170.0	2.326716e-006	1.297105e+001
lys	   0.0	 170.0	2.565211e-006	1.287347e+001
lys	  10.0	 170.0	3.727082e-006	1.249988e+001
lys	  20.0	 170.0	5.518653e-006	1.210738e+001
lys	  30.0	 170.0	7.681072e-006	1.177675e+001
lys	  40.0	 170.0	9.685690e-006	1.154486e+001
lys	  50.0	 170.0	1.086740e-005	1.142974e+001
lys	  60.0	 170.0	1.080167e-005	1.143581e+001
lys	  70.0	 170.0	9.586303e-006	1.155518e+001
lys	  80.0	 170.0	7.749300e-006	1.176791e+001
lys	  90.0	 170.0	5.889699e-006	1.204231e+001
lys	 100.0	 170.0	4.395214e-006	1.233499e+001
lys	 110.0	 170.0	3.427934e-006	1.258355e+001
lys	 120.0	 170.0	3.144444e-006	1.266987e+001
lys	 130.0	 170.0	4.196542e-006	1.238125e+001
lys	 140.0	 170.0	9.168117e-006	1.159978e+001
lys	 150.0	 170.0	2.694371e-005	1.052176e+001
lys	 160.0	 170.0	8.258403e-005	9.401694e+000
lys	 170.0	 170.0	2.287626e-004	8.382826e+000
