met	-180.0	-180.0	2.902645e-004	8.144718e+000
met	-170.0	-180.0	5.722541e-004	7.465928e+000
met	-160.0	-180.0	9.404310e-004	6.969172e+000
met	-150.0	-180.0	1.292730e-003	6.650999e+000
met	-140.0	-180.0	1.453198e-003	6.533989e+000
met	-130.0	-180.0	1.331390e-003	6.621532e+000
met	-120.0	-180.0	1.094882e-003	6.817109e+000
met	-110.0	-180.0	9.852233e-004	6.922642e+000
met	-100.0	-180.0	1.076320e-003	6.834207e+000
met	 -90.0	-180.0	1.305239e-003	6.641369e+000
met	 -80.0	-180.0	1.520948e-003	6.488421e+000
met	 -70.0	-180.0	1.371885e-003	6.591570e+000
met	 -60.0	-180.0	7.964029e-004	7.135405e+000
met	 -50.0	-180.0	2.903570e-004	8.144399e+000
met	 -40.0	-180.0	7.443901e-005	9.505530e+000
met	 -30.0	-180.0	1.562388e-005	1.106671e+001
met	 -20.0	-180.0	3.339024e-006	1.260983e+001
met	 -10.0	-180.0	1.535022e-006	1.338697e+001
met	   0.0	-180.0	1.924938e-006	1.316062e+001
met	  10.0	-180.0	2.975522e-006	1.272509e+001
met	  20.0	-180.0	4.411016e-006	1.233141e+001
met	  30.0	-180.0	6.031860e-006	1.201846e+001
met	  40.0	-180.0	7.530100e-006	1.179660e+001
met	  50.0	-180.0	8.563108e-006	1.166805e+001
met	  60.0	-180.0	8.902206e-006	1.162921e+001
met	  70.0	-180.0	8.536160e-006	1.167120e+001
met	  80.0	-180.0	7.662119e-006	1.177922e+001
met	  90.0	-180.0	6.593444e-006	1.192943e+001
met	 100.0	-180.0	5.664860e-006	1.208123e+001
met	 110.0	-180.0	5.182566e-006	1.217021e+001
met	 120.0	-180.0	5.420043e-006	1.212541e+001
met	 130.0	-180.0	6.721026e-006	1.191027e+001
met	 140.0	-180.0	1.011992e-005	1.150100e+001
met	 150.0	-180.0	1.966660e-005	1.083659e+001
met	 160.0	-180.0	4.804243e-005	9.943426e+000
met	 170.0	-180.0	1.240680e-004	8.994681e+000
met	-180.0	-170.0	1.328027e-004	8.926646e+000
met	-170.0	-170.0	2.405411e-004	8.332619e+000
met	-160.0	-170.0	3.697386e-004	7.902714e+000
met	-150.0	-170.0	4.790934e-004	7.643615e+000
met	-140.0	-170.0	5.131257e-004	7.574990e+000
met	-130.0	-170.0	4.582659e-004	7.688061e+000
met	-120.0	-170.0	3.825936e-004	7.868537e+000
met	-110.0	-170.0	3.660163e-004	7.912833e+000
met	-100.0	-170.0	4.121648e-004	7.794087e+000
met	 -90.0	-170.0	4.556762e-004	7.693728e+000
met	 -80.0	-170.0	4.449738e-004	7.717495e+000
met	 -70.0	-170.0	3.541542e-004	7.945778e+000
met	 -60.0	-170.0	2.020544e-004	8.506974e+000
met	 -50.0	-170.0	7.803686e-005	9.458329e+000
met	 -40.0	-170.0	2.157533e-005	1.074396e+001
met	 -30.0	-170.0	5.035341e-006	1.219903e+001
met	 -20.0	-170.0	1.744107e-006	1.325927e+001
met	 -10.0	-170.0	1.736602e-006	1.326358e+001
met	   0.0	-170.0	2.683771e-006	1.282829e+001
met	  10.0	-170.0	4.222419e-006	1.237510e+001
met	  20.0	-170.0	6.229993e-006	1.198614e+001
met	  30.0	-170.0	8.417999e-006	1.168514e+001
met	  40.0	-170.0	1.030657e-005	1.148273e+001
met	  50.0	-170.0	1.139311e-005	1.138250e+001
met	  60.0	-170.0	1.139639e-005	1.138221e+001
met	  70.0	-170.0	1.040076e-005	1.147363e+001
met	  80.0	-170.0	8.797417e-006	1.164105e+001
met	  90.0	-170.0	7.089620e-006	1.185688e+001
met	 100.0	-170.0	5.717704e-006	1.207194e+001
met	 110.0	-170.0	4.992862e-006	1.220750e+001
met	 120.0	-170.0	5.117386e-006	1.218287e+001
met	 130.0	-170.0	6.261779e-006	1.198105e+001
met	 140.0	-170.0	8.863969e-006	1.163352e+001
met	 150.0	-170.0	1.469989e-005	1.112767e+001
met	 160.0	-170.0	2.924035e-005	1.043996e+001
met	 170.0	-170.0	6.387136e-005	9.658639e+000
met	-180.0	-160.0	5.244719e-005	9.855704e+000
met	-170.0	-160.0	8.318598e-005	9.394432e+000
met	-160.0	-160.0	1.164255e-004	9.058259e+000
met	-150.0	-160.0	1.423728e-004	8.857062e+000
met	-140.0	-160.0	1.496824e-004	8.806995e+000
met	-130.0	-160.0	1.372577e-004	8.893651e+000
met	-120.0	-160.0	1.233009e-004	9.000883e+000
met	-110.0	-160.0	1.288856e-004	8.956585e+000
met	-100.0	-160.0	1.510646e-004	8.797803e+000
met	 -90.0	-160.0	1.607560e-004	8.735623e+000
met	 -80.0	-160.0	1.390973e-004	8.880337e+000
met	 -70.0	-160.0	9.594077e-005	9.251780e+000
met	 -60.0	-160.0	5.090629e-005	9.885524e+000
met	 -50.0	-160.0	2.005035e-005	1.081726e+001
met	 -40.0	-160.0	6.244385e-006	1.198383e+001
met	 -30.0	-160.0	2.196690e-006	1.302856e+001
met	 -20.0	-160.0	1.681617e-006	1.329575e+001
met	 -10.0	-160.0	2.353282e-006	1.295970e+001
met	   0.0	-160.0	3.767691e-006	1.248905e+001
met	  10.0	-160.0	5.926078e-006	1.203615e+001
met	  20.0	-160.0	8.716202e-006	1.165033e+001
met	  30.0	-160.0	1.171466e-005	1.135467e+001
met	  40.0	-160.0	1.421728e-005	1.116105e+001
met	  50.0	-160.0	1.550306e-005	1.107447e+001
met	  60.0	-160.0	1.519767e-005	1.109437e+001
met	  70.0	-160.0	1.347654e-005	1.121456e+001
met	  80.0	-160.0	1.095412e-005	1.142179e+001
met	  90.0	-160.0	8.367024e-006	1.169121e+001
met	 100.0	-160.0	6.297077e-006	1.197543e+001
met	 110.0	-160.0	5.078016e-006	1.219059e+001
met	 120.0	-160.0	4.846408e-006	1.223727e+001
met	 130.0	-160.0	5.632102e-006	1.208703e+001
met	 140.0	-160.0	7.490782e-006	1.180184e+001
met	 150.0	-160.0	1.087805e-005	1.142876e+001
met	 160.0	-160.0	1.740835e-005	1.095856e+001
met	 170.0	-160.0	3.025561e-005	1.040583e+001
met	-180.0	-150.0	2.272040e-005	1.069225e+001
met	-170.0	-150.0	3.034401e-005	1.040291e+001
met	-160.0	-150.0	3.758533e-005	1.018890e+001
met	-150.0	-150.0	4.334010e-005	1.004643e+001
met	-140.0	-150.0	4.643823e-005	9.977387e+000
met	-130.0	-150.0	4.631434e-005	9.980059e+000
met	-120.0	-150.0	4.551459e-005	9.997478e+000
met	-110.0	-150.0	4.848650e-005	9.934225e+000
met	-100.0	-150.0	5.465982e-005	9.814382e+000
met	 -90.0	-150.0	5.550230e-005	9.799086e+000
met	 -80.0	-150.0	4.516114e-005	1.000527e+001
met	 -70.0	-150.0	2.870915e-005	1.045829e+001
met	 -60.0	-150.0	1.451641e-005	1.114023e+001
met	 -50.0	-150.0	6.203910e-006	1.199033e+001
met	 -40.0	-150.0	2.768435e-006	1.279723e+001
met	 -30.0	-150.0	1.891105e-006	1.317835e+001
met	 -20.0	-150.0	2.147212e-006	1.305134e+001
met	 -10.0	-150.0	3.154680e-006	1.266662e+001
met	   0.0	-150.0	5.002491e-006	1.220557e+001
met	  10.0	-150.0	7.814207e-006	1.175957e+001
met	  20.0	-150.0	1.145846e-005	1.137678e+001
met	  30.0	-150.0	1.537221e-005	1.108295e+001
met	  40.0	-150.0	1.861403e-005	1.089159e+001
met	  50.0	-150.0	2.022029e-005	1.080882e+001
met	  60.0	-150.0	1.969406e-005	1.083519e+001
met	  70.0	-150.0	1.727772e-005	1.096609e+001
met	  80.0	-150.0	1.379915e-005	1.119090e+001
met	  90.0	-150.0	1.023482e-005	1.148972e+001
met	 100.0	-150.0	7.325387e-006	1.182416e+001
met	 110.0	-150.0	5.446639e-006	1.212051e+001
met	 120.0	-150.0	4.688493e-006	1.227040e+001
met	 130.0	-150.0	4.985157e-006	1.220905e+001
met	 140.0	-150.0	6.211557e-006	1.198910e+001
met	 150.0	-150.0	8.299644e-006	1.169930e+001
met	 160.0	-150.0	1.144344e-005	1.137809e+001
met	 170.0	-150.0	1.615959e-005	1.103300e+001
met	-180.0	-140.0	1.371709e-005	1.119687e+001
met	-170.0	-140.0	1.666860e-005	1.100198e+001
met	-160.0	-140.0	1.947153e-005	1.084656e+001
met	-150.0	-140.0	2.210194e-005	1.071985e+001
met	-140.0	-140.0	2.440073e-005	1.062090e+001
met	-130.0	-140.0	2.576537e-005	1.056648e+001
met	-120.0	-140.0	2.594143e-005	1.055967e+001
met	-110.0	-140.0	2.562090e-005	1.057210e+001
met	-100.0	-140.0	2.504528e-005	1.059483e+001
met	 -90.0	-140.0	2.271945e-005	1.069229e+001
met	 -80.0	-140.0	1.761696e-005	1.094665e+001
met	 -70.0	-140.0	1.140848e-005	1.138115e+001
met	 -60.0	-140.0	6.519189e-006	1.194076e+001
met	 -50.0	-140.0	3.756151e-006	1.249212e+001
met	 -40.0	-140.0	2.600911e-006	1.285965e+001
met	 -30.0	-140.0	2.387544e-006	1.294525e+001
met	 -20.0	-140.0	2.830792e-006	1.277495e+001
met	 -10.0	-140.0	4.002623e-006	1.242856e+001
met	   0.0	-140.0	6.148756e-006	1.199926e+001
met	  10.0	-140.0	9.458563e-006	1.156859e+001
met	  20.0	-140.0	1.379613e-005	1.119112e+001
met	  30.0	-140.0	1.849759e-005	1.089787e+001
met	  40.0	-140.0	2.243201e-005	1.070502e+001
met	  50.0	-140.0	2.442547e-005	1.061988e+001
met	  60.0	-140.0	2.385055e-005	1.064370e+001
met	  70.0	-140.0	2.096439e-005	1.077269e+001
met	  80.0	-140.0	1.673670e-005	1.099791e+001
met	  90.0	-140.0	1.232913e-005	1.130355e+001
met	 100.0	-140.0	8.624868e-006	1.166086e+001
met	 110.0	-140.0	6.059582e-006	1.201387e+001
met	 120.0	-140.0	4.711138e-006	1.226558e+001
met	 130.0	-140.0	4.465533e-006	1.231912e+001
met	 140.0	-140.0	5.133316e-006	1.217976e+001
met	 150.0	-140.0	6.513022e-006	1.194171e+001
met	 160.0	-140.0	8.453675e-006	1.168091e+001
met	 170.0	-140.0	1.088756e-005	1.142789e+001
met	-180.0	-130.0	1.105019e-005	1.141306e+001
met	-170.0	-130.0	1.379823e-005	1.119097e+001
met	-160.0	-130.0	1.681947e-005	1.099297e+001
met	-150.0	-130.0	1.993578e-005	1.082299e+001
met	-140.0	-130.0	2.274890e-005	1.069099e+001
met	-130.0	-130.0	2.460034e-005	1.061275e+001
met	-120.0	-130.0	2.491414e-005	1.060007e+001
met	-110.0	-130.0	2.361133e-005	1.065378e+001
met	-100.0	-130.0	2.098599e-005	1.077166e+001
met	 -90.0	-130.0	1.732150e-005	1.096356e+001
met	 -80.0	-130.0	1.306131e-005	1.124586e+001
met	 -70.0	-130.0	9.054371e-006	1.161226e+001
met	 -60.0	-130.0	6.066723e-006	1.201269e+001
met	 -50.0	-130.0	4.281677e-006	1.236117e+001
met	 -40.0	-130.0	3.452067e-006	1.257654e+001
met	 -30.0	-130.0	3.291701e-006	1.262411e+001
met	 -20.0	-130.0	3.706518e-006	1.250542e+001
met	 -10.0	-130.0	4.846110e-006	1.223733e+001
met	   0.0	-130.0	7.018130e-006	1.186701e+001
met	  10.0	-130.0	1.047318e-005	1.146669e+001
met	  20.0	-130.0	1.510818e-005	1.110027e+001
met	  30.0	-130.0	2.023707e-005	1.080799e+001
met	  40.0	-130.0	2.464581e-005	1.061090e+001
met	  50.0	-130.0	2.703844e-005	1.051825e+001
met	  60.0	-130.0	2.667093e-005	1.053194e+001
met	  70.0	-130.0	2.373496e-005	1.064856e+001
met	  80.0	-130.0	1.920758e-005	1.086021e+001
met	  90.0	-130.0	1.431787e-005	1.115400e+001
met	 100.0	-130.0	1.003988e-005	1.150895e+001
met	 110.0	-130.0	6.884689e-006	1.188621e+001
met	 120.0	-130.0	4.968945e-006	1.221230e+001
met	 130.0	-130.0	4.185915e-006	1.238379e+001
met	 140.0	-130.0	4.344369e-006	1.234663e+001
met	 150.0	-130.0	5.244207e-006	1.215839e+001
met	 160.0	-130.0	6.720355e-006	1.191037e+001
met	 170.0	-130.0	8.672255e-006	1.165538e+001
met	-180.0	-120.0	1.024680e-005	1.148854e+001
met	-170.0	-120.0	1.374488e-005	1.119484e+001
met	-160.0	-120.0	1.797937e-005	1.092629e+001
met	-150.0	-120.0	2.259658e-005	1.069771e+001
met	-140.0	-120.0	2.690842e-005	1.052307e+001
met	-130.0	-120.0	3.000671e-005	1.041409e+001
met	-120.0	-120.0	3.107759e-005	1.037902e+001
met	-110.0	-120.0	2.976488e-005	1.042218e+001
met	-100.0	-120.0	2.632548e-005	1.054497e+001
met	 -90.0	-120.0	2.149689e-005	1.074760e+001
met	 -80.0	-120.0	1.625877e-005	1.102688e+001
met	 -70.0	-120.0	1.158262e-005	1.136601e+001
met	 -60.0	-120.0	8.122565e-006	1.172086e+001
met	 -50.0	-120.0	6.015708e-006	1.202114e+001
met	 -40.0	-120.0	4.993406e-006	1.220739e+001
met	 -30.0	-120.0	4.689260e-006	1.227024e+001
met	 -20.0	-120.0	4.913522e-006	1.222352e+001
met	 -10.0	-120.0	5.775460e-006	1.206189e+001
met	   0.0	-120.0	7.613829e-006	1.178554e+001
met	  10.0	-120.0	1.075194e-005	1.144042e+001
met	  20.0	-120.0	1.516887e-005	1.109627e+001
met	  30.0	-120.0	2.025319e-005	1.080720e+001
met	  40.0	-120.0	2.483965e-005	1.060307e+001
met	  50.0	-120.0	2.762276e-005	1.049687e+001
met	  60.0	-120.0	2.776458e-005	1.049175e+001
met	  70.0	-120.0	2.529600e-005	1.058486e+001
met	  80.0	-120.0	2.103444e-005	1.076935e+001
met	  90.0	-120.0	1.612626e-005	1.103506e+001
met	 100.0	-120.0	1.156752e-005	1.136731e+001
met	 110.0	-120.0	7.961267e-006	1.174092e+001
met	 120.0	-120.0	5.524871e-006	1.210625e+001
met	 130.0	-120.0	4.222164e-006	1.237516e+001
met	 140.0	-120.0	3.904500e-006	1.245338e+001
met	 150.0	-120.0	4.412250e-006	1.233113e+001
met	 160.0	-120.0	5.638516e-006	1.208589e+001
met	 170.0	-120.0	7.563908e-006	1.179212e+001
met	-180.0	-110.0	1.037595e-005	1.147602e+001
met	-170.0	-110.0	1.502531e-005	1.110577e+001
met	-160.0	-110.0	2.103123e-005	1.076950e+001
met	-150.0	-110.0	2.790131e-005	1.048684e+001
met	-140.0	-110.0	3.461368e-005	1.027126e+001
met	-130.0	-110.0	3.981822e-005	1.013119e+001
met	-120.0	-110.0	4.227661e-005	1.007128e+001
met	-110.0	-110.0	4.135508e-005	1.009332e+001
met	-100.0	-110.0	3.728796e-005	1.019684e+001
met	 -90.0	-110.0	3.102970e-005	1.038057e+001
met	 -80.0	-110.0	2.390046e-005	1.064161e+001
met	 -70.0	-110.0	1.729459e-005	1.096512e+001
met	 -60.0	-110.0	1.227927e-005	1.130760e+001
met	 -50.0	-110.0	9.160782e-006	1.160058e+001
met	 -40.0	-110.0	7.554485e-006	1.179337e+001
met	 -30.0	-110.0	6.862860e-006	1.188939e+001
met	 -20.0	-110.0	6.681545e-006	1.191616e+001
met	 -10.0	-110.0	6.998146e-006	1.186987e+001
met	   0.0	-110.0	8.149150e-006	1.171760e+001
met	  10.0	-110.0	1.054088e-005	1.146025e+001
met	  20.0	-110.0	1.428059e-005	1.115661e+001
met	  30.0	-110.0	1.891422e-005	1.087560e+001
met	  40.0	-110.0	2.343431e-005	1.066131e+001
met	  50.0	-110.0	2.661734e-005	1.053395e+001
met	  60.0	-110.0	2.754620e-005	1.049965e+001
met	  70.0	-110.0	2.600397e-005	1.055726e+001
met	  80.0	-110.0	2.249931e-005	1.070203e+001
met	  90.0	-110.0	1.796293e-005	1.092720e+001
met	 100.0	-110.0	1.335432e-005	1.122367e+001
met	 110.0	-110.0	9.388055e-006	1.157607e+001
met	 120.0	-110.0	6.443074e-006	1.195250e+001
met	 130.0	-110.0	4.613841e-006	1.228645e+001
met	 140.0	-110.0	3.831063e-006	1.247237e+001
met	 150.0	-110.0	3.990718e-006	1.243154e+001
met	 160.0	-110.0	5.056547e-006	1.219483e+001
met	 170.0	-110.0	7.117801e-006	1.185291e+001
met	-180.0	-100.0	1.137218e-005	1.138434e+001
met	-170.0	-100.0	1.761152e-005	1.094696e+001
met	-160.0	-100.0	2.605072e-005	1.055547e+001
met	-150.0	-100.0	3.605880e-005	1.023036e+001
met	-140.0	-100.0	4.619021e-005	9.982743e+000
met	-130.0	-100.0	5.447711e-005	9.817730e+000
met	-120.0	-100.0	5.909308e-005	9.736397e+000
met	-110.0	-100.0	5.909479e-005	9.736368e+000
met	-100.0	-100.0	5.473590e-005	9.812991e+000
met	 -90.0	-100.0	4.708575e-005	9.963540e+000
met	 -80.0	-100.0	3.763918e-005	1.018747e+001
met	 -70.0	-100.0	2.834900e-005	1.047092e+001
met	 -60.0	-100.0	2.095969e-005	1.077291e+001
met	 -50.0	-100.0	1.587377e-005	1.105084e+001
met	 -40.0	-100.0	1.254207e-005	1.128642e+001
met	 -30.0	-100.0	1.047987e-005	1.146605e+001
met	 -20.0	-100.0	9.284508e-006	1.158716e+001
met	 -10.0	-100.0	8.696693e-006	1.165257e+001
met	   0.0	-100.0	8.877002e-006	1.163205e+001
met	  10.0	-100.0	1.024399e-005	1.148882e+001
met	  20.0	-100.0	1.303822e-005	1.124763e+001
met	  30.0	-100.0	1.700185e-005	1.098219e+001
met	  40.0	-100.0	2.133749e-005	1.075504e+001
met	  50.0	-100.0	2.494624e-005	1.059879e+001
met	  60.0	-100.0	2.683437e-005	1.052583e+001
met	  70.0	-100.0	2.648502e-005	1.053893e+001
met	  80.0	-100.0	2.401197e-005	1.063696e+001
met	  90.0	-100.0	2.005385e-005	1.081709e+001
met	 100.0	-100.0	1.550152e-005	1.107457e+001
met	 110.0	-100.0	1.119659e-005	1.139990e+001
met	 120.0	-100.0	7.720966e-006	1.177157e+001
met	 130.0	-100.0	5.341101e-006	1.214008e+001
met	 140.0	-100.0	4.093452e-006	1.240612e+001
met	 150.0	-100.0	3.941179e-006	1.244403e+001
met	 160.0	-100.0	4.927749e-006	1.222063e+001
met	 170.0	-100.0	7.274488e-006	1.183114e+001
met	-180.0	 -90.0	1.319299e-005	1.123582e+001
met	-170.0	 -90.0	2.148332e-005	1.074823e+001
met	-160.0	 -90.0	3.305220e-005	1.031742e+001
met	-150.0	 -90.0	4.713655e-005	9.962462e+000
met	-140.0	 -90.0	6.180454e-005	9.691534e+000
met	-130.0	 -90.0	7.435589e-005	9.506648e+000
met	-120.0	 -90.0	8.228194e-005	9.405359e+000
met	-110.0	 -90.0	8.434515e-005	9.380593e+000
met	-100.0	 -90.0	8.089402e-005	9.422371e+000
met	 -90.0	 -90.0	7.315770e-005	9.522893e+000
met	 -80.0	 -90.0	6.307096e-005	9.671250e+000
met	 -70.0	 -90.0	5.342249e-005	9.837279e+000
met	 -60.0	 -90.0	4.560168e-005	9.995566e+000
met	 -50.0	 -90.0	3.732333e-005	1.019589e+001
met	 -40.0	 -90.0	2.720628e-005	1.051206e+001
met	 -30.0	 -90.0	1.852835e-005	1.089621e+001
met	 -20.0	 -90.0	1.345735e-005	1.121599e+001
met	 -10.0	 -90.0	1.093716e-005	1.142334e+001
met	   0.0	 -90.0	9.851447e-006	1.152789e+001
met	  10.0	 -90.0	1.010101e-005	1.150287e+001
met	  20.0	 -90.0	1.190566e-005	1.133850e+001
met	  30.0	 -90.0	1.517058e-005	1.109615e+001
met	  40.0	 -90.0	1.930101e-005	1.085535e+001
met	  50.0	 -90.0	2.332349e-005	1.066605e+001
met	  60.0	 -90.0	2.617323e-005	1.055077e+001
met	  70.0	 -90.0	2.703738e-005	1.051829e+001
met	  80.0	 -90.0	2.563114e-005	1.057170e+001
met	  90.0	 -90.0	2.229073e-005	1.071134e+001
met	 100.0	 -90.0	1.782730e-005	1.093478e+001
met	 110.0	 -90.0	1.320418e-005	1.123498e+001
met	 120.0	 -90.0	9.209322e-006	1.159529e+001
met	 130.0	 -90.0	6.290916e-006	1.197640e+001
met	 140.0	 -90.0	4.603209e-006	1.228876e+001
met	 150.0	 -90.0	4.188511e-006	1.238317e+001
met	 160.0	 -90.0	5.185761e-006	1.216959e+001
met	 170.0	 -90.0	7.977388e-006	1.173890e+001
met	-180.0	 -80.0	1.555896e-005	1.107087e+001
met	-170.0	 -80.0	2.619637e-005	1.054989e+001
met	-160.0	 -80.0	4.137728e-005	1.009278e+001
met	-150.0	 -80.0	6.029427e-005	9.716274e+000
met	-140.0	 -80.0	8.065565e-005	9.425322e+000
met	-130.0	 -80.0	9.920941e-005	9.218278e+000
met	-120.0	 -80.0	1.129719e-004	9.088372e+000
met	-110.0	 -80.0	1.205666e-004	9.023308e+000
met	-100.0	 -80.0	1.225158e-004	9.007271e+000
met	 -90.0	 -80.0	1.214238e-004	9.016224e+000
met	 -80.0	 -80.0	1.235608e-004	8.998777e+000
met	 -70.0	 -80.0	1.339182e-004	8.918281e+000
met	 -60.0	 -80.0	1.438486e-004	8.846749e+000
met	 -50.0	 -80.0	1.294354e-004	8.952328e+000
met	 -40.0	 -80.0	8.582907e-005	9.363153e+000
met	 -30.0	 -80.0	4.376957e-005	1.003657e+001
met	 -20.0	 -80.0	2.201669e-005	1.072371e+001
met	 -10.0	 -80.0	1.387007e-005	1.118578e+001
met	   0.0	 -80.0	1.084899e-005	1.143144e+001
met	  10.0	 -80.0	1.001125e-005	1.151180e+001
met	  20.0	 -80.0	1.095578e-005	1.142164e+001
met	  30.0	 -80.0	1.360784e-005	1.120486e+001
met	  40.0	 -80.0	1.752822e-005	1.095170e+001
met	  50.0	 -80.0	2.185869e-005	1.073091e+001
met	  60.0	 -80.0	2.549365e-005	1.057708e+001
met	  70.0	 -80.0	2.738634e-005	1.050547e+001
met	  80.0	 -80.0	2.691878e-005	1.052269e+001
met	  90.0	 -80.0	2.416271e-005	1.063070e+001
met	 100.0	 -80.0	1.984549e-005	1.082753e+001
met	 110.0	 -80.0	1.501506e-005	1.110646e+001
met	 120.0	 -80.0	1.062152e-005	1.145263e+001
met	 130.0	 -80.0	7.267650e-006	1.183208e+001
met	 140.0	 -80.0	5.221298e-006	1.216276e+001
met	 150.0	 -80.0	4.614999e-006	1.228620e+001
met	 160.0	 -80.0	5.701269e-006	1.207482e+001
met	 170.0	 -80.0	9.047947e-006	1.161297e+001
met	-180.0	 -70.0	1.794765e-005	1.092805e+001
met	-170.0	 -70.0	3.087595e-005	1.038553e+001
met	-160.0	 -70.0	4.969979e-005	9.909510e+000
met	-150.0	 -70.0	7.384348e-005	9.513563e+000
met	-140.0	 -70.0	1.013074e-004	9.197351e+000
met	-130.0	 -70.0	1.295406e-004	8.951516e+000
met	-120.0	 -70.0	1.569688e-004	8.759464e+000
met	-110.0	 -70.0	1.840475e-004	8.600316e+000
met	-100.0	 -70.0	2.122430e-004	8.457779e+000
met	 -90.0	 -70.0	2.488360e-004	8.298717e+000
met	 -80.0	 -70.0	3.202710e-004	8.046343e+000
met	 -70.0	 -70.0	4.437007e-004	7.720360e+000
met	 -60.0	 -70.0	5.501738e-004	7.505276e+000
met	 -50.0	 -70.0	5.010353e-004	7.598834e+000
met	 -40.0	 -70.0	3.007777e-004	8.109139e+000
met	 -30.0	 -70.0	1.212522e-004	9.017638e+000
met	 -20.0	 -70.0	4.107300e-005	1.010016e+001
met	 -10.0	 -70.0	1.775876e-005	1.093863e+001
met	   0.0	 -70.0	1.147667e-005	1.137519e+001
met	  10.0	 -70.0	9.645206e-006	1.154905e+001
met	  20.0	 -70.0	9.959685e-006	1.151697e+001
met	  30.0	 -70.0	1.212713e-005	1.132007e+001
met	  40.0	 -70.0	1.581171e-005	1.105476e+001
met	  50.0	 -70.0	2.028005e-005	1.080587e+001
met	  60.0	 -70.0	2.444249e-005	1.061919e+001
met	  70.0	 -70.0	2.710099e-005	1.051594e+001
met	  80.0	 -70.0	2.738542e-005	1.050550e+001
met	  90.0	 -70.0	2.516124e-005	1.059021e+001
met	 100.0	 -70.0	2.108449e-005	1.076697e+001
met	 110.0	 -70.0	1.624317e-005	1.102784e+001
met	 120.0	 -70.0	1.167443e-005	1.135811e+001
met	 130.0	 -70.0	8.075068e-006	1.172673e+001
met	 140.0	 -70.0	5.802658e-006	1.205719e+001
met	 150.0	 -70.0	5.082957e-006	1.218962e+001
met	 160.0	 -70.0	6.291552e-006	1.197630e+001
met	 170.0	 -70.0	1.018592e-005	1.149450e+001
met	-180.0	 -60.0	1.976080e-005	1.083181e+001
met	-170.0	 -60.0	3.449861e-005	1.027459e+001
met	-160.0	 -60.0	5.643564e-005	9.782410e+000
met	-150.0	 -60.0	8.576265e-005	9.363927e+000
met	-140.0	 -60.0	1.224034e-004	9.008188e+000
met	-130.0	 -60.0	1.683289e-004	8.689591e+000
met	-120.0	 -60.0	2.302342e-004	8.376413e+000
met	-110.0	 -60.0	3.193596e-004	8.049193e+000
met	-100.0	 -60.0	4.428050e-004	7.722381e+000
met	 -90.0	 -60.0	6.142055e-004	7.395181e+000
met	 -80.0	 -60.0	9.325499e-004	6.977588e+000
met	 -70.0	 -60.0	1.503659e-003	6.499854e+000
met	 -60.0	 -60.0	1.966112e-003	6.231698e+000
met	 -50.0	 -60.0	1.680328e-003	6.388766e+000
met	 -40.0	 -60.0	8.837253e-004	7.031364e+000
met	 -30.0	 -60.0	2.941162e-004	8.131536e+000
met	 -20.0	 -60.0	7.300032e-005	9.525047e+000
met	 -10.0	 -60.0	2.158349e-005	1.074358e+001
met	   0.0	 -60.0	1.122875e-005	1.139703e+001
met	  10.0	 -60.0	8.719023e-006	1.165000e+001
met	  20.0	 -60.0	8.695701e-006	1.165268e+001
met	  30.0	 -60.0	1.053821e-005	1.146050e+001
met	  40.0	 -60.0	1.402109e-005	1.117495e+001
met	  50.0	 -60.0	1.858776e-005	1.089301e+001
met	  60.0	 -60.0	2.320902e-005	1.067097e+001
met	  70.0	 -60.0	2.652437e-005	1.053745e+001
met	  80.0	 -60.0	2.738927e-005	1.050536e+001
met	  90.0	 -60.0	2.552010e-005	1.057604e+001
met	 100.0	 -60.0	2.161307e-005	1.074221e+001
met	 110.0	 -60.0	1.684346e-005	1.099155e+001
met	 120.0	 -60.0	1.227911e-005	1.130761e+001
met	 130.0	 -60.0	8.619849e-006	1.166144e+001
met	 140.0	 -60.0	6.253240e-006	1.198241e+001
met	 150.0	 -60.0	5.475483e-006	1.211523e+001
met	 160.0	 -60.0	6.771298e-006	1.190282e+001
met	 170.0	 -60.0	1.105988e-005	1.141219e+001
met	-180.0	 -50.0	2.055541e-005	1.079239e+001
met	-170.0	 -50.0	3.628054e-005	1.022423e+001
met	-160.0	 -50.0	6.029091e-005	9.716329e+000
met	-150.0	 -50.0	9.424241e-005	9.269640e+000
met	-140.0	 -50.0	1.426688e-004	8.854985e+000
met	-130.0	 -50.0	2.190010e-004	8.426434e+000
met	-120.0	 -50.0	3.503050e-004	7.956706e+000
met	-110.0	 -50.0	5.753681e-004	7.460501e+000
met	-100.0	 -50.0	9.235353e-004	6.987302e+000
met	 -90.0	 -50.0	1.433741e-003	6.547468e+000
met	 -80.0	 -50.0	2.489491e-003	5.995677e+000
met	 -70.0	 -50.0	4.554723e-003	5.391590e+000
met	 -60.0	 -50.0	5.950450e-003	5.124288e+000
met	 -50.0	 -50.0	4.477611e-003	5.408666e+000
met	 -40.0	 -50.0	1.948868e-003	6.240506e+000
met	 -30.0	 -50.0	5.286483e-004	7.545187e+000
met	 -20.0	 -50.0	1.012608e-004	9.197811e+000
met	 -10.0	 -50.0	2.195884e-005	1.072634e+001
met	   0.0	 -50.0	9.682489e-006	1.154519e+001
met	  10.0	 -50.0	7.224128e-006	1.183808e+001
met	  20.0	 -50.0	7.199346e-006	1.184152e+001
met	  30.0	 -50.0	8.974268e-006	1.162115e+001
met	  40.0	 -50.0	1.258863e-005	1.128272e+001
met	  50.0	 -50.0	1.779440e-005	1.093663e+001
met	  60.0	 -50.0	2.355522e-005	1.065616e+001
met	  70.0	 -50.0	2.797130e-005	1.048433e+001
met	  80.0	 -50.0	2.925227e-005	1.043955e+001
met	  90.0	 -50.0	2.704428e-005	1.051803e+001
met	 100.0	 -50.0	2.253907e-005	1.070026e+001
met	 110.0	 -50.0	1.736137e-005	1.096126e+001
met	 120.0	 -50.0	1.264793e-005	1.127802e+001
met	 130.0	 -50.0	8.953453e-006	1.162347e+001
met	 140.0	 -50.0	6.550849e-006	1.193592e+001
met	 150.0	 -50.0	5.723105e-006	1.207100e+001
met	 160.0	 -50.0	7.009912e-006	1.186819e+001
met	 170.0	 -50.0	1.142855e-005	1.137940e+001
met	-180.0	 -40.0	2.025011e-005	1.080735e+001
met	-170.0	 -40.0	3.607888e-005	1.022980e+001
met	-160.0	 -40.0	6.100981e-005	9.704476e+000
met	-150.0	 -40.0	9.882494e-005	9.222161e+000
met	-140.0	 -40.0	1.616218e-004	8.730251e+000
met	-130.0	 -40.0	2.823972e-004	8.172196e+000
met	-120.0	 -40.0	5.197698e-004	7.562125e+000
met	-110.0	 -40.0	9.526232e-004	6.956291e+000
met	-100.0	 -40.0	1.666497e-003	6.397032e+000
met	 -90.0	 -40.0	2.834843e-003	5.865769e+000
met	 -80.0	 -40.0	5.636475e-003	5.178496e+000
met	 -70.0	 -40.0	1.106367e-002	4.504088e+000
met	 -60.0	 -40.0	1.349620e-002	4.305347e+000
met	 -50.0	 -40.0	8.512915e-003	4.766171e+000
met	 -40.0	 -40.0	2.929709e-003	5.832852e+000
met	 -30.0	 -40.0	6.333695e-004	7.364457e+000
met	 -20.0	 -40.0	9.643395e-005	9.246652e+000
met	 -10.0	 -40.0	1.684725e-005	1.099132e+001
met	   0.0	 -40.0	7.136033e-006	1.185035e+001
met	  10.0	 -40.0	5.486774e-006	1.211317e+001
met	  20.0	 -40.0	5.795897e-006	1.205836e+001
met	  30.0	 -40.0	8.020605e-006	1.173350e+001
met	  40.0	 -40.0	1.288400e-005	1.125952e+001
met	  50.0	 -40.0	2.076156e-005	1.078241e+001
met	  60.0	 -40.0	3.018757e-005	1.040808e+001
met	  70.0	 -40.0	3.732991e-005	1.019572e+001
met	  80.0	 -40.0	3.857986e-005	1.016278e+001
met	  90.0	 -40.0	3.387326e-005	1.029288e+001
met	 100.0	 -40.0	2.630003e-005	1.054594e+001
met	 110.0	 -40.0	1.897191e-005	1.087255e+001
met	 120.0	 -40.0	1.324963e-005	1.123154e+001
met	 130.0	 -40.0	9.222187e-006	1.159390e+001
met	 140.0	 -40.0	6.715706e-006	1.191106e+001
met	 150.0	 -40.0	5.802904e-006	1.205715e+001
met	 160.0	 -40.0	6.969638e-006	1.187395e+001
met	 170.0	 -40.0	1.124068e-005	1.139597e+001
met	-180.0	 -30.0	1.933387e-005	1.085365e+001
met	-170.0	 -30.0	3.496055e-005	1.026129e+001
met	-160.0	 -30.0	6.088991e-005	9.706443e+000
met	-150.0	 -30.0	1.037595e-004	9.173435e+000
met	-140.0	 -30.0	1.853587e-004	8.593218e+000
met	-130.0	 -30.0	3.681520e-004	7.907015e+000
met	-120.0	 -30.0	7.649336e-004	7.175721e+000
met	-110.0	 -30.0	1.518989e-003	6.489710e+000
met	-100.0	 -30.0	2.813965e-003	5.873161e+000
met	 -90.0	 -30.0	5.133447e-003	5.271978e+000
met	 -80.0	 -30.0	1.050732e-002	4.555683e+000
met	 -70.0	 -30.0	1.911676e-002	3.957190e+000
met	 -60.0	 -30.0	2.012244e-002	3.905920e+000
met	 -50.0	 -30.0	1.031724e-002	4.573939e+000
met	 -40.0	 -30.0	2.737341e-003	5.900768e+000
met	 -30.0	 -30.0	4.613591e-004	7.681334e+000
met	 -20.0	 -30.0	5.780295e-005	9.758471e+000
met	 -10.0	 -30.0	9.497212e-006	1.156451e+001
met	   0.0	 -30.0	4.607662e-006	1.228779e+001
met	  10.0	 -30.0	3.979359e-006	1.243439e+001
met	  20.0	 -30.0	4.991649e-006	1.220774e+001
met	  30.0	 -30.0	8.829223e-006	1.163744e+001
met	  40.0	 -30.0	1.794242e-005	1.092834e+001
met	  50.0	 -30.0	3.408414e-005	1.028668e+001
met	  60.0	 -30.0	5.379109e-005	9.830403e+000
met	  70.0	 -30.0	6.715771e-005	9.608467e+000
met	  80.0	 -30.0	6.615166e-005	9.623561e+000
met	  90.0	 -30.0	5.298452e-005	9.845511e+000
met	 100.0	 -30.0	3.645833e-005	1.021934e+001
met	 110.0	 -30.0	2.316539e-005	1.067285e+001
met	 120.0	 -30.0	1.459652e-005	1.113473e+001
met	 130.0	 -30.0	9.557685e-006	1.155817e+001
met	 140.0	 -30.0	6.764751e-006	1.190379e+001
met	 150.0	 -30.0	5.731065e-006	1.206961e+001
met	 160.0	 -30.0	6.731895e-006	1.190865e+001
met	 170.0	 -30.0	1.071565e-005	1.144381e+001
met	-180.0	 -20.0	1.906742e-005	1.086753e+001
met	-170.0	 -20.0	3.588565e-005	1.023517e+001
met	-160.0	 -20.0	6.684677e-005	9.613108e+000
met	-150.0	 -20.0	1.232442e-004	9.001343e+000
met	-140.0	 -20.0	2.376348e-004	8.344776e+000
met	-130.0	 -20.0	5.181037e-004	7.565335e+000
met	-120.0	 -20.0	1.206495e-003	6.720036e+000
met	-110.0	 -20.0	2.636398e-003	5.938342e+000
met	-100.0	 -20.0	5.069258e-003	5.284561e+000
met	 -90.0	 -20.0	8.848563e-003	4.727500e+000
met	 -80.0	 -20.0	1.520009e-002	4.186454e+000
met	 -70.0	 -20.0	2.177835e-002	3.826839e+000
met	 -60.0	 -20.0	1.824178e-002	4.004041e+000
met	 -50.0	 -20.0	7.413254e-003	4.904486e+000
met	 -40.0	 -20.0	1.504889e-003	6.499036e+000
met	 -30.0	 -20.0	1.930661e-004	8.552478e+000
met	 -20.0	 -20.0	2.100601e-005	1.077070e+001
met	 -10.0	 -20.0	4.329002e-006	1.235017e+001
met	   0.0	 -20.0	2.828409e-006	1.277580e+001
met	  10.0	 -20.0	3.075578e-006	1.269202e+001
met	  20.0	 -20.0	5.529527e-006	1.210541e+001
met	  30.0	 -20.0	1.391339e-005	1.118266e+001
met	  40.0	 -20.0	3.523978e-005	1.025333e+001
met	  50.0	 -20.0	7.425214e-005	9.508044e+000
met	  60.0	 -20.0	1.199463e-004	9.028467e+000
met	  70.0	 -20.0	1.447268e-004	8.840662e+000
met	  80.0	 -20.0	1.318728e-004	8.933673e+000
met	  90.0	 -20.0	9.446830e-005	9.267246e+000
met	 100.0	 -20.0	5.667225e-005	9.778226e+000
met	 110.0	 -20.0	3.090977e-005	1.038444e+001
met	 120.0	 -20.0	1.685134e-005	1.099108e+001
met	 130.0	 -20.0	9.946829e-006	1.151826e+001
met	 140.0	 -20.0	6.684849e-006	1.191567e+001
met	 150.0	 -20.0	5.567363e-006	1.209859e+001
met	 160.0	 -20.0	6.515857e-006	1.194127e+001
met	 170.0	 -20.0	1.040052e-005	1.147365e+001
met	-180.0	 -10.0	2.128429e-005	1.075754e+001
met	-170.0	 -10.0	4.324102e-005	1.004872e+001
met	-160.0	 -10.0	8.930084e-005	9.323500e+000
met	-150.0	 -10.0	1.800184e-004	8.622452e+000
met	-140.0	 -10.0	3.626899e-004	7.921962e+000
met	-130.0	 -10.0	8.179168e-004	7.108750e+000
met	-120.0	 -10.0	2.029708e-003	6.199863e+000
met	-110.0	 -10.0	4.667483e-003	5.367135e+000
met	-100.0	 -10.0	8.635721e-003	4.751848e+000
met	 -90.0	 -10.0	1.241006e-002	4.389248e+000
met	 -80.0	 -10.0	1.524301e-002	4.183634e+000
met	 -70.0	 -10.0	1.564295e-002	4.157735e+000
met	 -60.0	 -10.0	9.899545e-003	4.615266e+000
met	 -50.0	 -10.0	3.107450e-003	5.773953e+000
met	 -40.0	 -10.0	4.809906e-004	7.639663e+000
met	 -30.0	 -10.0	4.651945e-005	9.975640e+000
met	 -20.0	 -10.0	5.202063e-006	1.216646e+001
met	 -10.0	 -10.0	1.994878e-006	1.312493e+001
met	   0.0	 -10.0	1.869084e-006	1.319006e+001
met	  10.0	 -10.0	3.120924e-006	1.267738e+001
met	  20.0	 -10.0	9.047647e-006	1.161301e+001
met	  30.0	 -10.0	2.978687e-005	1.042144e+001
met	  40.0	 -10.0	8.406126e-005	9.383965e+000
met	  50.0	 -10.0	1.817304e-004	8.612986e+000
met	  60.0	 -10.0	2.868040e-004	8.156712e+000
met	  70.0	 -10.0	3.256577e-004	8.029664e+000
met	  80.0	 -10.0	2.700412e-004	8.216936e+000
met	  90.0	 -10.0	1.710375e-004	8.673628e+000
met	 100.0	 -10.0	8.889927e-005	9.328007e+000
met	 110.0	 -10.0	4.154038e-005	1.008884e+001
met	 120.0	 -10.0	1.942596e-005	1.084890e+001
met	 130.0	 -10.0	1.014898e-005	1.149814e+001
met	 140.0	 -10.0	6.434846e-006	1.195378e+001
met	 150.0	 -10.0	5.412150e-006	1.212686e+001
met	 160.0	 -10.0	6.637550e-006	1.192277e+001
met	 170.0	 -10.0	1.107140e-005	1.141115e+001
met	-180.0	   0.0	2.728294e-005	1.050925e+001
met	-170.0	   0.0	5.952759e-005	9.729071e+000
met	-160.0	   0.0	1.324088e-004	8.929617e+000
met	-150.0	   0.0	2.810453e-004	8.176995e+000
met	-140.0	   0.0	5.756998e-004	7.459924e+000
met	-130.0	   0.0	1.293069e-003	6.650737e+000
met	-120.0	   0.0	3.140869e-003	5.763256e+000
met	-110.0	   0.0	6.741041e-003	4.999541e+000
met	-100.0	   0.0	1.083480e-002	4.524992e+000
met	 -90.0	   0.0	1.216061e-002	4.409553e+000
met	 -80.0	   0.0	1.021050e-002	4.584339e+000
met	 -70.0	   0.0	7.111782e-003	4.946002e+000
met	 -60.0	   0.0	3.349691e-003	5.698887e+000
met	 -50.0	   0.0	8.201594e-004	7.106012e+000
met	 -40.0	   0.0	1.002935e-004	9.207410e+000
met	 -30.0	   0.0	8.160405e-006	1.171622e+001
met	 -20.0	   0.0	1.527338e-006	1.339198e+001
met	 -10.0	   0.0	1.131298e-006	1.369214e+001
met	   0.0	   0.0	1.629096e-006	1.332749e+001
met	  10.0	   0.0	4.806533e-006	1.224553e+001
met	  20.0	   0.0	1.926512e-005	1.085721e+001
met	  30.0	   0.0	7.045321e-005	9.560562e+000
met	  40.0	   0.0	2.020533e-004	8.506979e+000
met	  50.0	   0.0	4.264477e-004	7.760021e+000
met	  60.0	   0.0	6.412473e-004	7.352095e+000
met	  70.0	   0.0	6.793005e-004	7.294447e+000
met	  80.0	   0.0	5.131342e-004	7.574973e+000
met	  90.0	   0.0	2.881723e-004	8.151952e+000
met	 100.0	   0.0	1.297772e-004	8.949692e+000
met	 110.0	   0.0	5.202974e-005	9.863695e+000
met	 120.0	   0.0	2.100809e-005	1.077060e+001
met	 130.0	   0.0	9.789525e-006	1.153420e+001
met	 140.0	   0.0	5.980052e-006	1.202708e+001
met	 150.0	   0.0	5.363423e-006	1.213591e+001
met	 160.0	   0.0	7.346569e-006	1.182128e+001
met	 170.0	   0.0	1.331640e-005	1.122651e+001
met	-180.0	  10.0	3.650157e-005	1.021816e+001
met	-170.0	  10.0	8.179781e-005	9.411260e+000
met	-160.0	  10.0	1.840728e-004	8.600179e+000
met	-150.0	  10.0	3.896392e-004	7.850289e+000
met	-140.0	  10.0	7.793640e-004	7.157032e+000
met	-130.0	  10.0	1.658126e-003	6.402067e+000
met	-120.0	  10.0	3.688586e-003	5.602512e+000
met	-110.0	  10.0	6.886723e-003	4.978160e+000
met	-100.0	  10.0	9.108102e-003	4.698591e+000
met	 -90.0	  10.0	8.032742e-003	4.824229e+000
met	 -80.0	  10.0	4.897821e-003	5.318965e+000
met	 -70.0	  10.0	2.326371e-003	6.063446e+000
met	 -60.0	  10.0	8.219724e-004	7.103804e+000
met	 -50.0	  10.0	1.714751e-004	8.671072e+000
met	 -40.0	  10.0	2.073489e-005	1.078369e+001
met	 -30.0	  10.0	2.597583e-006	1.286093e+001
met	 -20.0	  10.0	9.520646e-007	1.386463e+001
met	 -10.0	  10.0	9.046513e-007	1.391572e+001
met	   0.0	  10.0	2.171018e-006	1.304031e+001
met	  10.0	  10.0	9.354875e-006	1.157961e+001
met	  20.0	  10.0	4.177515e-005	1.008321e+001
met	  30.0	  10.0	1.534590e-004	8.782077e+000
met	  40.0	  10.0	4.251614e-004	7.763042e+000
met	  50.0	  10.0	8.504075e-004	7.069795e+000
met	  60.0	  10.0	1.198677e-003	6.726537e+000
met	  70.0	  10.0	1.179969e-003	6.742267e+000
met	  80.0	  10.0	8.184670e-004	7.108077e+000
met	  90.0	  10.0	4.141954e-004	7.789173e+000
met	 100.0	  10.0	1.642842e-004	8.713913e+000
met	 110.0	  10.0	5.721237e-005	9.768741e+000
met	 120.0	  10.0	2.025954e-005	1.080688e+001
met	 130.0	  10.0	8.654450e-006	1.165744e+001
met	 140.0	  10.0	5.347353e-006	1.213891e+001
met	 150.0	  10.0	5.448718e-006	1.212013e+001
met	 160.0	  10.0	8.611888e-006	1.166237e+001
met	 170.0	  10.0	1.700565e-005	1.098196e+001
met	-180.0	  20.0	4.664479e-005	9.972949e+000
met	-170.0	  20.0	1.037189e-004	9.173827e+000
met	-160.0	  20.0	2.260517e-004	8.394747e+000
met	-150.0	  20.0	4.582630e-004	7.688067e+000
met	-140.0	  20.0	8.558854e-004	7.063374e+000
met	-130.0	  20.0	1.603101e-003	6.435816e+000
met	-120.0	  20.0	3.039855e-003	5.795946e+000
met	-110.0	  20.0	4.814700e-003	5.336082e+000
met	-100.0	  20.0	5.300171e-003	5.240016e+000
met	 -90.0	  20.0	3.837670e-003	5.562890e+000
met	 -80.0	  20.0	1.920170e-003	6.255342e+000
met	 -70.0	  20.0	7.314453e-004	7.220488e+000
met	 -60.0	  20.0	2.208490e-004	8.418031e+000
met	 -50.0	  20.0	5.059139e-005	9.891729e+000
met	 -40.0	  20.0	1.042038e-005	1.147175e+001
met	 -30.0	  20.0	2.746244e-006	1.280528e+001
met	 -20.0	  20.0	1.080888e-006	1.373773e+001
met	 -10.0	  20.0	1.085880e-006	1.373312e+001
met	   0.0	  20.0	3.649083e-006	1.252103e+001
met	  10.0	  20.0	1.777536e-005	1.093770e+001
met	  20.0	  20.0	7.930819e-005	9.442169e+000
met	  30.0	  20.0	2.793796e-004	8.182939e+000
met	  40.0	  20.0	7.277184e-004	7.225596e+000
met	  50.0	  20.0	1.352727e-003	6.605633e+000
met	  60.0	  20.0	1.761433e-003	6.341628e+000
met	  70.0	  20.0	1.598372e-003	6.438770e+000
met	  80.0	  20.0	1.020124e-003	6.887831e+000
met	  90.0	  20.0	4.720531e-004	7.658419e+000
met	 100.0	  20.0	1.690874e-004	8.685095e+000
met	 110.0	  20.0	5.266331e-005	9.851592e+000
met	 120.0	  20.0	1.691488e-005	1.098732e+001
met	 130.0	  20.0	6.959811e-006	1.187536e+001
met	 140.0	  20.0	4.653960e-006	1.227779e+001
met	 150.0	  20.0	5.602820e-006	1.209224e+001
met	 160.0	  20.0	1.007434e-005	1.150552e+001
met	 170.0	  20.0	2.120716e-005	1.076117e+001
met	-180.0	  30.0	5.499629e-005	9.808245e+000
met	-170.0	  30.0	1.202677e-004	9.025790e+000
met	-160.0	  30.0	2.508673e-004	8.290586e+000
met	-150.0	  30.0	4.802894e-004	7.641122e+000
met	-140.0	  30.0	8.255480e-004	7.099463e+000
met	-130.0	  30.0	1.314456e-003	6.634333e+000
met	-120.0	  30.0	1.982657e-003	6.223318e+000
met	-110.0	  30.0	2.553109e-003	5.970444e+000
met	-100.0	  30.0	2.404449e-003	6.030435e+000
met	 -90.0	  30.0	1.565901e-003	6.459294e+000
met	 -80.0	  30.0	7.636378e-004	7.177417e+000
met	 -70.0	  30.0	3.170865e-004	8.056336e+000
met	 -60.0	  30.0	1.193013e-004	9.033858e+000
met	 -50.0	  30.0	4.113050e-005	1.009876e+001
met	 -40.0	  30.0	1.336750e-005	1.122268e+001
met	 -30.0	  30.0	4.210196e-006	1.237800e+001
met	 -20.0	  30.0	1.529141e-006	1.339080e+001
met	 -10.0	  30.0	1.564971e-006	1.336764e+001
met	   0.0	  30.0	5.892970e-006	1.204175e+001
met	  10.0	  30.0	2.875359e-005	1.045675e+001
met	  20.0	  30.0	1.228635e-004	9.004436e+000
met	  30.0	  30.0	4.067693e-004	7.807264e+000
met	  40.0	  30.0	9.835188e-004	6.924374e+000
met	  50.0	  30.0	1.681723e-003	6.387936e+000
met	  60.0	  30.0	2.003192e-003	6.213014e+000
met	  70.0	  30.0	1.660960e-003	6.400360e+000
met	  80.0	  30.0	9.716998e-004	6.936464e+000
met	  90.0	  30.0	4.142572e-004	7.789024e+000
met	 100.0	  30.0	1.373515e-004	8.892968e+000
met	 110.0	  30.0	3.996568e-005	1.012749e+001
met	 120.0	  30.0	1.237507e-005	1.129983e+001
met	 130.0	  30.0	5.288527e-006	1.214997e+001
met	 140.0	  30.0	4.068635e-006	1.241220e+001
met	 150.0	  30.0	5.734034e-006	1.206909e+001
met	 160.0	  30.0	1.126597e-005	1.139372e+001
met	 170.0	  30.0	2.468493e-005	1.060932e+001
met	-180.0	  40.0	5.938607e-005	9.731451e+000
met	-170.0	  40.0	1.282349e-004	8.961647e+000
met	-160.0	  40.0	2.584833e-004	8.260679e+000
met	-150.0	  40.0	4.712053e-004	7.660217e+000
met	-140.0	  40.0	7.569510e-004	7.186212e+000
met	-130.0	  40.0	1.063259e-003	6.846417e+000
met	-120.0	  40.0	1.308289e-003	6.639035e+000
met	-110.0	  40.0	1.371931e-003	6.591536e+000
met	-100.0	  40.0	1.165358e-003	6.754727e+000
met	 -90.0	  40.0	8.064218e-004	7.122904e+000
met	 -80.0	  40.0	4.956657e-004	7.609609e+000
met	 -70.0	  40.0	2.815379e-004	8.175243e+000
met	 -60.0	  40.0	1.397300e-004	8.875798e+000
met	 -50.0	  40.0	5.791688e-005	9.756502e+000
met	 -40.0	  40.0	2.015237e-005	1.081219e+001
met	 -30.0	  40.0	6.185968e-006	1.199323e+001
met	 -20.0	  40.0	2.096128e-006	1.307542e+001
met	 -10.0	  40.0	2.116569e-006	1.306571e+001
met	   0.0	  40.0	7.918915e-006	1.174626e+001
met	  10.0	  40.0	3.693588e-005	1.020633e+001
met	  20.0	  40.0	1.488728e-004	8.812419e+000
met	  30.0	  40.0	4.608597e-004	7.682417e+000
met	  40.0	  40.0	1.033498e-003	6.874806e+000
met	  50.0	  40.0	1.627218e-003	6.420883e+000
met	  60.0	  40.0	1.774908e-003	6.334007e+000
met	  70.0	  40.0	1.344998e-003	6.611362e+000
met	  80.0	  40.0	7.224524e-004	7.232859e+000
met	  90.0	  40.0	2.868292e-004	8.156624e+000
met	 100.0	  40.0	9.094780e-005	9.305225e+000
met	 110.0	  40.0	2.641118e-005	1.054172e+001
met	 120.0	  40.0	8.651393e-006	1.165779e+001
met	 130.0	  40.0	4.162950e-006	1.238929e+001
met	 140.0	  40.0	3.724726e-006	1.250052e+001
met	 150.0	  40.0	5.814031e-006	1.205524e+001
met	 160.0	  40.0	1.190230e-005	1.133878e+001
met	 170.0	  40.0	2.651969e-005	1.053762e+001
met	-180.0	  50.0	5.903016e-005	9.737462e+000
met	-170.0	  50.0	1.264765e-004	8.975454e+000
met	-160.0	  50.0	2.505176e-004	8.291981e+000
met	-150.0	  50.0	4.436064e-004	7.720573e+000
met	-140.0	  50.0	6.830933e-004	7.288879e+000
met	-130.0	  50.0	8.980497e-004	7.015285e+000
met	-120.0	  50.0	1.006175e-003	6.901599e+000
met	-110.0	  50.0	9.830265e-004	6.924874e+000
met	-100.0	  50.0	8.798415e-004	7.035769e+000
met	 -90.0	  50.0	7.505822e-004	7.194661e+000
met	 -80.0	  50.0	5.899207e-004	7.435522e+000
met	 -70.0	  50.0	3.917029e-004	7.845007e+000
met	 -60.0	  50.0	2.067241e-004	8.484126e+000
met	 -50.0	  50.0	8.567948e-005	9.364897e+000
met	 -40.0	  50.0	2.859067e-005	1.046243e+001
met	 -30.0	  50.0	8.192284e-006	1.171232e+001
met	 -20.0	  50.0	2.576150e-006	1.286921e+001
met	 -10.0	  50.0	2.438049e-006	1.292431e+001
met	   0.0	  50.0	8.394171e-006	1.168797e+001
met	  10.0	  50.0	3.635984e-005	1.022205e+001
met	  20.0	  50.0	1.373099e-004	8.893270e+000
met	  30.0	  50.0	3.986150e-004	7.827515e+000
met	  40.0	  50.0	8.357466e-004	7.087185e+000
met	  50.0	  50.0	1.225438e-003	6.704457e+000
met	  60.0	  50.0	1.241192e-003	6.691683e+000
met	  70.0	  50.0	8.738090e-004	7.042649e+000
met	  80.0	  50.0	4.400452e-004	7.728633e+000
met	  90.0	  50.0	1.682863e-004	8.689844e+000
met	 100.0	  50.0	5.429834e-005	9.821017e+000
met	 110.0	  50.0	1.732218e-005	1.096352e+001
met	 120.0	  50.0	6.593495e-006	1.192943e+001
met	 130.0	  50.0	3.691839e-006	1.250939e+001
met	 140.0	  50.0	3.661353e-006	1.251768e+001
met	 150.0	  50.0	5.893390e-006	1.204168e+001
met	 160.0	  50.0	1.199501e-005	1.133102e+001
met	 170.0	  50.0	2.649427e-005	1.053858e+001
met	-180.0	  60.0	5.522586e-005	9.804079e+000
met	-170.0	  60.0	1.181121e-004	9.043877e+000
met	-160.0	  60.0	2.345462e-004	8.357858e+000
met	-150.0	  60.0	4.149521e-004	7.787347e+000
met	-140.0	  60.0	6.332047e-004	7.364717e+000
met	-130.0	  60.0	8.197594e-004	7.106500e+000
met	-120.0	  60.0	9.151111e-004	6.996465e+000
met	-110.0	  60.0	9.408948e-004	6.968679e+000
met	-100.0	  60.0	9.607269e-004	6.947820e+000
met	 -90.0	  60.0	9.520906e-004	6.956850e+000
met	 -80.0	  60.0	8.188162e-004	7.107651e+000
met	 -70.0	  60.0	5.580439e-004	7.491073e+000
met	 -60.0	  60.0	2.907051e-004	8.143201e+000
met	 -50.0	  60.0	1.160467e-004	9.061518e+000
met	 -40.0	  60.0	3.659480e-005	1.021560e+001
met	 -30.0	  60.0	9.784343e-006	1.153473e+001
met	 -20.0	  60.0	2.871576e-006	1.276065e+001
met	 -10.0	  60.0	2.424379e-006	1.292994e+001
met	   0.0	  60.0	7.105765e-006	1.185460e+001
met	  10.0	  60.0	2.748277e-005	1.050195e+001
met	  20.0	  60.0	9.608377e-005	9.250290e+000
met	  30.0	  60.0	2.623271e-004	8.245918e+000
met	  40.0	  60.0	5.201189e-004	7.561453e+000
met	  50.0	  60.0	7.228705e-004	7.232281e+000
met	  60.0	  60.0	6.964018e-004	7.269584e+000
met	  70.0	  60.0	4.705723e-004	7.661561e+000
met	  80.0	  60.0	2.326326e-004	8.366050e+000
met	  90.0	  60.0	9.167310e-005	9.297282e+000
met	 100.0	  60.0	3.294293e-005	1.032073e+001
met	 110.0	  60.0	1.253412e-005	1.128706e+001
met	 120.0	  60.0	5.722452e-006	1.207111e+001
met	 130.0	  60.0	3.666798e-006	1.251619e+001
met	 140.0	  60.0	3.839287e-006	1.247022e+001
met	 150.0	  60.0	6.049208e-006	1.201558e+001
met	 160.0	  60.0	1.177661e-005	1.134940e+001
met	 170.0	  60.0	2.515811e-005	1.059033e+001
met	-180.0	  70.0	5.094480e-005	9.884768e+000
met	-170.0	  70.0	1.097866e-004	9.116972e+000
met	-160.0	  70.0	2.228360e-004	8.409075e+000
met	-150.0	  70.0	4.042745e-004	7.813416e+000
met	-140.0	  70.0	6.306529e-004	7.368755e+000
met	-130.0	  70.0	8.340170e-004	7.089257e+000
met	-120.0	  70.0	9.634632e-004	6.944976e+000
met	-110.0	  70.0	1.054743e-003	6.854458e+000
met	-100.0	  70.0	1.161565e-003	6.757987e+000
met	 -90.0	  70.0	1.208311e-003	6.718532e+000
met	 -80.0	  70.0	1.050481e-003	6.858507e+000
met	 -70.0	  70.0	7.052997e-004	7.256888e+000
met	 -60.0	  70.0	3.565244e-004	7.939108e+000
met	 -50.0	  70.0	1.370226e-004	8.895365e+000
met	 -40.0	  70.0	4.167291e-005	1.008566e+001
met	 -30.0	  70.0	1.094929e-005	1.142224e+001
met	 -20.0	  70.0	3.210298e-006	1.264915e+001
met	 -10.0	  70.0	2.316056e-006	1.297564e+001
met	   0.0	  70.0	5.219594e-006	1.216309e+001
met	  10.0	  70.0	1.684177e-005	1.099165e+001
met	  20.0	  70.0	5.276855e-005	9.849595e+000
met	  30.0	  70.0	1.344642e-004	8.914213e+000
met	  40.0	  70.0	2.540468e-004	8.277992e+000
met	  50.0	  70.0	3.409113e-004	7.983888e+000
met	  60.0	  70.0	3.216906e-004	8.041920e+000
met	  70.0	  70.0	2.180091e-004	8.430974e+000
met	  80.0	  70.0	1.128298e-004	9.089630e+000
met	  90.0	  70.0	4.978305e-005	9.907836e+000
met	 100.0	  70.0	2.141028e-005	1.075164e+001
met	 110.0	  70.0	9.918472e-006	1.152111e+001
met	 120.0	  70.0	5.352279e-006	1.213799e+001
met	 130.0	  70.0	3.860009e-006	1.246484e+001
met	 140.0	  70.0	4.188045e-006	1.238328e+001
met	 150.0	  70.0	6.339387e-006	1.196873e+001
met	 160.0	  70.0	1.159207e-005	1.136519e+001
met	 170.0	  70.0	2.362507e-005	1.065320e+001
met	-180.0	  80.0	4.970190e-005	9.909467e+000
met	-170.0	  80.0	1.086488e-004	9.127390e+000
met	-160.0	  80.0	2.260081e-004	8.394940e+000
met	-150.0	  80.0	4.210626e-004	7.772729e+000
met	-140.0	  80.0	6.743181e-004	7.301809e+000
met	-130.0	  80.0	9.172544e-004	6.994126e+000
met	-120.0	  80.0	1.094454e-003	6.817500e+000
met	-110.0	  80.0	1.235040e-003	6.696652e+000
met	-100.0	  80.0	1.378831e-003	6.586520e+000
met	 -90.0	  80.0	1.424180e-003	6.554159e+000
met	 -80.0	  80.0	1.211976e-003	6.715503e+000
met	 -70.0	  80.0	7.889772e-004	7.144773e+000
met	 -60.0	  80.0	3.854435e-004	7.861116e+000
met	 -50.0	  80.0	1.453985e-004	8.836032e+000
met	 -40.0	  80.0	4.596713e-005	9.987584e+000
met	 -30.0	  80.0	1.386998e-005	1.118578e+001
met	 -20.0	  80.0	4.681907e-006	1.227181e+001
met	 -10.0	  80.0	2.641294e-006	1.284424e+001
met	   0.0	  80.0	3.892730e-006	1.245640e+001
met	  10.0	  80.0	9.517626e-006	1.156237e+001
met	  20.0	  80.0	2.503015e-005	1.059543e+001
met	  30.0	  80.0	5.763973e-005	9.761299e+000
met	  40.0	  80.0	1.031751e-004	9.179083e+000
met	  50.0	  80.0	1.355387e-004	8.906253e+000
met	  60.0	  80.0	1.293096e-004	8.953301e+000
met	  70.0	  80.0	9.256935e-005	9.287552e+000
met	  80.0	  80.0	5.381179e-005	9.830018e+000
met	  90.0	  80.0	2.839658e-005	1.046924e+001
met	 100.0	  80.0	1.496012e-005	1.111012e+001
met	 110.0	  80.0	8.303126e-006	1.169888e+001
met	 120.0	  80.0	5.191237e-006	1.216854e+001
met	 130.0	  80.0	4.146419e-006	1.239327e+001
met	 140.0	  80.0	4.626176e-006	1.228378e+001
met	 150.0	  80.0	6.780232e-006	1.190150e+001
met	 160.0	  80.0	1.180150e-005	1.134728e+001
met	 170.0	  80.0	2.322692e-005	1.067020e+001
met	-180.0	  90.0	5.475863e-005	9.812576e+000
met	-170.0	  90.0	1.212467e-004	9.017684e+000
met	-160.0	  90.0	2.530915e-004	8.281760e+000
met	-150.0	  90.0	4.710598e-004	7.660525e+000
met	-140.0	  90.0	7.561964e-004	7.187209e+000
met	-130.0	  90.0	1.039652e-003	6.868869e+000
met	-120.0	  90.0	1.260887e-003	6.675940e+000
met	-110.0	  90.0	1.438167e-003	6.544386e+000
met	-100.0	  90.0	1.601247e-003	6.436972e+000
met	 -90.0	  90.0	1.637736e-003	6.414440e+000
met	 -80.0	  90.0	1.377379e-003	6.587573e+000
met	 -70.0	  90.0	8.846461e-004	7.030323e+000
met	 -60.0	  90.0	4.321576e-004	7.746720e+000
met	 -50.0	  90.0	1.740107e-004	8.656394e+000
met	 -40.0	  90.0	6.671207e-005	9.615125e+000
met	 -30.0	  90.0	2.617276e-005	1.055079e+001
met	 -20.0	  90.0	1.003578e-005	1.150935e+001
met	 -10.0	  90.0	4.237230e-006	1.237160e+001
met	   0.0	  90.0	3.494904e-006	1.256420e+001
met	  10.0	  90.0	5.945003e-006	1.203296e+001
met	  20.0	  90.0	1.230115e-005	1.130582e+001
met	  30.0	  90.0	2.420693e-005	1.062887e+001
met	  40.0	  90.0	3.996140e-005	1.012760e+001
met	  50.0	  90.0	5.159367e-005	9.872112e+000
met	  60.0	  90.0	5.135983e-005	9.876654e+000
met	  70.0	  90.0	4.093184e-005	1.010360e+001
met	  80.0	  90.0	2.816911e-005	1.047728e+001
met	  90.0	  90.0	1.811815e-005	1.091860e+001
met	 100.0	  90.0	1.145404e-005	1.137717e+001
met	 110.0	  90.0	7.382902e-006	1.181634e+001
met	 120.0	  90.0	5.192344e-006	1.216833e+001
met	 130.0	  90.0	4.460091e-006	1.232034e+001
met	 140.0	  90.0	5.062594e-006	1.219363e+001
met	 150.0	  90.0	7.332497e-006	1.182319e+001
met	 160.0	  90.0	1.266306e-005	1.127682e+001
met	 170.0	  90.0	2.514247e-005	1.059095e+001
met	-180.0	 100.0	6.917800e-005	9.578828e+000
met	-170.0	 100.0	1.545596e-004	8.774931e+000
met	-160.0	 100.0	3.154031e-004	8.061659e+000
met	-150.0	 100.0	5.670722e-004	7.475024e+000
met	-140.0	 100.0	8.851063e-004	7.029803e+000
met	-130.0	 100.0	1.202018e-003	6.723754e+000
met	-120.0	 100.0	1.460121e-003	6.529236e+000
met	-110.0	 100.0	1.679007e-003	6.389553e+000
met	-100.0	 100.0	1.901463e-003	6.265132e+000
met	 -90.0	 100.0	2.022340e-003	6.203500e+000
met	 -80.0	 100.0	1.811385e-003	6.313663e+000
met	 -70.0	 100.0	1.269415e-003	6.669199e+000
met	 -60.0	 100.0	7.114524e-004	7.248202e+000
met	 -50.0	 100.0	3.483715e-004	7.962241e+000
met	 -40.0	 100.0	1.569285e-004	8.759720e+000
met	 -30.0	 100.0	6.407771e-005	9.655414e+000
met	 -20.0	 100.0	2.317549e-005	1.067242e+001
met	 -10.0	 100.0	7.895984e-006	1.174916e+001
met	   0.0	 100.0	3.909901e-006	1.245200e+001
met	  10.0	 100.0	4.501812e-006	1.231103e+001
met	  20.0	 100.0	7.461780e-006	1.180572e+001
met	  30.0	 100.0	1.240317e-005	1.129756e+001
met	  40.0	 100.0	1.849316e-005	1.089811e+001
met	  50.0	 100.0	2.336894e-005	1.066410e+001
met	  60.0	 100.0	2.464069e-005	1.061111e+001
met	  70.0	 100.0	2.222692e-005	1.071421e+001
met	  80.0	 100.0	1.795144e-005	1.092784e+001
met	  90.0	 100.0	1.351599e-005	1.121164e+001
met	 100.0	 100.0	9.764382e-006	1.153677e+001
met	 110.0	 100.0	7.006797e-006	1.186863e+001
met	 120.0	 100.0	5.327123e-006	1.214270e+001
met	 130.0	 100.0	4.751486e-006	1.225705e+001
met	 140.0	 100.0	5.418652e-006	1.212566e+001
met	 150.0	 100.0	7.926037e-006	1.174536e+001
met	 160.0	 100.0	1.429641e-005	1.115550e+001
met	 170.0	 100.0	3.028492e-005	1.040486e+001
met	-180.0	 110.0	9.752617e-005	9.235390e+000
met	-170.0	 110.0	2.195492e-004	8.423934e+000
met	-160.0	 110.0	4.323206e-004	7.746343e+000
met	-150.0	 110.0	7.363963e-004	7.213742e+000
met	-140.0	 110.0	1.094292e-003	6.817648e+000
met	-130.0	 110.0	1.442629e-003	6.541288e+000
met	-120.0	 110.0	1.738470e-003	6.354750e+000
met	-110.0	 110.0	2.019098e-003	6.205105e+000
met	-100.0	 110.0	2.378193e-003	6.041414e+000
met	 -90.0	 110.0	2.790950e-003	5.881373e+000
met	 -80.0	 110.0	2.947294e-003	5.826868e+000
met	 -70.0	 110.0	2.578942e-003	5.960376e+000
met	 -60.0	 110.0	1.854015e-003	6.290402e+000
met	 -50.0	 110.0	1.060576e-003	6.848943e+000
met	 -40.0	 110.0	4.578039e-004	7.689070e+000
met	 -30.0	 110.0	1.550998e-004	8.771442e+000
met	 -20.0	 110.0	4.592496e-005	9.988502e+000
met	 -10.0	 110.0	1.305639e-005	1.124623e+001
met	   0.0	 110.0	4.690004e-006	1.227008e+001
met	  10.0	 110.0	3.875426e-006	1.246085e+001
met	  20.0	 110.0	5.537561e-006	1.210396e+001
met	  30.0	 110.0	8.318915e-006	1.169698e+001
met	  40.0	 110.0	1.157525e-005	1.136664e+001
met	  50.0	 110.0	1.440192e-005	1.114815e+001
met	  60.0	 110.0	1.585526e-005	1.105201e+001
met	  70.0	 110.0	1.558280e-005	1.106934e+001
met	  80.0	 110.0	1.393266e-005	1.118128e+001
met	  90.0	 110.0	1.155725e-005	1.136820e+001
met	 100.0	 110.0	9.079659e-006	1.160947e+001
met	 110.0	 110.0	6.968988e-006	1.187404e+001
met	 120.0	 110.0	5.533364e-006	1.210471e+001
met	 130.0	 110.0	4.994687e-006	1.220714e+001
met	 140.0	 110.0	5.679331e-006	1.207868e+001
met	 150.0	 110.0	8.571742e-006	1.166704e+001
met	 160.0	 110.0	1.693613e-005	1.098606e+001
met	 170.0	 110.0	3.996741e-005	1.012745e+001
met	-180.0	 120.0	1.506638e-004	8.800459e+000
met	-170.0	 120.0	3.431753e-004	7.977269e+000
met	-160.0	 120.0	6.602568e-004	7.322882e+000
met	-150.0	 120.0	1.078612e-003	6.832080e+000
met	-140.0	 120.0	1.523133e-003	6.486986e+000
met	-130.0	 120.0	1.912461e-003	6.259364e+000
met	-120.0	 120.0	2.232919e-003	6.104446e+000
met	-110.0	 120.0	2.575500e-003	5.961712e+000
met	-100.0	 120.0	3.123432e-003	5.768823e+000
met	 -90.0	 120.0	4.074116e-003	5.503101e+000
met	 -80.0	 120.0	5.235528e-003	5.252288e+000
met	 -70.0	 120.0	5.807503e-003	5.148605e+000
met	 -60.0	 120.0	4.993877e-003	5.299543e+000
met	 -50.0	 120.0	2.968190e-003	5.819803e+000
met	 -40.0	 120.0	1.155529e-003	6.763197e+000
met	 -30.0	 120.0	3.190596e-004	8.050133e+000
met	 -20.0	 120.0	7.432091e-005	9.507118e+000
met	 -10.0	 120.0	1.735511e-005	1.096162e+001
met	   0.0	 120.0	5.107324e-006	1.218483e+001
met	  10.0	 120.0	3.426026e-006	1.258411e+001
met	  20.0	 120.0	4.515087e-006	1.230809e+001
met	  30.0	 120.0	6.530529e-006	1.193902e+001
met	  40.0	 120.0	8.881230e-006	1.163157e+001
met	  50.0	 120.0	1.105059e-005	1.141303e+001
met	  60.0	 120.0	1.249681e-005	1.129004e+001
met	  70.0	 120.0	1.287209e-005	1.126045e+001
met	  80.0	 120.0	1.216838e-005	1.131667e+001
met	  90.0	 120.0	1.067216e-005	1.144787e+001
met	 100.0	 120.0	8.818850e-006	1.163862e+001
met	 110.0	 120.0	7.051308e-006	1.186230e+001
met	 120.0	 120.0	5.740957e-006	1.206788e+001
met	 130.0	 120.0	5.208166e-006	1.216528e+001
met	 140.0	 120.0	5.956585e-006	1.203101e+001
met	 150.0	 120.0	9.587981e-006	1.155500e+001
met	 160.0	 120.0	2.163175e-005	1.074135e+001
met	 170.0	 120.0	5.779759e-005	9.758563e+000
met	-180.0	 130.0	2.501835e-004	8.293316e+000
met	-170.0	 130.0	5.815667e-004	7.449785e+000
met	-160.0	 130.0	1.132183e-003	6.783608e+000
met	-150.0	 130.0	1.855492e-003	6.289605e+000
met	-140.0	 130.0	2.543479e-003	5.974222e+000
met	-130.0	 130.0	2.967991e-003	5.819870e+000
met	-120.0	 130.0	3.188081e-003	5.748336e+000
met	-110.0	 130.0	3.511843e-003	5.651614e+000
met	-100.0	 130.0	4.312659e-003	5.446201e+000
met	 -90.0	 130.0	6.111674e-003	5.097555e+000
met	 -80.0	 130.0	8.920647e-003	4.719387e+000
met	 -70.0	 130.0	1.107360e-002	4.503191e+000
met	 -60.0	 130.0	9.909406e-003	4.614271e+000
met	 -50.0	 130.0	5.627060e-003	5.180168e+000
met	 -40.0	 130.0	1.972177e-003	6.228617e+000
met	 -30.0	 130.0	4.742811e-004	7.653710e+000
met	 -20.0	 130.0	9.354030e-005	9.277118e+000
met	 -10.0	 130.0	1.839538e-005	1.090341e+001
met	   0.0	 130.0	4.724297e-006	1.226279e+001
met	  10.0	 130.0	2.942934e-006	1.273610e+001
met	  20.0	 130.0	3.806823e-006	1.247872e+001
met	  30.0	 130.0	5.464103e-006	1.211731e+001
met	  40.0	 130.0	7.421205e-006	1.181117e+001
met	  50.0	 130.0	9.311375e-006	1.158427e+001
met	  60.0	 130.0	1.073518e-005	1.144198e+001
met	  70.0	 130.0	1.137198e-005	1.138436e+001
met	  80.0	 130.0	1.110789e-005	1.140786e+001
met	  90.0	 130.0	1.007547e-005	1.150541e+001
met	 100.0	 130.0	8.596098e-006	1.166420e+001
met	 110.0	 130.0	7.072368e-006	1.185932e+001
met	 120.0	 130.0	5.895887e-006	1.204126e+001
met	 130.0	 130.0	5.457913e-006	1.211844e+001
met	 140.0	 130.0	6.516524e-006	1.194117e+001
met	 150.0	 130.0	1.178108e-005	1.134902e+001
met	 160.0	 130.0	3.088469e-005	1.038525e+001
met	 170.0	 130.0	9.138863e-005	9.300389e+000
met	-180.0	 140.0	4.078924e-004	7.804507e+000
met	-170.0	 140.0	9.589129e-004	6.949710e+000
met	-160.0	 140.0	1.903392e-003	6.264118e+000
met	-150.0	 140.0	3.180367e-003	5.750759e+000
met	-140.0	 140.0	4.288374e-003	5.451848e+000
met	-130.0	 140.0	4.643097e-003	5.372374e+000
met	-120.0	 140.0	4.484227e-003	5.407189e+000
met	-110.0	 140.0	4.596785e-003	5.382398e+000
met	-100.0	 140.0	5.678143e-003	5.171131e+000
met	 -90.0	 140.0	8.565149e-003	4.760054e+000
met	 -80.0	 140.0	1.281863e-002	4.356856e+000
met	 -70.0	 140.0	1.527204e-002	4.181732e+000
met	 -60.0	 140.0	1.264501e-002	4.370493e+000
met	 -50.0	 140.0	6.527031e-003	5.031803e+000
met	 -40.0	 140.0	2.070190e-003	6.180115e+000
met	 -30.0	 140.0	4.589991e-004	7.686462e+000
met	 -20.0	 140.0	8.472462e-005	9.376104e+000
met	 -10.0	 140.0	1.527933e-005	1.108901e+001
met	   0.0	 140.0	3.717581e-006	1.250244e+001
met	  10.0	 140.0	2.462854e-006	1.291419e+001
met	  20.0	 140.0	3.286366e-006	1.262573e+001
met	  30.0	 140.0	4.729125e-006	1.226177e+001
met	  40.0	 140.0	6.434779e-006	1.195379e+001
met	  50.0	 140.0	8.124707e-006	1.172060e+001
met	  60.0	 140.0	9.474656e-006	1.156689e+001
met	  70.0	 140.0	1.019580e-005	1.149353e+001
met	  80.0	 140.0	1.014581e-005	1.149845e+001
met	  90.0	 140.0	9.391541e-006	1.157570e+001
met	 100.0	 140.0	8.192172e-006	1.171233e+001
met	 110.0	 140.0	6.919180e-006	1.188121e+001
met	 120.0	 140.0	5.971043e-006	1.202859e+001
met	 130.0	 140.0	5.817980e-006	1.205456e+001
met	 140.0	 140.0	7.628389e-006	1.178363e+001
met	 150.0	 140.0	1.593621e-005	1.104692e+001
met	 160.0	 140.0	4.686460e-005	9.968248e+000
met	 170.0	 140.0	1.461573e-004	8.830827e+000
met	-180.0	 150.0	5.677948e-004	7.473751e+000
met	-170.0	 150.0	1.311024e-003	6.636947e+000
met	-160.0	 150.0	2.567278e-003	5.964909e+000
met	-150.0	 150.0	4.245692e-003	5.461850e+000
met	-140.0	 150.0	5.579950e-003	5.188575e+000
met	-130.0	 150.0	5.708629e-003	5.165776e+000
met	-120.0	 150.0	5.086087e-003	5.281247e+000
met	-110.0	 150.0	4.866500e-003	5.325380e+000
met	-100.0	 150.0	5.889106e-003	5.134651e+000
met	 -90.0	 150.0	9.065920e-003	4.703233e+000
met	 -80.0	 150.0	1.334346e-002	4.316729e+000
met	 -70.0	 150.0	1.445530e-002	4.236694e+000
met	 -60.0	 150.0	1.039514e-002	4.566417e+000
met	 -50.0	 150.0	4.703600e-003	5.359427e+000
met	 -40.0	 150.0	1.362390e-003	6.598515e+000
met	 -30.0	 150.0	2.909754e-004	8.142272e+000
met	 -20.0	 150.0	5.372739e-005	9.831588e+000
met	 -10.0	 150.0	9.665647e-006	1.154693e+001
met	   0.0	 150.0	2.580618e-006	1.286748e+001
met	  10.0	 150.0	2.107940e-006	1.306980e+001
met	  20.0	 150.0	2.966010e-006	1.272829e+001
met	  30.0	 150.0	4.267008e-006	1.236460e+001
met	  40.0	 150.0	5.774120e-006	1.206212e+001
met	  50.0	 150.0	7.260443e-006	1.183307e+001
met	  60.0	 150.0	8.454738e-006	1.168078e+001
met	  70.0	 150.0	9.114170e-006	1.160568e+001
met	  80.0	 150.0	9.116499e-006	1.160542e+001
met	  90.0	 150.0	8.518752e-006	1.167324e+001
met	 100.0	 150.0	7.553730e-006	1.179347e+001
met	 110.0	 150.0	6.569173e-006	1.193312e+001
met	 120.0	 150.0	5.961352e-006	1.203021e+001
met	 130.0	 150.0	6.280969e-006	1.197799e+001
met	 140.0	 150.0	9.176312e-006	1.159889e+001
met	 150.0	 150.0	2.126540e-005	1.075843e+001
met	 160.0	 150.0	6.565052e-005	9.631165e+000
met	 170.0	 150.0	2.059687e-004	8.487786e+000
met	-180.0	 160.0	6.114146e-004	7.399735e+000
met	-170.0	 160.0	1.352442e-003	6.605843e+000
met	-160.0	 160.0	2.520649e-003	5.983239e+000
met	-150.0	 160.0	3.972666e-003	5.528318e+000
met	-140.0	 160.0	5.006757e-003	5.296967e+000
met	-130.0	 160.0	4.921748e-003	5.314091e+000
met	-120.0	 160.0	4.194422e-003	5.474000e+000
met	-110.0	 160.0	3.830122e-003	5.564859e+000
met	-100.0	 160.0	4.447132e-003	5.415496e+000
met	 -90.0	 160.0	6.606453e-003	5.019708e+000
met	 -80.0	 160.0	9.433681e-003	4.663469e+000
met	 -70.0	 160.0	9.570973e-003	4.649020e+000
met	 -60.0	 160.0	6.059746e-003	5.106087e+000
met	 -50.0	 160.0	2.371519e-003	6.044225e+000
met	 -40.0	 160.0	6.270557e-004	7.374475e+000
met	 -30.0	 160.0	1.317227e-004	8.934811e+000
met	 -20.0	 160.0	2.485660e-005	1.060239e+001
met	 -10.0	 160.0	4.787922e-006	1.224941e+001
met	   0.0	 160.0	1.800694e-006	1.322734e+001
met	  10.0	 160.0	2.001000e-006	1.312186e+001
met	  20.0	 160.0	2.934973e-006	1.273881e+001
met	  30.0	 160.0	4.176326e-006	1.238608e+001
met	  40.0	 160.0	5.544209e-006	1.210276e+001
met	  50.0	 160.0	6.824386e-006	1.189501e+001
met	  60.0	 160.0	7.783660e-006	1.176348e+001
met	  70.0	 160.0	8.242560e-006	1.170620e+001
met	  80.0	 160.0	8.142145e-006	1.171846e+001
met	  90.0	 160.0	7.576540e-006	1.179045e+001
met	 100.0	 160.0	6.781419e-006	1.190132e+001
met	 110.0	 160.0	6.085379e-006	1.200962e+001
met	 120.0	 160.0	5.866398e-006	1.204627e+001
met	 130.0	 160.0	6.701839e-006	1.191313e+001
met	 140.0	 160.0	1.047728e-005	1.146630e+001
met	 150.0	 160.0	2.478915e-005	1.060510e+001
met	 160.0	 160.0	7.537732e-005	9.493004e+000
met	 170.0	 160.0	2.297900e-004	8.378345e+000
met	-180.0	 170.0	4.891223e-004	7.622898e+000
met	-170.0	 170.0	1.025552e-003	6.882525e+000
met	-160.0	 170.0	1.793279e-003	6.323709e+000
met	-150.0	 170.0	2.638123e-003	5.937688e+000
met	-140.0	 170.0	3.146868e-003	5.761347e+000
met	-130.0	 170.0	2.991190e-003	5.812084e+000
met	-120.0	 170.0	2.491904e-003	5.994708e+000
met	-110.0	 170.0	2.223822e-003	6.108528e+000
met	-100.0	 170.0	2.476492e-003	6.000912e+000
met	 -90.0	 170.0	3.379882e-003	5.689915e+000
met	 -80.0	 170.0	4.511536e-003	5.401118e+000
met	 -70.0	 170.0	4.364864e-003	5.434168e+000
met	 -60.0	 170.0	2.580105e-003	5.959925e+000
met	 -50.0	 170.0	9.277966e-004	6.982698e+000
met	 -40.0	 170.0	2.317734e-004	8.369750e+000
met	 -30.0	 170.0	4.800671e-005	9.944170e+000
met	 -20.0	 170.0	9.234707e-006	1.159254e+001
met	 -10.0	 170.0	2.249037e-006	1.300501e+001
met	   0.0	 170.0	1.596868e-006	1.334747e+001
met	  10.0	 170.0	2.255325e-006	1.300222e+001
met	  20.0	 170.0	3.352992e-006	1.260566e+001
met	  30.0	 170.0	4.675395e-006	1.227320e+001
met	  40.0	 170.0	6.016936e-006	1.202093e+001
met	  50.0	 170.0	7.128532e-006	1.185141e+001
met	  60.0	 170.0	7.794575e-006	1.176208e+001
met	  70.0	 170.0	7.914105e-006	1.174686e+001
met	  80.0	 170.0	7.534009e-006	1.179608e+001
met	  90.0	 170.0	6.832263e-006	1.189385e+001
met	 100.0	 170.0	6.076944e-006	1.201101e+001
met	 110.0	 170.0	5.581819e-006	1.209600e+001
met	 120.0	 170.0	5.683008e-006	1.207803e+001
met	 130.0	 170.0	6.882119e-006	1.188658e+001
met	 140.0	 170.0	1.081474e-005	1.143460e+001
met	 150.0	 170.0	2.398230e-005	1.063819e+001
met	 160.0	 170.0	6.758272e-005	9.602158e+000
met	 170.0	 170.0	1.937807e-004	8.548783e+000
