phe	-180.0	-180.0	4.218230e-004	7.770925e+000
phe	-170.0	-180.0	9.876089e-004	6.920224e+000
phe	-160.0	-180.0	1.623263e-003	6.423317e+000
phe	-150.0	-180.0	1.920160e-003	6.255347e+000
phe	-140.0	-180.0	1.838767e-003	6.298660e+000
phe	-130.0	-180.0	1.652189e-003	6.405654e+000
phe	-120.0	-180.0	1.488457e-003	6.510015e+000
phe	-110.0	-180.0	1.318963e-003	6.630909e+000
phe	-100.0	-180.0	1.151817e-003	6.766414e+000
phe	 -90.0	-180.0	1.073190e-003	6.837119e+000
phe	 -80.0	-180.0	1.012652e-003	6.895182e+000
phe	 -70.0	-180.0	7.877343e-004	7.146350e+000
phe	 -60.0	-180.0	4.428686e-004	7.722237e+000
phe	 -50.0	-180.0	1.770578e-004	8.639035e+000
phe	 -40.0	-180.0	5.485791e-005	9.810764e+000
phe	 -30.0	-180.0	1.566744e-005	1.106393e+001
phe	 -20.0	-180.0	5.551158e-006	1.210150e+001
phe	 -10.0	-180.0	3.776571e-006	1.248669e+001
phe	   0.0	-180.0	4.613174e-006	1.228659e+001
phe	  10.0	-180.0	6.672386e-006	1.191753e+001
phe	  20.0	-180.0	9.559018e-006	1.155803e+001
phe	  30.0	-180.0	1.292385e-005	1.125644e+001
phe	  40.0	-180.0	1.621490e-005	1.102958e+001
phe	  50.0	-180.0	1.873852e-005	1.088493e+001
phe	  60.0	-180.0	1.989564e-005	1.082501e+001
phe	  70.0	-180.0	1.942746e-005	1.084882e+001
phe	  80.0	-180.0	1.750916e-005	1.095279e+001
phe	  90.0	-180.0	1.464604e-005	1.113134e+001
phe	 100.0	-180.0	1.145829e-005	1.137680e+001
phe	 110.0	-180.0	8.485698e-006	1.167713e+001
phe	 120.0	-180.0	6.106935e-006	1.200609e+001
phe	 130.0	-180.0	4.649938e-006	1.227866e+001
phe	 140.0	-180.0	4.958882e-006	1.221433e+001
phe	 150.0	-180.0	1.065001e-005	1.144995e+001
phe	 160.0	-180.0	3.667387e-005	1.021345e+001
phe	 170.0	-180.0	1.345703e-004	8.913424e+000
phe	-180.0	-170.0	1.936714e-004	8.549348e+000
phe	-170.0	-170.0	4.116170e-004	7.795417e+000
phe	-160.0	-170.0	6.369500e-004	7.358819e+000
phe	-150.0	-170.0	7.330050e-004	7.218358e+000
phe	-140.0	-170.0	7.015381e-004	7.262235e+000
phe	-130.0	-170.0	6.321780e-004	7.366340e+000
phe	-120.0	-170.0	5.590919e-004	7.489197e+000
phe	-110.0	-170.0	4.797959e-004	7.642150e+000
phe	-100.0	-170.0	4.033579e-004	7.815686e+000
phe	 -90.0	-170.0	3.510370e-004	7.954619e+000
phe	 -80.0	-170.0	3.033876e-004	8.100499e+000
phe	 -70.0	-170.0	2.197260e-004	8.423129e+000
phe	 -60.0	-170.0	1.201461e-004	9.026802e+000
phe	 -50.0	-170.0	5.136649e-005	9.876525e+000
phe	 -40.0	-170.0	1.961073e-005	1.083943e+001
phe	 -30.0	-170.0	7.822680e-006	1.175848e+001
phe	 -20.0	-170.0	4.194820e-006	1.238166e+001
phe	 -10.0	-170.0	3.944056e-006	1.244330e+001
phe	   0.0	-170.0	5.386142e-006	1.213168e+001
phe	  10.0	-170.0	7.998715e-006	1.173623e+001
phe	  20.0	-170.0	1.152507e-005	1.137099e+001
phe	  30.0	-170.0	1.553038e-005	1.107271e+001
phe	  40.0	-170.0	1.927668e-005	1.085661e+001
phe	  50.0	-170.0	2.188812e-005	1.072957e+001
phe	  60.0	-170.0	2.269988e-005	1.069315e+001
phe	  70.0	-170.0	2.155560e-005	1.074487e+001
phe	  80.0	-170.0	1.884653e-005	1.087918e+001
phe	  90.0	-170.0	1.529022e-005	1.108830e+001
phe	 100.0	-170.0	1.162523e-005	1.136233e+001
phe	 110.0	-170.0	8.402051e-006	1.168703e+001
phe	 120.0	-170.0	5.942414e-006	1.203340e+001
phe	 130.0	-170.0	4.474909e-006	1.231702e+001
phe	 140.0	-170.0	4.556691e-006	1.229891e+001
phe	 150.0	-170.0	8.326512e-006	1.169607e+001
phe	 160.0	-170.0	2.325827e-005	1.066885e+001
phe	 170.0	-170.0	7.106550e-005	9.551909e+000
phe	-180.0	-160.0	8.191332e-005	9.409849e+000
phe	-170.0	-160.0	1.523859e-004	8.789094e+000
phe	-160.0	-160.0	2.209761e-004	8.417456e+000
phe	-150.0	-160.0	2.549125e-004	8.274590e+000
phe	-140.0	-160.0	2.559208e-004	8.270643e+000
phe	-130.0	-160.0	2.412265e-004	8.329774e+000
phe	-120.0	-160.0	2.152721e-004	8.443608e+000
phe	-110.0	-160.0	1.796136e-004	8.624702e+000
phe	-100.0	-160.0	1.415545e-004	8.862826e+000
phe	 -90.0	-160.0	1.101012e-004	9.114111e+000
phe	 -80.0	-160.0	8.421265e-005	9.382165e+000
phe	 -70.0	-160.0	5.737319e-005	9.765933e+000
phe	 -60.0	-160.0	3.285699e-005	1.032335e+001
phe	 -50.0	-160.0	1.682699e-005	1.099253e+001
phe	 -40.0	-160.0	8.526887e-006	1.167229e+001
phe	 -30.0	-160.0	4.774958e-006	1.225213e+001
phe	 -20.0	-160.0	3.691006e-006	1.250961e+001
phe	 -10.0	-160.0	4.360347e-006	1.234296e+001
phe	   0.0	-160.0	6.398026e-006	1.195952e+001
phe	  10.0	-160.0	9.685798e-006	1.154485e+001
phe	  20.0	-160.0	1.402310e-005	1.117480e+001
phe	  30.0	-160.0	1.884101e-005	1.087947e+001
phe	  40.0	-160.0	2.315622e-005	1.067325e+001
phe	  50.0	-160.0	2.585852e-005	1.056287e+001
phe	  60.0	-160.0	2.620411e-005	1.054959e+001
phe	  70.0	-160.0	2.417716e-005	1.063010e+001
phe	  80.0	-160.0	2.045324e-005	1.079737e+001
phe	  90.0	-160.0	1.602246e-005	1.104152e+001
phe	 100.0	-160.0	1.176856e-005	1.135008e+001
phe	 110.0	-160.0	8.246061e-006	1.170577e+001
phe	 120.0	-160.0	5.695103e-006	1.207590e+001
phe	 130.0	-160.0	4.220399e-006	1.237558e+001
phe	 140.0	-160.0	4.120990e-006	1.239942e+001
phe	 150.0	-160.0	6.543532e-006	1.193703e+001
phe	 160.0	-160.0	1.480740e-005	1.112038e+001
phe	 170.0	-160.0	3.635161e-005	1.022227e+001
phe	-180.0	-150.0	4.003357e-005	1.012579e+001
phe	-170.0	-150.0	6.632090e-005	9.621005e+000
phe	-160.0	-150.0	9.200153e-005	9.293705e+000
phe	-150.0	-150.0	1.089341e-004	9.124768e+000
phe	-140.0	-150.0	1.156581e-004	9.064872e+000
phe	-130.0	-150.0	1.134526e-004	9.084125e+000
phe	-120.0	-150.0	1.026057e-004	9.184617e+000
phe	-110.0	-150.0	8.503883e-005	9.372403e+000
phe	-100.0	-150.0	6.512506e-005	9.639201e+000
phe	 -90.0	-150.0	4.731627e-005	9.958656e+000
phe	 -80.0	-150.0	3.319461e-005	1.031312e+001
phe	 -70.0	-150.0	2.212453e-005	1.071882e+001
phe	 -60.0	-150.0	1.392369e-005	1.118192e+001
phe	 -50.0	-150.0	8.540653e-006	1.167067e+001
phe	 -40.0	-150.0	5.350796e-006	1.213827e+001
phe	 -30.0	-150.0	3.828519e-006	1.247303e+001
phe	 -20.0	-150.0	3.728886e-006	1.249940e+001
phe	 -10.0	-150.0	4.954603e-006	1.221519e+001
phe	   0.0	-150.0	7.547704e-006	1.179427e+001
phe	  10.0	-150.0	1.156657e-005	1.136739e+001
phe	  20.0	-150.0	1.680446e-005	1.099387e+001
phe	  30.0	-150.0	2.252690e-005	1.070080e+001
phe	  40.0	-150.0	2.747408e-005	1.050227e+001
phe	  50.0	-150.0	3.027575e-005	1.040516e+001
phe	  60.0	-150.0	3.010294e-005	1.041089e+001
phe	  70.0	-150.0	2.709841e-005	1.051604e+001
phe	  80.0	-150.0	2.225351e-005	1.071301e+001
phe	  90.0	-150.0	1.685816e-005	1.099068e+001
phe	 100.0	-150.0	1.195317e-005	1.133451e+001
phe	 110.0	-150.0	8.093806e-006	1.172441e+001
phe	 120.0	-150.0	5.426815e-006	1.212416e+001
phe	 130.0	-150.0	3.923794e-006	1.244845e+001
phe	 140.0	-150.0	3.668206e-006	1.251581e+001
phe	 150.0	-150.0	5.220080e-006	1.216300e+001
phe	 160.0	-150.0	1.007379e-005	1.150557e+001
phe	 170.0	-150.0	2.084395e-005	1.077845e+001
phe	-180.0	-140.0	2.360603e-005	1.065401e+001
phe	-170.0	-140.0	3.697211e-005	1.020535e+001
phe	-160.0	-140.0	5.070655e-005	9.889456e+000
phe	-150.0	-140.0	6.163256e-005	9.694320e+000
phe	-140.0	-140.0	6.797268e-005	9.596405e+000
phe	-130.0	-140.0	6.901481e-005	9.581189e+000
phe	-120.0	-140.0	6.471256e-005	9.645555e+000
phe	-110.0	-140.0	5.615537e-005	9.787388e+000
phe	-100.0	-140.0	4.541048e-005	9.999768e+000
phe	 -90.0	-140.0	3.457133e-005	1.027249e+001
phe	 -80.0	-140.0	2.495944e-005	1.059826e+001
phe	 -70.0	-140.0	1.712814e-005	1.097479e+001
phe	 -60.0	-140.0	1.124913e-005	1.139522e+001
phe	 -50.0	-140.0	7.226812e-006	1.183771e+001
phe	 -40.0	-140.0	4.803116e-006	1.224625e+001
phe	 -30.0	-140.0	3.756115e-006	1.249213e+001
phe	 -20.0	-140.0	3.983166e-006	1.243343e+001
phe	 -10.0	-140.0	5.530334e-006	1.210526e+001
phe	   0.0	-140.0	8.568078e-006	1.166747e+001
phe	  10.0	-140.0	1.321759e-005	1.123396e+001
phe	  20.0	-140.0	1.923727e-005	1.085866e+001
phe	  30.0	-140.0	2.573893e-005	1.056751e+001
phe	  40.0	-140.0	3.121995e-005	1.037445e+001
phe	  50.0	-140.0	3.408680e-005	1.028660e+001
phe	  60.0	-140.0	3.344288e-005	1.030567e+001
phe	  70.0	-140.0	2.957518e-005	1.042857e+001
phe	  80.0	-140.0	2.375230e-005	1.064783e+001
phe	  90.0	-140.0	1.752303e-005	1.095199e+001
phe	 100.0	-140.0	1.206025e-005	1.132560e+001
phe	 110.0	-140.0	7.914526e-006	1.174681e+001
phe	 120.0	-140.0	5.145882e-006	1.217731e+001
phe	 130.0	-140.0	3.607065e-006	1.253262e+001
phe	 140.0	-140.0	3.215856e-006	1.264742e+001
phe	 150.0	-140.0	4.188631e-006	1.238314e+001
phe	 160.0	-140.0	7.223153e-006	1.183822e+001
phe	 170.0	-140.0	1.342792e-005	1.121817e+001
phe	-180.0	-130.0	1.556355e-005	1.107058e+001
phe	-170.0	-130.0	2.397599e-005	1.063846e+001
phe	-160.0	-130.0	3.330197e-005	1.030989e+001
phe	-150.0	-130.0	4.192800e-005	1.007956e+001
phe	-140.0	-130.0	4.852449e-005	9.933442e+000
phe	-130.0	-130.0	5.219737e-005	9.860479e+000
phe	-120.0	-130.0	5.241689e-005	9.856282e+000
phe	-110.0	-130.0	4.913982e-005	9.920841e+000
phe	-100.0	-130.0	4.292019e-005	1.005617e+001
phe	 -90.0	-130.0	3.482497e-005	1.026518e+001
phe	 -80.0	-130.0	2.619622e-005	1.054990e+001
phe	 -70.0	-130.0	1.830633e-005	1.090826e+001
phe	 -60.0	-130.0	1.201348e-005	1.132948e+001
phe	 -50.0	-130.0	7.615667e-006	1.178530e+001
phe	 -40.0	-130.0	4.995974e-006	1.220688e+001
phe	 -30.0	-130.0	3.903661e-006	1.245360e+001
phe	 -20.0	-130.0	4.178623e-006	1.238553e+001
phe	 -10.0	-130.0	5.854318e-006	1.204833e+001
phe	   0.0	-130.0	9.116352e-006	1.160544e+001
phe	  10.0	-130.0	1.409282e-005	1.116985e+001
phe	  20.0	-130.0	2.050980e-005	1.079461e+001
phe	  30.0	-130.0	2.738967e-005	1.050534e+001
phe	  40.0	-130.0	3.309969e-005	1.031599e+001
phe	  50.0	-130.0	3.593531e-005	1.023379e+001
phe	  60.0	-130.0	3.497850e-005	1.026078e+001
phe	  70.0	-130.0	3.060804e-005	1.039425e+001
phe	  80.0	-130.0	2.424892e-005	1.062714e+001
phe	  90.0	-130.0	1.758792e-005	1.094830e+001
phe	 100.0	-130.0	1.186105e-005	1.134225e+001
phe	 110.0	-130.0	7.604668e-006	1.178675e+001
phe	 120.0	-130.0	4.818383e-006	1.224307e+001
phe	 130.0	-130.0	3.275095e-006	1.262916e+001
phe	 140.0	-130.0	2.784918e-006	1.279129e+001
phe	 150.0	-130.0	3.367740e-006	1.260127e+001
phe	 160.0	-130.0	5.342537e-006	1.213981e+001
phe	 170.0	-130.0	9.263960e-006	1.158938e+001
phe	-180.0	-120.0	1.106965e-005	1.141130e+001
phe	-170.0	-120.0	1.713464e-005	1.097441e+001
phe	-160.0	-120.0	2.455406e-005	1.061463e+001
phe	-150.0	-120.0	3.258009e-005	1.033181e+001
phe	-140.0	-120.0	4.029146e-005	1.011937e+001
phe	-130.0	-120.0	4.663643e-005	9.973129e+000
phe	-120.0	-120.0	5.043925e-005	9.894741e+000
phe	-110.0	-120.0	5.065142e-005	9.890543e+000
phe	-100.0	-120.0	4.683116e-005	9.968962e+000
phe	 -90.0	-120.0	3.955852e-005	1.013773e+001
phe	 -80.0	-120.0	3.041376e-005	1.040062e+001
phe	 -70.0	-120.0	2.135050e-005	1.075444e+001
phe	 -60.0	-120.0	1.385953e-005	1.118654e+001
phe	 -50.0	-120.0	8.566094e-006	1.166770e+001
phe	 -40.0	-120.0	5.405701e-006	1.212806e+001
phe	 -30.0	-120.0	4.035892e-006	1.242028e+001
phe	 -20.0	-120.0	4.176889e-006	1.238594e+001
phe	 -10.0	-120.0	5.771786e-006	1.206253e+001
phe	   0.0	-120.0	8.950913e-006	1.162376e+001
phe	  10.0	-120.0	1.381142e-005	1.119001e+001
phe	  20.0	-120.0	2.006780e-005	1.081639e+001
phe	  30.0	-120.0	2.675304e-005	1.052886e+001
phe	  40.0	-120.0	3.226864e-005	1.034141e+001
phe	  50.0	-120.0	3.495661e-005	1.026140e+001
phe	  60.0	-120.0	3.393523e-005	1.029106e+001
phe	  70.0	-120.0	2.959096e-005	1.042804e+001
phe	  80.0	-120.0	2.332865e-005	1.066583e+001
phe	  90.0	-120.0	1.680342e-005	1.099393e+001
phe	 100.0	-120.0	1.122325e-005	1.139752e+001
phe	 110.0	-120.0	7.103471e-006	1.185493e+001
phe	 120.0	-120.0	4.424812e-006	1.232828e+001
phe	 130.0	-120.0	2.934770e-006	1.273888e+001
phe	 140.0	-120.0	2.395947e-006	1.294173e+001
phe	 150.0	-120.0	2.729033e-006	1.281156e+001
phe	 160.0	-120.0	4.070148e-006	1.241183e+001
phe	 170.0	-120.0	6.738704e-006	1.190764e+001
phe	-180.0	-110.0	8.527222e-006	1.167225e+001
phe	-170.0	-110.0	1.348707e-005	1.121378e+001
phe	-160.0	-110.0	2.020294e-005	1.080968e+001
phe	-150.0	-110.0	2.848003e-005	1.046631e+001
phe	-140.0	-110.0	3.768407e-005	1.018627e+001
phe	-130.0	-110.0	4.663435e-005	9.973173e+000
phe	-120.0	-110.0	5.366388e-005	9.832770e+000
phe	-110.0	-110.0	5.695667e-005	9.773220e+000
phe	-100.0	-110.0	5.516357e-005	9.805208e+000
phe	 -90.0	-110.0	4.822181e-005	9.939699e+000
phe	 -80.0	-110.0	3.782339e-005	1.018258e+001
phe	 -70.0	-110.0	2.671162e-005	1.053041e+001
phe	 -60.0	-110.0	1.720036e-005	1.097058e+001
phe	 -50.0	-110.0	1.034765e-005	1.147875e+001
phe	 -40.0	-110.0	6.170266e-006	1.199577e+001
phe	 -30.0	-110.0	4.210466e-006	1.237794e+001
phe	 -20.0	-110.0	3.996177e-006	1.243017e+001
phe	 -10.0	-110.0	5.287215e-006	1.215022e+001
phe	   0.0	-110.0	8.080253e-006	1.172609e+001
phe	  10.0	-110.0	1.240287e-005	1.129758e+001
phe	  20.0	-110.0	1.798175e-005	1.092615e+001
phe	  30.0	-110.0	2.396137e-005	1.063907e+001
phe	  40.0	-110.0	2.893404e-005	1.045049e+001
phe	  50.0	-110.0	3.142847e-005	1.036780e+001
phe	  60.0	-110.0	3.063528e-005	1.039336e+001
phe	  70.0	-110.0	2.684933e-005	1.052527e+001
phe	  80.0	-110.0	2.127853e-005	1.075781e+001
phe	  90.0	-110.0	1.539162e-005	1.108169e+001
phe	 100.0	-110.0	1.029849e-005	1.148351e+001
phe	 110.0	-110.0	6.503896e-006	1.194311e+001
phe	 120.0	-110.0	4.019160e-006	1.242444e+001
phe	 130.0	-110.0	2.619778e-006	1.285242e+001
phe	 140.0	-110.0	2.069814e-006	1.308805e+001
phe	 150.0	-110.0	2.252474e-006	1.300348e+001
phe	 160.0	-110.0	3.223074e-006	1.264517e+001
phe	 170.0	-110.0	5.205632e-006	1.216577e+001
phe	-180.0	-100.0	7.161667e-006	1.184677e+001
phe	-170.0	-100.0	1.176029e-005	1.135078e+001
phe	-160.0	-100.0	1.857467e-005	1.089371e+001
phe	-150.0	-100.0	2.781118e-005	1.049007e+001
phe	-140.0	-100.0	3.906147e-005	1.015037e+001
phe	-130.0	-100.0	5.113448e-005	9.881051e+000
phe	-120.0	-100.0	6.218782e-005	9.685351e+000
phe	-110.0	-100.0	6.986143e-005	9.568997e+000
phe	-100.0	-100.0	7.149181e-005	9.545928e+000
phe	 -90.0	-100.0	6.542028e-005	9.634678e+000
phe	 -80.0	-100.0	5.298624e-005	9.845478e+000
phe	 -70.0	-100.0	3.823881e-005	1.017166e+001
phe	 -60.0	-100.0	2.498236e-005	1.059734e+001
phe	 -50.0	-100.0	1.496581e-005	1.110974e+001
phe	 -40.0	-100.0	8.433188e-006	1.168334e+001
phe	 -30.0	-100.0	4.967317e-006	1.221263e+001
phe	 -20.0	-100.0	3.885055e-006	1.245837e+001
phe	 -10.0	-100.0	4.589021e-006	1.229184e+001
phe	   0.0	-100.0	6.772776e-006	1.190260e+001
phe	  10.0	-100.0	1.030994e-005	1.148240e+001
phe	  20.0	-100.0	1.494085e-005	1.111141e+001
phe	  30.0	-100.0	1.998663e-005	1.082045e+001
phe	  40.0	-100.0	2.432402e-005	1.062405e+001
phe	  50.0	-100.0	2.673420e-005	1.052957e+001
phe	  60.0	-100.0	2.646538e-005	1.053967e+001
phe	  70.0	-100.0	2.362118e-005	1.065337e+001
phe	  80.0	-100.0	1.908498e-005	1.086661e+001
phe	  90.0	-100.0	1.405611e-005	1.117245e+001
phe	 100.0	-100.0	9.538200e-006	1.156021e+001
phe	 110.0	-100.0	6.068474e-006	1.201240e+001
phe	 120.0	-100.0	3.741493e-006	1.249603e+001
phe	 130.0	-100.0	2.399121e-006	1.294041e+001
phe	 140.0	-100.0	1.832201e-006	1.320999e+001
phe	 150.0	-100.0	1.914801e-006	1.316590e+001
phe	 160.0	-100.0	2.670196e-006	1.283336e+001
phe	 170.0	-100.0	4.296076e-006	1.235781e+001
phe	-180.0	 -90.0	6.606910e-006	1.192739e+001
phe	-170.0	 -90.0	1.149247e-005	1.137382e+001
phe	-160.0	 -90.0	1.936492e-005	1.085205e+001
phe	-150.0	 -90.0	3.085902e-005	1.038608e+001
phe	-140.0	 -90.0	4.579504e-005	9.991335e+000
phe	-130.0	 -90.0	6.312253e-005	9.670433e+000
phe	-120.0	 -90.0	8.135870e-005	9.416643e+000
phe	-110.0	 -90.0	9.806640e-005	9.229866e+000
phe	-100.0	 -90.0	1.082945e-004	9.130656e+000
phe	 -90.0	 -90.0	1.061808e-004	9.150368e+000
phe	 -80.0	 -90.0	9.130394e-005	9.301317e+000
phe	 -70.0	 -90.0	7.057509e-005	9.558833e+000
phe	 -60.0	 -90.0	5.057625e-005	9.892029e+000
phe	 -50.0	 -90.0	3.293726e-005	1.032091e+001
phe	 -40.0	 -90.0	1.846412e-005	1.089968e+001
phe	 -30.0	 -90.0	9.038956e-006	1.161397e+001
phe	 -20.0	 -90.0	4.797473e-006	1.224742e+001
phe	 -10.0	 -90.0	4.085816e-006	1.240799e+001
phe	   0.0	 -90.0	5.434463e-006	1.212275e+001
phe	  10.0	 -90.0	8.149914e-006	1.171750e+001
phe	  20.0	 -90.0	1.187848e-005	1.134078e+001
phe	  30.0	 -90.0	1.611896e-005	1.103551e+001
phe	  40.0	 -90.0	2.004343e-005	1.081761e+001
phe	  50.0	 -90.0	2.266147e-005	1.069484e+001
phe	  60.0	 -90.0	2.320610e-005	1.067110e+001
phe	  70.0	 -90.0	2.149273e-005	1.074780e+001
phe	  80.0	 -90.0	1.801272e-005	1.092443e+001
phe	  90.0	 -90.0	1.370051e-005	1.119808e+001
phe	 100.0	 -90.0	9.522787e-006	1.156182e+001
phe	 110.0	 -90.0	6.134516e-006	1.200158e+001
phe	 120.0	 -90.0	3.770580e-006	1.248828e+001
phe	 130.0	 -90.0	2.358277e-006	1.295758e+001
phe	 140.0	 -90.0	1.713058e-006	1.327723e+001
phe	 150.0	 -90.0	1.698951e-006	1.328550e+001
phe	 160.0	 -90.0	2.324263e-006	1.297211e+001
phe	 170.0	 -90.0	3.802485e-006	1.247986e+001
phe	-180.0	 -80.0	6.830038e-006	1.189418e+001
phe	-170.0	 -80.0	1.287257e-005	1.126041e+001
phe	-160.0	 -80.0	2.341588e-005	1.066210e+001
phe	-150.0	 -80.0	3.979900e-005	1.013167e+001
phe	-140.0	 -80.0	6.223339e-005	9.684619e+000
phe	-130.0	 -80.0	9.018025e-005	9.313700e+000
phe	-120.0	 -80.0	1.237534e-004	8.997219e+000
phe	-110.0	 -80.0	1.619651e-004	8.728130e+000
phe	-100.0	 -80.0	1.962824e-004	8.535956e+000
phe	 -90.0	 -80.0	2.110193e-004	8.463561e+000
phe	 -80.0	 -80.0	2.016205e-004	8.509123e+000
phe	 -70.0	 -80.0	1.838442e-004	8.601422e+000
phe	 -60.0	 -80.0	1.637906e-004	8.716922e+000
phe	 -50.0	 -80.0	1.252307e-004	8.985353e+000
phe	 -40.0	 -80.0	7.144583e-005	9.546571e+000
phe	 -30.0	 -80.0	2.973821e-005	1.042308e+001
phe	 -20.0	 -80.0	1.032902e-005	1.148055e+001
phe	 -10.0	 -80.0	4.646708e-006	1.227935e+001
phe	   0.0	 -80.0	4.473910e-006	1.231725e+001
phe	  10.0	 -80.0	6.423034e-006	1.195562e+001
phe	  20.0	 -80.0	9.521705e-006	1.156194e+001
phe	  30.0	 -80.0	1.334578e-005	1.122431e+001
phe	  40.0	 -80.0	1.731122e-005	1.096416e+001
phe	  50.0	 -80.0	2.057350e-005	1.079151e+001
phe	  60.0	 -80.0	2.223805e-005	1.071371e+001
phe	  70.0	 -80.0	2.172574e-005	1.073701e+001
phe	  80.0	 -80.0	1.909344e-005	1.086617e+001
phe	  90.0	 -80.0	1.507227e-005	1.110265e+001
phe	 100.0	 -80.0	1.073000e-005	1.144247e+001
phe	 110.0	 -80.0	6.972981e-006	1.187347e+001
phe	 120.0	 -80.0	4.244558e-006	1.236987e+001
phe	 130.0	 -80.0	2.560419e-006	1.287534e+001
phe	 140.0	 -80.0	1.734358e-006	1.326487e+001
phe	 150.0	 -80.0	1.598623e-006	1.334637e+001
phe	 160.0	 -80.0	2.150136e-006	1.304998e+001
phe	 170.0	 -80.0	3.664036e-006	1.251695e+001
phe	-180.0	 -70.0	7.990290e-006	1.173728e+001
phe	-170.0	 -70.0	1.641735e-005	1.101717e+001
phe	-160.0	 -70.0	3.209582e-005	1.034678e+001
phe	-150.0	 -70.0	5.773923e-005	9.759574e+000
phe	-140.0	 -70.0	9.465797e-005	9.265240e+000
phe	-130.0	 -70.0	1.439252e-004	8.846217e+000
phe	-120.0	 -70.0	2.094883e-004	8.470843e+000
phe	-110.0	 -70.0	2.947332e-004	8.129440e+000
phe	-100.0	 -70.0	3.872279e-004	7.856497e+000
phe	 -90.0	 -70.0	4.566279e-004	7.691642e+000
phe	 -80.0	 -70.0	5.061335e-004	7.588710e+000
phe	 -70.0	 -70.0	5.952517e-004	7.426526e+000
phe	 -60.0	 -70.0	6.790367e-004	7.294835e+000
phe	 -50.0	 -70.0	5.764089e-004	7.458693e+000
phe	 -40.0	 -70.0	3.168696e-004	8.057020e+000
phe	 -30.0	 -70.0	1.137088e-004	9.081870e+000
phe	 -20.0	 -70.0	3.002627e-005	1.041344e+001
phe	 -10.0	 -70.0	7.792400e-006	1.176236e+001
phe	   0.0	 -70.0	4.193103e-006	1.238207e+001
phe	  10.0	 -70.0	5.341453e-006	1.214001e+001
phe	  20.0	 -70.0	8.143221e-006	1.171832e+001
phe	  30.0	 -70.0	1.201712e-005	1.132918e+001
phe	  40.0	 -70.0	1.655906e-005	1.100858e+001
phe	  50.0	 -70.0	2.099344e-005	1.077130e+001
phe	  60.0	 -70.0	2.417715e-005	1.063010e+001
phe	  70.0	 -70.0	2.498423e-005	1.059727e+001
phe	  80.0	 -70.0	2.293812e-005	1.068271e+001
phe	  90.0	 -70.0	1.862713e-005	1.089089e+001
phe	 100.0	 -70.0	1.342684e-005	1.121826e+001
phe	 110.0	 -70.0	8.702738e-006	1.165187e+001
phe	 120.0	 -70.0	5.200133e-006	1.216683e+001
phe	 130.0	 -70.0	3.009537e-006	1.271372e+001
phe	 140.0	 -70.0	1.891370e-006	1.317821e+001
phe	 150.0	 -70.0	1.608820e-006	1.334001e+001
phe	 160.0	 -70.0	2.149687e-006	1.305019e+001
phe	 170.0	 -70.0	3.916329e-006	1.245036e+001
phe	-180.0	 -60.0	1.020807e-005	1.149233e+001
phe	-170.0	 -60.0	2.241910e-005	1.070560e+001
phe	-160.0	 -60.0	4.611793e-005	9.984309e+000
phe	-150.0	 -60.0	8.656269e-005	9.354642e+000
phe	-140.0	 -60.0	1.479080e-004	8.818920e+000
phe	-130.0	 -60.0	2.347686e-004	8.356910e+000
phe	-120.0	 -60.0	3.561845e-004	7.940062e+000
phe	-110.0	 -60.0	5.208100e-004	7.560125e+000
phe	-100.0	 -60.0	7.146103e-004	7.243773e+000
phe	 -90.0	 -60.0	9.053943e-004	7.007140e+000
phe	 -80.0	 -60.0	1.182328e-003	6.740270e+000
phe	 -70.0	 -60.0	1.800933e-003	6.319451e+000
phe	 -60.0	 -60.0	2.445128e-003	6.013658e+000
phe	 -50.0	 -60.0	2.130313e-003	6.151486e+000
phe	 -40.0	 -60.0	1.082390e-003	6.828584e+000
phe	 -30.0	 -60.0	3.348029e-004	8.001969e+000
phe	 -20.0	 -60.0	7.235050e-005	9.533988e+000
phe	 -10.0	 -60.0	1.385497e-005	1.118687e+001
phe	   0.0	 -60.0	4.498459e-006	1.231178e+001
phe	  10.0	 -60.0	4.807127e-006	1.224541e+001
phe	  20.0	 -60.0	7.587350e-006	1.178903e+001
phe	  30.0	 -60.0	1.190826e-005	1.133828e+001
phe	  40.0	 -60.0	1.756204e-005	1.094977e+001
phe	  50.0	 -60.0	2.385483e-005	1.064352e+001
phe	  60.0	 -60.0	2.928086e-005	1.043858e+001
phe	  70.0	 -60.0	3.185563e-005	1.035430e+001
phe	  80.0	 -60.0	3.024706e-005	1.040611e+001
phe	  90.0	 -60.0	2.490430e-005	1.060047e+001
phe	 100.0	 -60.0	1.787374e-005	1.093218e+001
phe	 110.0	 -60.0	1.136875e-005	1.138464e+001
phe	 120.0	 -60.0	6.588241e-006	1.193022e+001
phe	 130.0	 -60.0	3.645317e-006	1.252207e+001
phe	 140.0	 -60.0	2.143032e-006	1.305329e+001
phe	 150.0	 -60.0	1.711317e-006	1.327825e+001
phe	 160.0	 -60.0	2.328223e-006	1.297041e+001
phe	 170.0	 -60.0	4.601792e-006	1.228906e+001
phe	-180.0	 -50.0	1.338441e-005	1.122142e+001
phe	-170.0	 -50.0	3.055306e-005	1.039605e+001
phe	-160.0	 -50.0	6.468138e-005	9.646037e+000
phe	-150.0	 -50.0	1.250942e-004	8.986443e+000
phe	-140.0	 -50.0	2.215411e-004	8.414903e+000
phe	-130.0	 -50.0	3.636891e-004	7.919211e+000
phe	-120.0	 -50.0	5.623002e-004	7.483475e+000
phe	-110.0	 -50.0	8.271443e-004	7.097531e+000
phe	-100.0	 -50.0	1.151135e-003	6.767007e+000
phe	 -90.0	 -50.0	1.544315e-003	6.473175e+000
phe	 -80.0	 -50.0	2.355478e-003	6.051012e+000
phe	 -70.0	 -50.0	4.345891e-003	5.438525e+000
phe	 -60.0	 -50.0	6.360577e-003	5.057636e+000
phe	 -50.0	 -50.0	5.311712e-003	5.237841e+000
phe	 -40.0	 -50.0	2.401297e-003	6.031746e+000
phe	 -30.0	 -50.0	6.331550e-004	7.364795e+000
phe	 -20.0	 -50.0	1.144212e-004	9.075624e+000
phe	 -10.0	 -50.0	1.825190e-005	1.091124e+001
phe	   0.0	 -50.0	4.625765e-006	1.228387e+001
phe	  10.0	 -50.0	4.520924e-006	1.230679e+001
phe	  20.0	 -50.0	7.491065e-006	1.180180e+001
phe	  30.0	 -50.0	1.258520e-005	1.128299e+001
phe	  40.0	 -50.0	2.003763e-005	1.081790e+001
phe	  50.0	 -50.0	2.945375e-005	1.043269e+001
phe	  60.0	 -50.0	3.880405e-005	1.015699e+001
phe	  70.0	 -50.0	4.443967e-005	1.002138e+001
phe	  80.0	 -50.0	4.326652e-005	1.004813e+001
phe	  90.0	 -50.0	3.556069e-005	1.024427e+001
phe	 100.0	 -50.0	2.490726e-005	1.060035e+001
phe	 110.0	 -50.0	1.521553e-005	1.109319e+001
phe	 120.0	 -50.0	8.387920e-006	1.168872e+001
phe	 130.0	 -50.0	4.387109e-006	1.233684e+001
phe	 140.0	 -50.0	2.425162e-006	1.292961e+001
phe	 150.0	 -50.0	1.868148e-006	1.319056e+001
phe	 160.0	 -50.0	2.662227e-006	1.283635e+001
phe	 170.0	 -50.0	5.688573e-006	1.207705e+001
phe	-180.0	 -40.0	1.721043e-005	1.096999e+001
phe	-170.0	 -40.0	4.011475e-005	1.012377e+001
phe	-160.0	 -40.0	8.628035e-005	9.357909e+000
phe	-150.0	 -40.0	1.708384e-004	8.674793e+000
phe	-140.0	 -40.0	3.127119e-004	8.070228e+000
phe	-130.0	 -40.0	5.271576e-004	7.548011e+000
phe	-120.0	 -40.0	8.223266e-004	7.103373e+000
phe	-110.0	 -40.0	1.217749e-003	6.710751e+000
phe	-100.0	 -40.0	1.742551e-003	6.352405e+000
phe	 -90.0	 -40.0	2.504510e-003	5.989662e+000
phe	 -80.0	 -40.0	4.284322e-003	5.452793e+000
phe	 -70.0	 -40.0	8.309108e-003	4.790403e+000
phe	 -60.0	 -40.0	1.143939e-002	4.470692e+000
phe	 -50.0	 -40.0	8.407518e-003	4.778629e+000
phe	 -40.0	 -40.0	3.220367e-003	5.738260e+000
phe	 -30.0	 -40.0	7.099479e-004	7.250319e+000
phe	 -20.0	 -40.0	1.084226e-004	9.129474e+000
phe	 -10.0	 -40.0	1.541805e-005	1.107997e+001
phe	   0.0	 -40.0	3.915064e-006	1.245068e+001
phe	  10.0	 -40.0	4.227128e-006	1.237399e+001
phe	  20.0	 -40.0	7.568143e-006	1.179156e+001
phe	  30.0	 -40.0	1.388495e-005	1.118471e+001
phe	  40.0	 -40.0	2.452016e-005	1.061602e+001
phe	  50.0	 -40.0	4.001578e-005	1.012624e+001
phe	  60.0	 -40.0	5.739227e-005	9.765601e+000
phe	  70.0	 -40.0	6.912129e-005	9.579648e+000
phe	  80.0	 -40.0	6.809138e-005	9.594660e+000
phe	  90.0	 -40.0	5.472946e-005	9.813108e+000
phe	 100.0	 -40.0	3.653520e-005	1.021723e+001
phe	 110.0	 -40.0	2.091242e-005	1.077517e+001
phe	 120.0	 -40.0	1.070380e-005	1.144491e+001
phe	 130.0	 -40.0	5.186321e-006	1.216949e+001
phe	 140.0	 -40.0	2.676878e-006	1.283086e+001
phe	 150.0	 -40.0	2.025918e-006	1.310949e+001
phe	 160.0	 -40.0	3.081359e-006	1.269014e+001
phe	 170.0	 -40.0	7.037652e-006	1.186424e+001
phe	-180.0	 -30.0	2.120004e-005	1.076151e+001
phe	-170.0	 -30.0	5.034890e-005	9.896534e+000
phe	-160.0	 -30.0	1.098967e-004	9.115970e+000
phe	-150.0	 -30.0	2.227703e-004	8.409369e+000
phe	-140.0	 -30.0	4.219488e-004	7.770627e+000
phe	-130.0	 -30.0	7.327803e-004	7.218665e+000
phe	-120.0	 -30.0	1.174805e-003	6.746653e+000
phe	-110.0	 -30.0	1.835773e-003	6.300290e+000
phe	-100.0	 -30.0	2.829121e-003	5.867789e+000
phe	 -90.0	 -30.0	4.304694e-003	5.448049e+000
phe	 -80.0	 -30.0	7.315206e-003	4.917800e+000
phe	 -70.0	 -30.0	1.244326e-002	4.386576e+000
phe	 -60.0	 -30.0	1.401581e-002	4.267569e+000
phe	 -50.0	 -30.0	8.279170e-003	4.794013e+000
phe	 -40.0	 -30.0	2.541081e-003	5.975166e+000
phe	 -30.0	 -30.0	4.574652e-004	7.689810e+000
phe	 -20.0	 -30.0	5.986091e-005	9.723487e+000
phe	 -10.0	 -30.0	8.229536e-006	1.170778e+001
phe	   0.0	 -30.0	2.787271e-006	1.279045e+001
phe	  10.0	 -30.0	3.891774e-006	1.245665e+001
phe	  20.0	 -30.0	7.796142e-006	1.176188e+001
phe	  30.0	 -30.0	1.630499e-005	1.102404e+001
phe	  40.0	 -30.0	3.339490e-005	1.030711e+001
phe	  50.0	 -30.0	6.215550e-005	9.685871e+000
phe	  60.0	 -30.0	9.723324e-005	9.238398e+000
phe	  70.0	 -30.0	1.211072e-004	9.018835e+000
phe	  80.0	 -30.0	1.176384e-004	9.047895e+000
phe	  90.0	 -30.0	8.992212e-005	9.316567e+000
phe	 100.0	 -30.0	5.574460e-005	9.794730e+000
phe	 110.0	 -30.0	2.922729e-005	1.044041e+001
phe	 120.0	 -30.0	1.360895e-005	1.120478e+001
phe	 130.0	 -30.0	5.991616e-006	1.202515e+001
phe	 140.0	 -30.0	2.845804e-006	1.276966e+001
phe	 150.0	 -30.0	2.121664e-006	1.306331e+001
phe	 160.0	 -30.0	3.462103e-006	1.257363e+001
phe	 170.0	 -30.0	8.386803e-006	1.168885e+001
phe	-180.0	 -20.0	2.445355e-005	1.061874e+001
phe	-170.0	 -20.0	5.963861e-005	9.727207e+000
phe	-160.0	 -20.0	1.328851e-004	8.926026e+000
phe	-150.0	 -20.0	2.758836e-004	8.195531e+000
phe	-140.0	 -20.0	5.405006e-004	7.523015e+000
phe	-130.0	 -20.0	9.868324e-004	6.921010e+000
phe	-120.0	 -20.0	1.730894e-003	6.359117e+000
phe	-110.0	 -20.0	3.054013e-003	5.791299e+000
phe	-100.0	 -20.0	5.058819e-003	5.286622e+000
phe	 -90.0	 -20.0	7.408233e-003	4.905163e+000
phe	 -80.0	 -20.0	1.057236e-002	4.549512e+000
phe	 -70.0	 -20.0	1.372214e-002	4.288744e+000
phe	 -60.0	 -20.0	1.159086e-002	4.457538e+000
phe	 -50.0	 -20.0	5.177806e-003	5.263374e+000
phe	 -40.0	 -20.0	1.214696e-003	6.713262e+000
phe	 -30.0	 -20.0	1.735250e-004	8.659189e+000
phe	 -20.0	 -20.0	1.983420e-005	1.082810e+001
phe	 -10.0	 -20.0	3.124506e-006	1.267623e+001
phe	   0.0	 -20.0	1.968073e-006	1.313846e+001
phe	  10.0	 -20.0	3.624382e-006	1.252783e+001
phe	  20.0	 -20.0	8.482638e-006	1.167749e+001
phe	  30.0	 -20.0	2.154314e-005	1.074545e+001
phe	  40.0	 -20.0	5.325261e-005	9.840464e+000
phe	  50.0	 -20.0	1.129212e-004	9.088820e+000
phe	  60.0	 -20.0	1.872647e-004	8.582988e+000
phe	  70.0	 -20.0	2.324896e-004	8.366665e+000
phe	  80.0	 -20.0	2.149921e-004	8.444909e+000
phe	  90.0	 -20.0	1.515207e-004	8.794788e+000
phe	 100.0	 -20.0	8.496717e-005	9.373246e+000
phe	 110.0	 -20.0	3.999785e-005	1.012668e+001
phe	 120.0	 -20.0	1.671585e-005	1.099915e+001
phe	 130.0	 -20.0	6.621269e-006	1.192522e+001
phe	 140.0	 -20.0	2.864885e-006	1.276298e+001
phe	 150.0	 -20.0	2.090072e-006	1.307831e+001
phe	 160.0	 -20.0	3.639498e-006	1.252366e+001
phe	 170.0	 -20.0	9.318660e-006	1.158349e+001
phe	-180.0	 -10.0	2.562680e-005	1.057187e+001
phe	-170.0	 -10.0	6.480522e-005	9.644124e+000
phe	-160.0	 -10.0	1.488795e-004	8.812373e+000
phe	-150.0	 -10.0	3.181596e-004	8.052957e+000
phe	-140.0	 -10.0	6.516563e-004	7.335993e+000
phe	-130.0	 -10.0	1.323234e-003	6.627676e+000
phe	-120.0	 -10.0	2.782808e-003	5.884295e+000
phe	-110.0	 -10.0	5.566971e-003	5.190904e+000
phe	-100.0	 -10.0	8.895383e-003	4.722223e+000
phe	 -90.0	 -10.0	1.082915e-002	4.525514e+000
phe	 -80.0	 -10.0	1.132849e-002	4.480435e+000
phe	 -70.0	 -10.0	1.043271e-002	4.562809e+000
phe	 -60.0	 -10.0	6.483108e-003	5.038555e+000
phe	 -50.0	 -10.0	2.186312e-003	6.125539e+000
phe	 -40.0	 -10.0	3.901204e-004	7.849055e+000
phe	 -30.0	 -10.0	4.331604e-005	1.004699e+001
phe	 -20.0	 -10.0	4.539172e-006	1.230277e+001
phe	 -10.0	 -10.0	1.259286e-006	1.358497e+001
phe	   0.0	 -10.0	1.600271e-006	1.334534e+001
phe	  10.0	 -10.0	3.635385e-006	1.252480e+001
phe	  20.0	 -10.0	1.068163e-005	1.144699e+001
phe	  30.0	 -10.0	3.482529e-005	1.026517e+001
phe	  40.0	 -10.0	1.027696e-004	9.183021e+000
phe	  50.0	 -10.0	2.357605e-004	8.352694e+000
phe	  60.0	 -10.0	3.909744e-004	7.846868e+000
phe	  70.0	 -10.0	4.605316e-004	7.683129e+000
phe	  80.0	 -10.0	3.907881e-004	7.847345e+000
phe	  90.0	 -10.0	2.472334e-004	8.305178e+000
phe	 100.0	 -10.0	1.227895e-004	9.005039e+000
phe	 110.0	 -10.0	5.103414e-005	9.883016e+000
phe	 120.0	 -10.0	1.895307e-005	1.087354e+001
phe	 130.0	 -10.0	6.740284e-006	1.190741e+001
phe	 140.0	 -10.0	2.660452e-006	1.283701e+001
phe	 150.0	 -10.0	1.892148e-006	1.317780e+001
phe	 160.0	 -10.0	3.475849e-006	1.256967e+001
phe	 170.0	 -10.0	9.362472e-006	1.157880e+001
phe	-180.0	   0.0	2.400909e-005	1.063708e+001
phe	-170.0	   0.0	6.365405e-005	9.662048e+000
phe	-160.0	   0.0	1.538857e-004	8.779300e+000
phe	-150.0	   0.0	3.488236e-004	7.960944e+000
phe	-140.0	   0.0	7.823537e-004	7.153204e+000
phe	-130.0	   0.0	1.855335e-003	6.289690e+000
phe	-120.0	   0.0	4.532103e-003	5.396569e+000
phe	-110.0	   0.0	9.161058e-003	4.692794e+000
phe	-100.0	   0.0	1.265332e-002	4.369835e+000
phe	 -90.0	   0.0	1.175761e-002	4.443255e+000
phe	 -80.0	   0.0	8.426355e-003	4.776391e+000
phe	 -70.0	   0.0	5.250806e-003	5.249374e+000
phe	 -60.0	   0.0	2.424040e-003	6.022320e+000
phe	 -50.0	   0.0	6.532028e-004	7.333623e+000
phe	 -40.0	   0.0	9.613124e-005	9.249796e+000
phe	 -30.0	   0.0	9.003420e-006	1.161791e+001
phe	 -20.0	   0.0	1.205270e-006	1.362881e+001
phe	 -10.0	   0.0	8.968803e-007	1.392434e+001
phe	   0.0	   0.0	1.620913e-006	1.333252e+001
phe	  10.0	   0.0	4.552027e-006	1.229994e+001
phe	  20.0	   0.0	1.755970e-005	1.094990e+001
phe	  30.0	   0.0	6.977511e-005	9.570233e+000
phe	  40.0	   0.0	2.241494e-004	8.403198e+000
phe	  50.0	   0.0	5.146687e-004	7.571987e+000
phe	  60.0	   0.0	8.074955e-004	7.121573e+000
phe	  70.0	   0.0	8.670233e-004	7.050445e+000
phe	  80.0	   0.0	6.559425e-004	7.329437e+000
phe	  90.0	   0.0	3.656880e-004	7.913730e+000
phe	 100.0	   0.0	1.590921e-004	8.746027e+000
phe	 110.0	   0.0	5.792853e-005	9.756301e+000
phe	 120.0	   0.0	1.903262e-005	1.086936e+001
phe	 130.0	   0.0	6.098925e-006	1.200740e+001
phe	 140.0	   0.0	2.230281e-006	1.301338e+001
phe	 150.0	   0.0	1.565758e-006	1.336714e+001
phe	 160.0	   0.0	2.992474e-006	1.271941e+001
phe	 170.0	   0.0	8.395574e-006	1.168781e+001
phe	-180.0	  10.0	2.095592e-005	1.077309e+001
phe	-170.0	  10.0	5.888624e-005	9.739903e+000
phe	-160.0	  10.0	1.536073e-004	8.781111e+000
phe	-150.0	  10.0	3.830226e-004	7.867417e+000
phe	-140.0	  10.0	9.624362e-004	6.946043e+000
phe	-130.0	  10.0	2.487984e-003	5.996283e+000
phe	-120.0	  10.0	6.018298e-003	5.112951e+000
phe	-110.0	  10.0	1.092571e-002	4.516637e+000
phe	-100.0	  10.0	1.252588e-002	4.379959e+000
phe	 -90.0	  10.0	8.904119e-003	4.721241e+000
phe	 -80.0	  10.0	4.450834e-003	5.414664e+000
phe	 -70.0	  10.0	1.838463e-003	6.298825e+000
phe	 -60.0	  10.0	6.170725e-004	7.390524e+000
phe	 -50.0	  10.0	1.403026e-004	8.871709e+000
phe	 -40.0	  10.0	1.982253e-005	1.082869e+001
phe	 -30.0	  10.0	2.301201e-006	1.298208e+001
phe	 -20.0	  10.0	8.192133e-007	1.401492e+001
phe	 -10.0	  10.0	1.045045e-006	1.377145e+001
phe	   0.0	  10.0	2.255914e-006	1.300196e+001
phe	  10.0	  10.0	7.834238e-006	1.175701e+001
phe	  20.0	  10.0	3.487632e-005	1.026370e+001
phe	  30.0	  10.0	1.447082e-004	8.840791e+000
phe	  40.0	  10.0	4.579247e-004	7.688806e+000
phe	  50.0	  10.0	1.000854e-003	6.906901e+000
phe	  60.0	  10.0	1.453697e-003	6.533645e+000
phe	  70.0	  10.0	1.408286e-003	6.565382e+000
phe	  80.0	  10.0	9.423823e-004	6.967100e+000
phe	  90.0	  10.0	4.601956e-004	7.683859e+000
phe	 100.0	  10.0	1.752366e-004	8.649374e+000
phe	 110.0	  10.0	5.613906e-005	9.787679e+000
phe	 120.0	  10.0	1.644102e-005	1.101573e+001
phe	 130.0	  10.0	4.824932e-006	1.224171e+001
phe	 140.0	  10.0	1.705924e-006	1.328140e+001
phe	 150.0	  10.0	1.247230e-006	1.359459e+001
phe	 160.0	  10.0	2.455462e-006	1.291720e+001
phe	 170.0	  10.0	7.040165e-006	1.186388e+001
phe	-180.0	  20.0	1.955874e-005	1.084209e+001
phe	-170.0	  20.0	5.727619e-005	9.767625e+000
phe	-160.0	  20.0	1.587678e-004	8.748068e+000
phe	-150.0	  20.0	4.212530e-004	7.772277e+000
phe	-140.0	  20.0	1.093157e-003	6.818686e+000
phe	-130.0	  20.0	2.700056e-003	5.914483e+000
phe	-120.0	  20.0	5.733836e-003	5.161370e+000
phe	-110.0	  20.0	8.837113e-003	4.728795e+000
phe	-100.0	  20.0	8.459199e-003	4.772501e+000
phe	 -90.0	  20.0	4.839968e-003	5.330847e+000
phe	 -80.0	  20.0	1.835899e-003	6.300221e+000
phe	 -70.0	  20.0	5.426971e-004	7.518959e+000
phe	 -60.0	  20.0	1.350384e-004	8.909951e+000
phe	 -50.0	  20.0	2.808641e-005	1.048022e+001
phe	 -40.0	  20.0	5.183493e-006	1.217003e+001
phe	 -30.0	  20.0	1.385264e-006	1.348962e+001
phe	 -20.0	  20.0	1.018311e-006	1.379737e+001
phe	 -10.0	  20.0	1.565374e-006	1.336739e+001
phe	   0.0	  20.0	4.034409e-006	1.242065e+001
phe	  10.0	  20.0	1.533230e-005	1.108555e+001
phe	  20.0	  20.0	6.629077e-005	9.621460e+000
phe	  30.0	  20.0	2.560755e-004	8.270038e+000
phe	  40.0	  20.0	7.520483e-004	7.192710e+000
phe	  50.0	  20.0	1.527220e-003	6.484306e+000
phe	  60.0	  20.0	2.049445e-003	6.190186e+000
phe	  70.0	  20.0	1.809597e-003	6.314651e+000
phe	  80.0	  20.0	1.085126e-003	6.826059e+000
phe	  90.0	  20.0	4.692608e-004	7.664352e+000
phe	 100.0	  20.0	1.581689e-004	8.751847e+000
phe	 110.0	  20.0	4.532580e-005	1.000163e+001
phe	 120.0	  20.0	1.213134e-005	1.131972e+001
phe	 130.0	  20.0	3.412583e-006	1.258804e+001
phe	 140.0	  20.0	1.298094e-006	1.355461e+001
phe	 150.0	  20.0	1.125020e-006	1.369771e+001
phe	 160.0	  20.0	2.295284e-006	1.298465e+001
phe	 170.0	  20.0	6.490209e-006	1.194522e+001
phe	-180.0	  30.0	2.241242e-005	1.070590e+001
phe	-170.0	  30.0	6.387418e-005	9.658595e+000
phe	-160.0	  30.0	1.739184e-004	8.656924e+000
phe	-150.0	  30.0	4.448643e-004	7.717741e+000
phe	-140.0	  30.0	1.057762e-003	6.851600e+000
phe	-130.0	  30.0	2.251957e-003	6.095956e+000
phe	-120.0	  30.0	3.949227e-003	5.534236e+000
phe	-110.0	  30.0	5.057493e-003	5.286884e+000
phe	-100.0	  30.0	4.160441e-003	5.482134e+000
phe	 -90.0	  30.0	2.099368e-003	6.166119e+000
phe	 -80.0	  30.0	7.161920e-004	7.241562e+000
phe	 -70.0	  30.0	1.989124e-004	8.522646e+000
phe	 -60.0	  30.0	5.211344e-005	9.862088e+000
phe	 -50.0	  30.0	1.412792e-005	1.116736e+001
phe	 -40.0	  30.0	4.185730e-006	1.238383e+001
phe	 -30.0	  30.0	1.710773e-006	1.327857e+001
phe	 -20.0	  30.0	1.445258e-006	1.344722e+001
phe	 -10.0	  30.0	2.531880e-006	1.288655e+001
phe	   0.0	  30.0	7.320105e-006	1.182489e+001
phe	  10.0	  30.0	2.733178e-005	1.050746e+001
phe	  20.0	  30.0	1.060539e-004	9.151563e+000
phe	  30.0	  30.0	3.613952e-004	7.925538e+000
phe	  40.0	  30.0	9.499183e-004	6.959135e+000
phe	  50.0	  30.0	1.758020e-003	6.343567e+000
phe	  60.0	  30.0	2.173261e-003	6.131526e+000
phe	  70.0	  30.0	1.768931e-003	6.337380e+000
phe	  80.0	  30.0	9.707904e-004	6.937400e+000
phe	  90.0	  30.0	3.811782e-004	7.872244e+000
phe	 100.0	  30.0	1.168238e-004	9.054844e+000
phe	 110.0	  30.0	3.097565e-005	1.038231e+001
phe	 120.0	  30.0	7.985566e-006	1.173787e+001
phe	 130.0	  30.0	2.383871e-006	1.294679e+001
phe	 140.0	  30.0	1.173259e-006	1.365572e+001
phe	 150.0	  30.0	1.360123e-006	1.350794e+001
phe	 160.0	  30.0	2.902054e-006	1.275009e+001
phe	 170.0	  30.0	7.798795e-006	1.176154e+001
phe	-180.0	  40.0	2.984381e-005	1.041953e+001
phe	-170.0	  40.0	7.853555e-005	9.451959e+000
phe	-160.0	  40.0	1.973749e-004	8.530406e+000
phe	-150.0	  40.0	4.561335e-004	7.692725e+000
phe	-140.0	  40.0	9.327371e-004	6.977387e+000
phe	-130.0	  40.0	1.625215e-003	6.422115e+000
phe	-120.0	  40.0	2.283732e-003	6.081944e+000
phe	-110.0	  40.0	2.401756e-003	6.031555e+000
phe	-100.0	  40.0	1.761210e-003	6.341754e+000
phe	 -90.0	  40.0	9.075795e-004	7.004729e+000
phe	 -80.0	  40.0	3.828127e-004	7.867965e+000
phe	 -70.0	  40.0	1.558161e-004	8.766834e+000
phe	 -60.0	  40.0	6.069321e-005	9.709679e+000
phe	 -50.0	  40.0	2.112114e-005	1.076524e+001
phe	 -40.0	  40.0	6.721136e-006	1.191025e+001
phe	 -30.0	  40.0	2.552135e-006	1.287858e+001
phe	 -20.0	  40.0	2.037603e-006	1.310374e+001
phe	 -10.0	  40.0	3.827025e-006	1.247342e+001
phe	   0.0	  40.0	1.146286e-005	1.137640e+001
phe	  10.0	  40.0	4.022045e-005	1.012113e+001
phe	  20.0	  40.0	1.379609e-004	8.888540e+000
phe	  30.0	  40.0	4.087397e-004	7.802432e+000
phe	  40.0	  40.0	9.442506e-004	6.965119e+000
phe	  50.0	  40.0	1.568941e-003	6.457354e+000
phe	  60.0	  40.0	1.777617e-003	6.332481e+000
phe	  70.0	  40.0	1.345452e-003	6.611025e+000
phe	  80.0	  40.0	6.919020e-004	7.276066e+000
phe	  90.0	  40.0	2.559420e-004	8.270560e+000
phe	 100.0	  40.0	7.485415e-005	9.499969e+000
phe	 110.0	  40.0	1.957111e-005	1.084146e+001
phe	 120.0	  40.0	5.348805e-006	1.213864e+001
phe	 130.0	  40.0	1.962079e-006	1.314151e+001
phe	 140.0	  40.0	1.379923e-006	1.349348e+001
phe	 150.0	  40.0	2.021538e-006	1.311165e+001
phe	 160.0	  40.0	4.432747e-006	1.232649e+001
phe	 170.0	  40.0	1.125134e-005	1.139502e+001
phe	-180.0	  50.0	4.033555e-005	1.011828e+001
phe	-170.0	  50.0	9.873136e-005	9.223108e+000
phe	-160.0	  50.0	2.318329e-004	8.369494e+000
phe	-150.0	  50.0	4.936958e-004	7.613591e+000
phe	-140.0	  50.0	8.876190e-004	7.026968e+000
phe	-130.0	  50.0	1.281769e-003	6.659514e+000
phe	-120.0	  50.0	1.459930e-003	6.529367e+000
phe	-110.0	  50.0	1.315475e-003	6.633558e+000
phe	-100.0	  50.0	9.758547e-004	6.932197e+000
phe	 -90.0	  50.0	6.561786e-004	7.329078e+000
phe	 -80.0	  50.0	4.210022e-004	7.772873e+000
phe	 -70.0	  50.0	2.376426e-004	8.344743e+000
phe	 -60.0	  50.0	1.079162e-004	9.134156e+000
phe	 -50.0	  50.0	3.873727e-005	1.015871e+001
phe	 -40.0	  50.0	1.171003e-005	1.135506e+001
phe	 -30.0	  50.0	3.873430e-006	1.246137e+001
phe	 -20.0	  50.0	2.706617e-006	1.281981e+001
phe	 -10.0	  50.0	4.992466e-006	1.220758e+001
phe	   0.0	  50.0	1.456042e-005	1.113720e+001
phe	  10.0	  50.0	4.726184e-005	9.959807e+000
phe	  20.0	  50.0	1.444577e-004	8.842524e+000
phe	  30.0	  50.0	3.754637e-004	7.887349e+000
phe	  40.0	  50.0	7.641774e-004	7.176711e+000
phe	  50.0	  50.0	1.138755e-003	6.777820e+000
phe	  60.0	  50.0	1.185745e-003	6.737384e+000
phe	  70.0	  50.0	8.463106e-004	7.074624e+000
phe	  80.0	  50.0	4.208067e-004	7.773337e+000
phe	  90.0	  50.0	1.545619e-004	8.774916e+000
phe	 100.0	  50.0	4.647255e-005	9.976649e+000
phe	 110.0	  50.0	1.317873e-005	1.123691e+001
phe	 120.0	  50.0	4.255731e-006	1.236724e+001
phe	 130.0	  50.0	2.035179e-006	1.310493e+001
phe	 140.0	  50.0	1.851504e-006	1.319951e+001
phe	 150.0	  50.0	3.044173e-006	1.270228e+001
phe	 160.0	  50.0	6.718884e-006	1.191059e+001
phe	 170.0	  50.0	1.630118e-005	1.102427e+001
phe	-180.0	  60.0	5.222819e-005	9.859888e+000
phe	-170.0	  60.0	1.230747e-004	9.002719e+000
phe	-160.0	  60.0	2.834646e-004	8.168423e+000
phe	-150.0	  60.0	5.944931e-004	7.427802e+000
phe	-140.0	  60.0	1.020588e-003	6.887377e+000
phe	-130.0	  60.0	1.332625e-003	6.620605e+000
phe	-120.0	  60.0	1.325569e-003	6.625914e+000
phe	-110.0	  60.0	1.107633e-003	6.805530e+000
phe	-100.0	  60.0	9.171188e-004	6.994274e+000
phe	 -90.0	  60.0	7.892115e-004	7.144476e+000
phe	 -80.0	  60.0	6.134812e-004	7.396361e+000
phe	 -70.0	  60.0	3.778795e-004	7.880935e+000
phe	 -60.0	  60.0	1.763673e-004	8.642942e+000
phe	 -50.0	  60.0	6.315021e-005	9.669994e+000
phe	 -40.0	  60.0	1.858065e-005	1.089339e+001
phe	 -30.0	  60.0	5.681595e-006	1.207828e+001
phe	 -20.0	  60.0	3.389548e-006	1.259481e+001
phe	 -10.0	  60.0	5.534900e-006	1.210444e+001
phe	   0.0	  60.0	1.487032e-005	1.111614e+001
phe	  10.0	  60.0	4.420535e-005	1.002666e+001
phe	  20.0	  60.0	1.218125e-004	9.013028e+000
phe	  30.0	  60.0	2.827694e-004	8.170879e+000
phe	  40.0	  60.0	5.155219e-004	7.570331e+000
phe	  50.0	  60.0	6.988514e-004	7.266072e+000
phe	  60.0	  60.0	6.794890e-004	7.294169e+000
phe	  70.0	  60.0	4.686785e-004	7.665593e+000
phe	  80.0	  60.0	2.346179e-004	8.357552e+000
phe	  90.0	  60.0	9.091405e-005	9.305596e+000
phe	 100.0	  60.0	3.035050e-005	1.040270e+001
phe	 110.0	  60.0	1.007331e-005	1.150562e+001
phe	 120.0	  60.0	3.984526e-006	1.243309e+001
phe	 130.0	  60.0	2.342427e-006	1.296432e+001
phe	 140.0	  60.0	2.446388e-006	1.292090e+001
phe	 150.0	  60.0	4.225725e-006	1.237432e+001
phe	 160.0	  60.0	9.319231e-006	1.158343e+001
phe	 170.0	  60.0	2.200997e-005	1.072401e+001
phe	-180.0	  70.0	6.426567e-005	9.652485e+000
phe	-170.0	  70.0	1.494661e-004	8.808441e+000
phe	-160.0	  70.0	3.446437e-004	7.972999e+000
phe	-150.0	  70.0	7.319869e-004	7.219748e+000
phe	-140.0	  70.0	1.264311e-003	6.673228e+000
phe	-130.0	  70.0	1.628489e-003	6.420102e+000
phe	-120.0	  70.0	1.571040e-003	6.456017e+000
phe	-110.0	  70.0	1.293181e-003	6.650651e+000
phe	-100.0	  70.0	1.113110e-003	6.800598e+000
phe	 -90.0	  70.0	1.013362e-003	6.894482e+000
phe	 -80.0	  70.0	8.136997e-004	7.113919e+000
phe	 -70.0	  70.0	5.086438e-004	7.583763e+000
phe	 -60.0	  70.0	2.393777e-004	8.337468e+000
phe	 -50.0	  70.0	8.649739e-005	9.355396e+000
phe	 -40.0	  70.0	2.595462e-005	1.055916e+001
phe	 -30.0	  70.0	8.077983e-006	1.172637e+001
phe	 -20.0	  70.0	4.250906e-006	1.236838e+001
phe	 -10.0	  70.0	5.452982e-006	1.211935e+001
phe	   0.0	  70.0	1.252224e-005	1.128800e+001
phe	  10.0	  70.0	3.349369e-005	1.030415e+001
phe	  20.0	  70.0	8.386819e-005	9.386264e+000
phe	  30.0	  70.0	1.771958e-004	8.638255e+000
phe	  40.0	  70.0	2.960856e-004	8.124862e+000
phe	  50.0	  70.0	3.741201e-004	7.890934e+000
phe	  60.0	  70.0	3.487363e-004	7.961194e+000
phe	  70.0	  70.0	2.399098e-004	8.335248e+000
phe	  80.0	  70.0	1.257615e-004	8.981124e+000
phe	  90.0	  70.0	5.375138e-005	9.831141e+000
phe	 100.0	  70.0	2.071913e-005	1.078445e+001
phe	 110.0	  70.0	8.196791e-006	1.171177e+001
phe	 120.0	  70.0	3.897838e-006	1.245509e+001
phe	 130.0	  70.0	2.663574e-006	1.283584e+001
phe	 140.0	  70.0	3.007087e-006	1.271454e+001
phe	 150.0	  70.0	5.297686e-006	1.214824e+001
phe	 160.0	  70.0	1.169459e-005	1.135638e+001
phe	 170.0	  70.0	2.745438e-005	1.050298e+001
phe	-180.0	  80.0	7.551529e-005	9.491175e+000
phe	-170.0	  80.0	1.740363e-004	8.656247e+000
phe	-160.0	  80.0	3.933247e-004	7.840875e+000
phe	-150.0	  80.0	8.243557e-004	7.100908e+000
phe	-140.0	  80.0	1.427055e-003	6.552142e+000
phe	-130.0	  80.0	1.870483e-003	6.281558e+000
phe	-120.0	  80.0	1.864897e-003	6.284549e+000
phe	-110.0	  80.0	1.595729e-003	6.440425e+000
phe	-100.0	  80.0	1.387568e-003	6.580202e+000
phe	 -90.0	  80.0	1.236715e-003	6.695297e+000
phe	 -80.0	  80.0	9.747383e-004	6.933342e+000
phe	 -70.0	  80.0	6.059283e-004	7.408749e+000
phe	 -60.0	  80.0	2.869393e-004	8.156240e+000
phe	 -50.0	  80.0	1.067183e-004	9.145318e+000
phe	 -40.0	  80.0	3.475641e-005	1.026715e+001
phe	 -30.0	  80.0	1.218672e-005	1.131516e+001
phe	 -20.0	  80.0	5.959535e-006	1.203052e+001
phe	 -10.0	  80.0	5.351195e-006	1.213819e+001
phe	   0.0	  80.0	9.267330e-006	1.158902e+001
phe	  10.0	  80.0	2.137280e-005	1.075339e+001
phe	  20.0	  80.0	4.847745e-005	9.934412e+000
phe	  30.0	  80.0	9.452434e-005	9.266653e+000
phe	  40.0	  80.0	1.480745e-004	8.817795e+000
phe	  50.0	  80.0	1.792325e-004	8.626827e+000
phe	  60.0	  80.0	1.650048e-004	8.709536e+000
phe	  70.0	  80.0	1.166499e-004	9.056334e+000
phe	  80.0	  80.0	6.575151e-005	9.629628e+000
phe	  90.0	  80.0	3.156461e-005	1.036347e+001
phe	 100.0	  80.0	1.415605e-005	1.116537e+001
phe	 110.0	  80.0	6.666173e-006	1.191846e+001
phe	 120.0	  80.0	3.759737e-006	1.249116e+001
phe	 130.0	  80.0	2.900748e-006	1.275054e+001
phe	 140.0	  80.0	3.425083e-006	1.258438e+001
phe	 150.0	  80.0	6.054414e-006	1.201472e+001
phe	 160.0	  80.0	1.345278e-005	1.121632e+001
phe	 170.0	  80.0	3.202019e-005	1.034914e+001
phe	-180.0	  90.0	8.743979e-005	9.344560e+000
phe	-170.0	  90.0	1.996217e-004	8.519087e+000
phe	-160.0	  90.0	4.278042e-004	7.756845e+000
phe	-150.0	  90.0	8.428806e-004	7.078685e+000
phe	-140.0	  90.0	1.417882e-003	6.558591e+000
phe	-130.0	  90.0	1.896070e-003	6.267972e+000
phe	-120.0	  90.0	2.025148e-003	6.202112e+000
phe	-110.0	  90.0	1.902292e-003	6.264696e+000
phe	-100.0	  90.0	1.753797e-003	6.345972e+000
phe	 -90.0	  90.0	1.579064e-003	6.450923e+000
phe	 -80.0	  90.0	1.245344e-003	6.688344e+000
phe	 -70.0	  90.0	7.806686e-004	7.155360e+000
phe	 -60.0	  90.0	3.795250e-004	7.876590e+000
phe	 -50.0	  90.0	1.531712e-004	8.783954e+000
phe	 -40.0	  90.0	5.895982e-005	9.738654e+000
phe	 -30.0	  90.0	2.377562e-005	1.064685e+001
phe	 -20.0	  90.0	1.045180e-005	1.146874e+001
phe	 -10.0	  90.0	6.135602e-006	1.200140e+001
phe	   0.0	  90.0	6.788755e-006	1.190024e+001
phe	  10.0	  90.0	1.235021e-005	1.130184e+001
phe	  20.0	  90.0	2.474002e-005	1.060709e+001
phe	  30.0	  90.0	4.456103e-005	1.001865e+001
phe	  40.0	  90.0	6.636941e-005	9.620274e+000
phe	  50.0	  90.0	7.861356e-005	9.450966e+000
phe	  60.0	  90.0	7.322128e-005	9.522025e+000
phe	  70.0	  90.0	5.440216e-005	9.819107e+000
phe	  80.0	  90.0	3.355773e-005	1.030224e+001
phe	  90.0	  90.0	1.834224e-005	1.090630e+001
phe	 100.0	  90.0	9.699551e-006	1.154343e+001
phe	 110.0	  90.0	5.479803e-006	1.211444e+001
phe	 120.0	  90.0	3.620922e-006	1.252878e+001
phe	 130.0	  90.0	3.058703e-006	1.269752e+001
phe	 140.0	  90.0	3.672374e-006	1.251467e+001
phe	 150.0	  90.0	6.454385e-006	1.195075e+001
phe	 160.0	  90.0	1.460621e-005	1.113406e+001
phe	 170.0	  90.0	3.606629e-005	1.023015e+001
phe	-180.0	 100.0	1.063490e-004	9.148784e+000
phe	-170.0	 100.0	2.433716e-004	8.320921e+000
phe	-160.0	 100.0	4.903101e-004	7.620473e+000
phe	-150.0	 100.0	8.791048e-004	7.036606e+000
phe	-140.0	 100.0	1.391812e-003	6.577149e+000
phe	-130.0	 100.0	1.881860e-003	6.275495e+000
phe	-120.0	 100.0	2.171862e-003	6.132170e+000
phe	-110.0	 100.0	2.277981e-003	6.084466e+000
phe	-100.0	 100.0	2.324694e-003	6.064167e+000
phe	 -90.0	 100.0	2.270366e-003	6.087814e+000
phe	 -80.0	 100.0	1.923646e-003	6.253533e+000
phe	 -70.0	 100.0	1.305394e-003	6.641251e+000
phe	 -60.0	 100.0	7.176609e-004	7.239513e+000
phe	 -50.0	 100.0	3.495701e-004	7.958806e+000
phe	 -40.0	 100.0	1.581178e-004	8.752170e+000
phe	 -30.0	 100.0	6.370350e-005	9.661271e+000
phe	 -20.0	 100.0	2.297728e-005	1.068100e+001
phe	 -10.0	 100.0	8.911714e-006	1.162814e+001
phe	   0.0	 100.0	5.724368e-006	1.207078e+001
phe	  10.0	 100.0	7.301225e-006	1.182747e+001
phe	  20.0	 100.0	1.226921e-005	1.130842e+001
phe	  30.0	 100.0	2.005220e-005	1.081717e+001
phe	  40.0	 100.0	2.839358e-005	1.046935e+001
phe	  50.0	 100.0	3.327578e-005	1.031068e+001
phe	  60.0	 100.0	3.192304e-005	1.035218e+001
phe	  70.0	 100.0	2.548690e-005	1.057735e+001
phe	  80.0	 100.0	1.765600e-005	1.094444e+001
phe	  90.0	 100.0	1.130112e-005	1.139061e+001
phe	 100.0	 100.0	7.182981e-006	1.184380e+001
phe	 110.0	 100.0	4.823580e-006	1.224199e+001
phe	 120.0	 100.0	3.592322e-006	1.253671e+001
phe	 130.0	 100.0	3.181507e-006	1.265816e+001
phe	 140.0	 100.0	3.788219e-006	1.248361e+001
phe	 150.0	 100.0	6.643883e-006	1.192181e+001
phe	 160.0	 100.0	1.574025e-005	1.105929e+001
phe	 170.0	 100.0	4.164729e-005	1.008627e+001
phe	-180.0	 110.0	1.431581e-004	8.851561e+000
phe	-170.0	 110.0	3.333519e-004	8.006312e+000
phe	-160.0	 110.0	6.485030e-004	7.340844e+000
phe	-150.0	 110.0	1.084064e-003	6.827039e+000
phe	-140.0	 110.0	1.628503e-003	6.420094e+000
phe	-130.0	 110.0	2.200420e-003	6.119107e+000
phe	-120.0	 110.0	2.625655e-003	5.942425e+000
phe	-110.0	 110.0	2.887304e-003	5.847432e+000
phe	-100.0	 110.0	3.169929e-003	5.754046e+000
phe	 -90.0	 110.0	3.444589e-003	5.670951e+000
phe	 -80.0	 110.0	3.331323e-003	5.704386e+000
phe	 -70.0	 110.0	2.707336e-003	5.911790e+000
phe	 -60.0	 110.0	1.890708e-003	6.270804e+000
phe	 -50.0	 110.0	1.108071e-003	6.805134e+000
phe	 -40.0	 110.0	5.080113e-004	7.585007e+000
phe	 -30.0	 110.0	1.792375e-004	8.626799e+000
phe	 -20.0	 110.0	5.184851e-005	9.867184e+000
phe	 -10.0	 110.0	1.454958e-005	1.113795e+001
phe	   0.0	 110.0	5.843785e-006	1.205013e+001
phe	  10.0	 110.0	5.061936e-006	1.219376e+001
phe	  20.0	 110.0	6.916830e-006	1.188155e+001
phe	  30.0	 110.0	1.005175e-005	1.150776e+001
phe	  40.0	 110.0	1.342670e-005	1.121826e+001
phe	  50.0	 110.0	1.565954e-005	1.106443e+001
phe	  60.0	 110.0	1.575351e-005	1.105845e+001
phe	  70.0	 110.0	1.387685e-005	1.118529e+001
phe	  80.0	 110.0	1.108506e-005	1.140991e+001
phe	  90.0	 110.0	8.389707e-006	1.168850e+001
phe	 100.0	 110.0	6.252733e-006	1.198249e+001
phe	 110.0	 110.0	4.719406e-006	1.226383e+001
phe	 120.0	 110.0	3.727534e-006	1.249976e+001
phe	 130.0	 110.0	3.314262e-006	1.261728e+001
phe	 140.0	 110.0	3.863136e-006	1.246403e+001
phe	 150.0	 110.0	6.952372e-006	1.187643e+001
phe	 160.0	 110.0	1.804667e-005	1.092255e+001
phe	 170.0	 110.0	5.260137e-005	9.852768e+000
phe	-180.0	 120.0	2.088725e-004	8.473786e+000
phe	-170.0	 120.0	4.949844e-004	7.610984e+000
phe	-160.0	 120.0	9.544293e-004	6.954397e+000
phe	-150.0	 120.0	1.557198e-003	6.464867e+000
phe	-140.0	 120.0	2.297912e-003	6.075754e+000
phe	-130.0	 120.0	3.076659e-003	5.783911e+000
phe	-120.0	 120.0	3.584757e-003	5.631065e+000
phe	-110.0	 120.0	3.787526e-003	5.576042e+000
phe	-100.0	 120.0	4.127515e-003	5.490080e+000
phe	 -90.0	 120.0	4.816323e-003	5.335745e+000
phe	 -80.0	 120.0	5.454271e-003	5.211356e+000
phe	 -70.0	 120.0	5.656008e-003	5.175037e+000
phe	 -60.0	 120.0	4.965843e-003	5.305172e+000
phe	 -50.0	 120.0	3.137217e-003	5.764419e+000
phe	 -40.0	 120.0	1.333223e-003	6.620156e+000
phe	 -30.0	 120.0	4.006320e-004	7.822467e+000
phe	 -20.0	 120.0	9.473969e-005	9.264378e+000
phe	 -10.0	 120.0	2.115175e-005	1.076379e+001
phe	   0.0	 120.0	6.328949e-006	1.197038e+001
phe	  10.0	 120.0	4.262788e-006	1.236559e+001
phe	  20.0	 120.0	5.086238e-006	1.218897e+001
phe	  30.0	 120.0	6.772131e-006	1.190269e+001
phe	  40.0	 120.0	8.644564e-006	1.165858e+001
phe	  50.0	 120.0	1.012281e-005	1.150072e+001
phe	  60.0	 120.0	1.074482e-005	1.144109e+001
phe	  70.0	 120.0	1.039906e-005	1.147380e+001
phe	  80.0	 120.0	9.324339e-006	1.158288e+001
phe	  90.0	 120.0	7.887688e-006	1.175021e+001
phe	 100.0	 120.0	6.395950e-006	1.195985e+001
phe	 110.0	 120.0	5.057590e-006	1.219462e+001
phe	 120.0	 120.0	4.027740e-006	1.242231e+001
phe	 130.0	 120.0	3.498643e-006	1.256314e+001
phe	 140.0	 120.0	4.021531e-006	1.242385e+001
phe	 150.0	 120.0	7.800986e-006	1.176126e+001
phe	 160.0	 120.0	2.290973e-005	1.068395e+001
phe	 170.0	 120.0	7.306979e-005	9.524096e+000
phe	-180.0	 130.0	3.108705e-004	8.076134e+000
phe	-170.0	 130.0	7.439864e-004	7.203488e+000
phe	-160.0	 130.0	1.424482e-003	6.553947e+000
phe	-150.0	 130.0	2.304063e-003	6.073081e+000
phe	-140.0	 130.0	3.396582e-003	5.684986e+000
phe	-130.0	 130.0	4.492443e-003	5.405359e+000
phe	-120.0	 130.0	5.024640e-003	5.293402e+000
phe	-110.0	 130.0	4.930844e-003	5.312245e+000
phe	-100.0	 130.0	4.948972e-003	5.308575e+000
phe	 -90.0	 130.0	5.752705e-003	5.158085e+000
phe	 -80.0	 130.0	7.433443e-003	4.901766e+000
phe	 -70.0	 130.0	9.404243e-003	4.666594e+000
phe	 -60.0	 130.0	9.286662e-003	4.679176e+000
phe	 -50.0	 130.0	5.822121e-003	5.146091e+000
phe	 -40.0	 130.0	2.259269e-003	6.092714e+000
phe	 -30.0	 130.0	5.937232e-004	7.429097e+000
phe	 -20.0	 130.0	1.196018e-004	9.031342e+000
phe	 -10.0	 130.0	2.285281e-005	1.068644e+001
phe	   0.0	 130.0	6.123750e-006	1.200334e+001
phe	  10.0	 130.0	4.041353e-006	1.241893e+001
phe	  20.0	 130.0	4.795186e-006	1.224790e+001
phe	  30.0	 130.0	6.261224e-006	1.198113e+001
phe	  40.0	 130.0	7.903604e-006	1.174819e+001
phe	  50.0	 130.0	9.349208e-006	1.158022e+001
phe	  60.0	 130.0	1.025417e-005	1.148783e+001
phe	  70.0	 130.0	1.040920e-005	1.147282e+001
phe	  80.0	 130.0	9.812713e-006	1.153183e+001
phe	  90.0	 130.0	8.643988e-006	1.165865e+001
phe	 100.0	 130.0	7.177666e-006	1.184454e+001
phe	 110.0	 130.0	5.700396e-006	1.207497e+001
phe	 120.0	 130.0	4.466787e-006	1.231884e+001
phe	 130.0	 130.0	3.760911e-006	1.249085e+001
phe	 140.0	 130.0	4.348751e-006	1.234562e+001
phe	 150.0	 130.0	9.405311e-006	1.157424e+001
phe	 160.0	 130.0	3.094345e-005	1.038335e+001
phe	 170.0	 130.0	1.052520e-004	9.159153e+000
phe	-180.0	 140.0	4.651452e-004	7.673161e+000
phe	-170.0	 140.0	1.131064e-003	6.784597e+000
phe	-160.0	 140.0	2.124248e-003	6.154337e+000
phe	-150.0	 140.0	3.308494e-003	5.711262e+000
phe	-140.0	 140.0	4.733997e-003	5.352985e+000
phe	-130.0	 140.0	6.116093e-003	5.096832e+000
phe	-120.0	 140.0	6.664091e-003	5.011022e+000
phe	-110.0	 140.0	6.251194e-003	5.074983e+000
phe	-100.0	 140.0	5.763104e-003	5.156279e+000
phe	 -90.0	 140.0	6.303613e-003	5.066632e+000
phe	 -80.0	 140.0	8.345751e-003	4.786003e+000
phe	 -70.0	 140.0	1.094671e-002	4.514716e+000
phe	 -60.0	 140.0	1.065115e-002	4.542087e+000
phe	 -50.0	 140.0	6.291090e-003	5.068621e+000
phe	 -40.0	 140.0	2.231913e-003	6.104896e+000
phe	 -30.0	 140.0	5.278299e-004	7.546736e+000
phe	 -20.0	 140.0	9.520615e-005	9.259466e+000
phe	 -10.0	 140.0	1.693513e-005	1.098612e+001
phe	   0.0	 140.0	5.043162e-006	1.219748e+001
phe	  10.0	 140.0	4.078752e-006	1.240972e+001
phe	  20.0	 140.0	5.187693e-006	1.216922e+001
phe	  30.0	 140.0	6.874144e-006	1.188774e+001
phe	  40.0	 140.0	8.724228e-006	1.164941e+001
phe	  50.0	 140.0	1.039182e-005	1.147449e+001
phe	  60.0	 140.0	1.151778e-005	1.137162e+001
phe	  70.0	 140.0	1.183503e-005	1.134445e+001
phe	  80.0	 140.0	1.127365e-005	1.139304e+001
phe	  90.0	 140.0	9.985626e-006	1.151436e+001
phe	 100.0	 140.0	8.278647e-006	1.170183e+001
phe	 110.0	 140.0	6.506290e-006	1.194274e+001
phe	 120.0	 140.0	4.988781e-006	1.220832e+001
phe	 130.0	 140.0	4.083610e-006	1.240853e+001
phe	 140.0	 140.0	4.802171e-006	1.224644e+001
phe	 150.0	 140.0	1.152592e-005	1.137091e+001
phe	 160.0	 140.0	4.160148e-005	1.008737e+001
phe	 170.0	 140.0	1.506485e-004	8.800561e+000
phe	-180.0	 150.0	6.702631e-004	7.307840e+000
phe	-170.0	 150.0	1.672867e-003	6.393216e+000
phe	-160.0	 150.0	3.060628e-003	5.789135e+000
phe	-150.0	 150.0	4.386357e-003	5.429256e+000
phe	-140.0	 150.0	5.656678e-003	5.174918e+000
phe	-130.0	 150.0	6.844072e-003	4.984372e+000
phe	-120.0	 150.0	7.346270e-003	4.913563e+000
phe	-110.0	 150.0	6.874518e-003	4.979934e+000
phe	-100.0	 150.0	6.116004e-003	5.096846e+000
phe	 -90.0	 150.0	6.286233e-003	5.069393e+000
phe	 -80.0	 150.0	7.633552e-003	4.875202e+000
phe	 -70.0	 150.0	8.833315e-003	4.729225e+000
phe	 -60.0	 150.0	7.575888e-003	4.882785e+000
phe	 -50.0	 150.0	4.032853e-003	5.513281e+000
phe	 -40.0	 150.0	1.305896e-003	6.640866e+000
phe	 -30.0	 150.0	2.837839e-004	8.167298e+000
phe	 -20.0	 150.0	4.835818e-005	9.936875e+000
phe	 -10.0	 150.0	9.224882e-006	1.159361e+001
phe	   0.0	 150.0	4.045249e-006	1.241797e+001
phe	  10.0	 150.0	4.366967e-006	1.234144e+001
phe	  20.0	 150.0	5.930241e-006	1.203545e+001
phe	  30.0	 150.0	7.976769e-006	1.173898e+001
phe	  40.0	 150.0	1.016901e-005	1.149617e+001
phe	  50.0	 150.0	1.212197e-005	1.132049e+001
phe	  60.0	 150.0	1.342049e-005	1.121873e+001
phe	  70.0	 150.0	1.375540e-005	1.119408e+001
phe	  80.0	 150.0	1.304877e-005	1.124682e+001
phe	  90.0	 150.0	1.148578e-005	1.137440e+001
phe	 100.0	 150.0	9.436010e-006	1.157098e+001
phe	 110.0	 150.0	7.318116e-006	1.182516e+001
phe	 120.0	 150.0	5.502517e-006	1.211030e+001
phe	 130.0	 150.0	4.398683e-006	1.233421e+001
phe	 140.0	 150.0	5.212564e-006	1.216444e+001
phe	 150.0	 150.0	1.344968e-005	1.121655e+001
phe	 160.0	 150.0	5.250268e-005	9.854646e+000
phe	 170.0	 150.0	2.044269e-004	8.495300e+000
phe	-180.0	 160.0	8.011368e-004	7.129479e+000
phe	-170.0	 160.0	2.022450e-003	6.203446e+000
phe	-160.0	 160.0	3.602267e-003	5.626192e+000
phe	-150.0	 160.0	4.742230e-003	5.351248e+000
phe	-140.0	 160.0	5.322699e-003	5.235775e+000
phe	-130.0	 160.0	5.736796e-003	5.160854e+000
phe	-120.0	 160.0	5.916158e-003	5.130068e+000
phe	-110.0	 160.0	5.544430e-003	5.194961e+000
phe	-100.0	 160.0	4.894306e-003	5.319683e+000
phe	 -90.0	 160.0	4.820787e-003	5.334818e+000
phe	 -80.0	 160.0	5.280724e-003	5.243692e+000
phe	 -70.0	 160.0	5.170917e-003	5.264705e+000
phe	 -60.0	 160.0	3.730316e-003	5.591262e+000
phe	 -50.0	 160.0	1.741205e-003	6.353178e+000
phe	 -40.0	 160.0	5.172325e-004	7.567018e+000
phe	 -30.0	 160.0	1.076455e-004	9.136667e+000
phe	 -20.0	 160.0	1.927641e-005	1.085663e+001
phe	 -10.0	 160.0	5.103274e-006	1.218563e+001
phe	   0.0	 160.0	3.780040e-006	1.248578e+001
phe	  10.0	 160.0	4.911184e-006	1.222400e+001
phe	  20.0	 160.0	6.893699e-006	1.188490e+001
phe	  30.0	 160.0	9.336275e-006	1.158160e+001
phe	  40.0	 160.0	1.189258e-005	1.133960e+001
phe	  50.0	 160.0	1.410377e-005	1.116907e+001
phe	  60.0	 160.0	1.549056e-005	1.107528e+001
phe	  70.0	 160.0	1.572363e-005	1.106035e+001
phe	  80.0	 160.0	1.475689e-005	1.112380e+001
phe	  90.0	 160.0	1.284269e-005	1.126274e+001
phe	 100.0	 160.0	1.042442e-005	1.147136e+001
phe	 110.0	 160.0	7.977174e-006	1.173893e+001
phe	 120.0	 160.0	5.902094e-006	1.204020e+001
phe	 130.0	 160.0	4.623244e-006	1.228441e+001
phe	 140.0	 160.0	5.391541e-006	1.213068e+001
phe	 150.0	 160.0	1.413507e-005	1.116685e+001
phe	 160.0	 160.0	5.754484e-005	9.762946e+000
phe	 170.0	 160.0	2.353180e-004	8.354573e+000
phe	-180.0	 170.0	6.943549e-004	7.272527e+000
phe	-170.0	 170.0	1.718399e-003	6.366362e+000
phe	-160.0	 170.0	2.959380e-003	5.822776e+000
phe	-150.0	 170.0	3.661326e-003	5.609930e+000
phe	-140.0	 170.0	3.696459e-003	5.600380e+000
phe	-130.0	 170.0	3.542480e-003	5.642928e+000
phe	-120.0	 170.0	3.397210e-003	5.684801e+000
phe	-110.0	 170.0	3.117756e-003	5.770642e+000
phe	-100.0	 170.0	2.749687e-003	5.896268e+000
phe	 -90.0	 170.0	2.640622e-003	5.936741e+000
phe	 -80.0	 170.0	2.670535e-003	5.925477e+000
phe	 -70.0	 170.0	2.284064e-003	6.081799e+000
phe	 -60.0	 170.0	1.414589e-003	6.560916e+000
phe	 -50.0	 170.0	5.902812e-004	7.434912e+000
phe	 -40.0	 170.0	1.693880e-004	8.683319e+000
phe	 -30.0	 170.0	3.800949e-005	1.017767e+001
phe	 -20.0	 170.0	8.875665e-006	1.163220e+001
phe	 -10.0	 170.0	3.930494e-006	1.244675e+001
phe	   0.0	 170.0	4.062114e-006	1.241381e+001
phe	  10.0	 170.0	5.672488e-006	1.207988e+001
phe	  20.0	 170.0	8.068545e-006	1.172754e+001
phe	  30.0	 170.0	1.093500e-005	1.142354e+001
phe	  40.0	 170.0	1.384857e-005	1.118733e+001
phe	  50.0	 170.0	1.624978e-005	1.102743e+001
phe	  60.0	 170.0	1.759849e-005	1.094770e+001
phe	  70.0	 170.0	1.757908e-005	1.094880e+001
phe	  80.0	 170.0	1.622474e-005	1.102897e+001
phe	  90.0	 170.0	1.389020e-005	1.118433e+001
phe	 100.0	 170.0	1.110055e-005	1.140852e+001
phe	 110.0	 170.0	8.371814e-006	1.169064e+001
phe	 120.0	 170.0	6.109179e-006	1.200572e+001
phe	 130.0	 170.0	4.707866e-006	1.226628e+001
phe	 140.0	 170.0	5.276211e-006	1.215230e+001
phe	 150.0	 170.0	1.298284e-005	1.125188e+001
phe	 160.0	 170.0	5.108924e-005	9.881937e+000
phe	 170.0	 170.0	2.063460e-004	8.485956e+000
