pro	-180.0	-180.0	2.817352e-007	1.508230e+001
pro	-170.0	-180.0	6.042809e-007	1.431923e+001
pro	-160.0	-180.0	1.452577e-006	1.344217e+001
pro	-150.0	-180.0	3.811550e-006	1.247747e+001
pro	-140.0	-180.0	1.069305e-005	1.144592e+001
pro	-130.0	-180.0	3.224449e-005	1.034216e+001
pro	-120.0	-180.0	1.050127e-004	9.161430e+000
pro	-110.0	-180.0	3.552203e-004	7.942772e+000
pro	-100.0	-180.0	1.132972e-003	6.782911e+000
pro	 -90.0	-180.0	2.934328e-003	5.831277e+000
pro	 -80.0	-180.0	5.323798e-003	5.235568e+000
pro	 -70.0	-180.0	6.034343e-003	5.110288e+000
pro	 -60.0	-180.0	3.970010e-003	5.528987e+000
pro	 -50.0	-180.0	1.490915e-003	6.508365e+000
pro	 -40.0	-180.0	3.367147e-004	7.996275e+000
pro	 -30.0	-180.0	5.394110e-005	9.827618e+000
pro	 -20.0	-180.0	8.663656e-006	1.165637e+001
pro	 -10.0	-180.0	2.049913e-006	1.309771e+001
pro	   0.0	-180.0	7.320913e-007	1.412736e+001
pro	  10.0	-180.0	3.195391e-007	1.495639e+001
pro	  20.0	-180.0	1.547585e-007	1.568140e+001
pro	  30.0	-180.0	8.601208e-008	1.626878e+001
pro	  40.0	-180.0	5.684085e-008	1.668301e+001
pro	  50.0	-180.0	4.339003e-008	1.695304e+001
pro	  60.0	-180.0	3.633904e-008	1.713037e+001
pro	  70.0	-180.0	3.226942e-008	1.724915e+001
pro	  80.0	-180.0	2.990917e-008	1.732510e+001
pro	  90.0	-180.0	2.876830e-008	1.736399e+001
pro	 100.0	-180.0	2.869635e-008	1.736650e+001
pro	 110.0	-180.0	2.976352e-008	1.732998e+001
pro	 120.0	-180.0	3.228439e-008	1.724868e+001
pro	 130.0	-180.0	3.697118e-008	1.711313e+001
pro	 140.0	-180.0	4.531535e-008	1.690962e+001
pro	 150.0	-180.0	6.048502e-008	1.662087e+001
pro	 160.0	-180.0	8.952036e-008	1.622880e+001
pro	 170.0	-180.0	1.490867e-007	1.571874e+001
pro	-180.0	-170.0	2.611832e-007	1.515804e+001
pro	-170.0	-170.0	5.425892e-007	1.442691e+001
pro	-160.0	-170.0	1.254153e-006	1.358905e+001
pro	-150.0	-170.0	3.144375e-006	1.266990e+001
pro	-140.0	-170.0	8.346935e-006	1.169362e+001
pro	-130.0	-170.0	2.326101e-005	1.066873e+001
pro	-120.0	-170.0	6.760928e-005	9.601765e+000
pro	-110.0	-170.0	1.970199e-004	8.532206e+000
pro	-100.0	-170.0	5.282566e-004	7.545928e+000
pro	 -90.0	-170.0	1.149846e-003	6.768127e+000
pro	 -80.0	-170.0	1.782893e-003	6.329518e+000
pro	 -70.0	-170.0	1.781588e-003	6.330250e+000
pro	 -60.0	-170.0	1.088629e-003	6.822836e+000
pro	 -50.0	-170.0	4.114569e-004	7.795806e+000
pro	 -40.0	-170.0	1.056295e-004	9.155572e+000
pro	 -30.0	-170.0	2.226831e-005	1.071235e+001
pro	 -20.0	-170.0	4.974616e-006	1.221116e+001
pro	 -10.0	-170.0	1.436577e-006	1.345325e+001
pro	   0.0	-170.0	5.500522e-007	1.441325e+001
pro	  10.0	-170.0	2.557200e-007	1.517918e+001
pro	  20.0	-170.0	1.368789e-007	1.580417e+001
pro	  30.0	-170.0	8.448156e-008	1.628673e+001
pro	  40.0	-170.0	5.978522e-008	1.663251e+001
pro	  50.0	-170.0	4.703141e-008	1.687245e+001
pro	  60.0	-170.0	3.978463e-008	1.703979e+001
pro	  70.0	-170.0	3.541212e-008	1.715621e+001
pro	  80.0	-170.0	3.279783e-008	1.723290e+001
pro	  90.0	-170.0	3.146016e-008	1.727454e+001
pro	 100.0	-170.0	3.122874e-008	1.728193e+001
pro	 110.0	-170.0	3.214502e-008	1.725301e+001
pro	 120.0	-170.0	3.448077e-008	1.718286e+001
pro	 130.0	-170.0	3.887518e-008	1.706291e+001
pro	 140.0	-170.0	4.668257e-008	1.687990e+001
pro	 150.0	-170.0	6.079122e-008	1.661582e+001
pro	 160.0	-170.0	8.760006e-008	1.625048e+001
pro	 170.0	-170.0	1.420459e-007	1.576712e+001
pro	-180.0	-160.0	2.345411e-007	1.526564e+001
pro	-170.0	-160.0	4.643997e-007	1.458252e+001
pro	-160.0	-160.0	1.015219e-006	1.380041e+001
pro	-150.0	-160.0	2.388215e-006	1.294496e+001
pro	-140.0	-160.0	5.883688e-006	1.204333e+001
pro	-130.0	-160.0	1.487536e-005	1.111580e+001
pro	-120.0	-160.0	3.791584e-005	1.018014e+001
pro	-110.0	-160.0	9.384066e-005	9.273912e+000
pro	-100.0	-160.0	2.098736e-004	8.469005e+000
pro	 -90.0	-160.0	3.840740e-004	7.864675e+000
pro	 -80.0	-160.0	5.181414e-004	7.565262e+000
pro	 -70.0	-160.0	4.755945e-004	7.650945e+000
pro	 -60.0	-160.0	2.877915e-004	8.153274e+000
pro	 -50.0	-160.0	1.189512e-004	9.036797e+000
pro	 -40.0	-160.0	3.740888e-005	1.019360e+001
pro	 -30.0	-160.0	1.049536e-005	1.146458e+001
pro	 -20.0	-160.0	3.097818e-006	1.268481e+001
pro	 -10.0	-160.0	1.081058e-006	1.373757e+001
pro	   0.0	-160.0	4.590988e-007	1.459400e+001
pro	  10.0	-160.0	2.300257e-007	1.528507e+001
pro	  20.0	-160.0	1.325187e-007	1.583654e+001
pro	  30.0	-160.0	8.690478e-008	1.625845e+001
pro	  40.0	-160.0	6.379921e-008	1.656752e+001
pro	  50.0	-160.0	5.108493e-008	1.678978e+001
pro	  60.0	-160.0	4.355052e-008	1.694934e+001
pro	  70.0	-160.0	3.888747e-008	1.706259e+001
pro	  80.0	-160.0	3.603941e-008	1.713865e+001
pro	  90.0	-160.0	3.452176e-008	1.718168e+001
pro	 100.0	-160.0	3.414699e-008	1.719259e+001
pro	 110.0	-160.0	3.493029e-008	1.716991e+001
pro	 120.0	-160.0	3.709944e-008	1.710966e+001
pro	 130.0	-160.0	4.121067e-008	1.700457e+001
pro	 140.0	-160.0	4.844894e-008	1.684276e+001
pro	 150.0	-160.0	6.133081e-008	1.660698e+001
pro	 160.0	-160.0	8.536490e-008	1.627633e+001
pro	 170.0	-160.0	1.331118e-007	1.583208e+001
pro	-180.0	-150.0	2.024043e-007	1.541300e+001
pro	-170.0	-150.0	3.768372e-007	1.479145e+001
pro	-160.0	-150.0	7.707538e-007	1.407590e+001
pro	-150.0	-150.0	1.685478e-006	1.329346e+001
pro	-140.0	-150.0	3.824899e-006	1.247398e+001
pro	-130.0	-150.0	8.755794e-006	1.164579e+001
pro	-120.0	-150.0	1.967151e-005	1.083634e+001
pro	-110.0	-150.0	4.181422e-005	1.008227e+001
pro	-100.0	-150.0	7.940343e-005	9.440969e+000
pro	 -90.0	-150.0	1.248750e-004	8.988198e+000
pro	 -80.0	-150.0	1.505846e-004	8.800986e+000
pro	 -70.0	-150.0	1.317804e-004	8.934373e+000
pro	 -60.0	-150.0	8.270098e-005	9.400279e+000
pro	 -50.0	-150.0	3.886881e-005	1.015532e+001
pro	 -40.0	-150.0	1.501630e-005	1.110637e+001
pro	 -30.0	-150.0	5.370547e-006	1.213458e+001
pro	 -20.0	-150.0	1.992697e-006	1.312602e+001
pro	 -10.0	-150.0	8.288929e-007	1.400317e+001
pro	   0.0	-150.0	3.958922e-007	1.474212e+001
pro	  10.0	-150.0	2.152608e-007	1.535142e+001
pro	  20.0	-150.0	1.319141e-007	1.584111e+001
pro	  30.0	-150.0	9.032989e-008	1.621980e+001
pro	  40.0	-150.0	6.806264e-008	1.650284e+001
pro	  50.0	-150.0	5.527893e-008	1.671087e+001
pro	  60.0	-150.0	4.748435e-008	1.686287e+001
pro	  70.0	-150.0	4.256520e-008	1.697223e+001
pro	  80.0	-150.0	3.950558e-008	1.704682e+001
pro	  90.0	-150.0	3.782023e-008	1.709042e+001
pro	 100.0	-150.0	3.730734e-008	1.710408e+001
pro	 110.0	-150.0	3.795541e-008	1.708685e+001
pro	 120.0	-150.0	3.994184e-008	1.703584e+001
pro	 130.0	-150.0	4.372199e-008	1.694541e+001
pro	 140.0	-150.0	5.026759e-008	1.680591e+001
pro	 150.0	-150.0	6.162141e-008	1.660226e+001
pro	 160.0	-150.0	8.217592e-008	1.631440e+001
pro	 170.0	-150.0	1.216728e-007	1.592193e+001
pro	-180.0	-140.0	1.700272e-007	1.558731e+001
pro	-170.0	-140.0	2.936551e-007	1.504086e+001
pro	-160.0	-140.0	5.563317e-007	1.440190e+001
pro	-150.0	-140.0	1.124237e-006	1.369841e+001
pro	-140.0	-140.0	2.346058e-006	1.296277e+001
pro	-130.0	-140.0	4.891834e-006	1.222794e+001
pro	-120.0	-140.0	9.855633e-006	1.152747e+001
pro	-110.0	-140.0	1.847689e-005	1.089899e+001
pro	-100.0	-140.0	3.076984e-005	1.038898e+001
pro	 -90.0	-140.0	4.308692e-005	1.005229e+001
pro	 -80.0	-140.0	4.811699e-005	9.941875e+000
pro	 -70.0	-140.0	4.141965e-005	1.009176e+001
pro	 -60.0	-140.0	2.749333e-005	1.050157e+001
pro	 -50.0	-140.0	1.466421e-005	1.113010e+001
pro	 -40.0	-140.0	6.776011e-006	1.190212e+001
pro	 -30.0	-140.0	2.971492e-006	1.272645e+001
pro	 -20.0	-140.0	1.343448e-006	1.352027e+001
pro	 -10.0	-140.0	6.585538e-007	1.423322e+001
pro	   0.0	-140.0	3.547482e-007	1.485186e+001
pro	  10.0	-140.0	2.094674e-007	1.537870e+001
pro	  20.0	-140.0	1.354003e-007	1.581503e+001
pro	  30.0	-140.0	9.565854e-008	1.616248e+001
pro	  40.0	-140.0	7.326782e-008	1.642914e+001
pro	  50.0	-140.0	5.999612e-008	1.662899e+001
pro	  60.0	-140.0	5.175590e-008	1.677673e+001
pro	  70.0	-140.0	4.649702e-008	1.688388e+001
pro	  80.0	-140.0	4.318803e-008	1.695770e+001
pro	  90.0	-140.0	4.131804e-008	1.700197e+001
pro	 100.0	-140.0	4.065949e-008	1.701803e+001
pro	 110.0	-140.0	4.116791e-008	1.700561e+001
pro	 120.0	-140.0	4.296485e-008	1.696288e+001
pro	 130.0	-140.0	4.639595e-008	1.688605e+001
pro	 140.0	-140.0	5.220216e-008	1.676814e+001
pro	 150.0	-140.0	6.191861e-008	1.659745e+001
pro	 160.0	-140.0	7.877441e-008	1.635668e+001
pro	 170.0	-140.0	1.097216e-007	1.602532e+001
pro	-180.0	-130.0	1.429249e-007	1.576095e+001
pro	-170.0	-130.0	2.262053e-007	1.530182e+001
pro	-160.0	-130.0	3.923540e-007	1.475110e+001
pro	-150.0	-130.0	7.273859e-007	1.413381e+001
pro	-140.0	-130.0	1.393572e-006	1.348364e+001
pro	-130.0	-130.0	2.662373e-006	1.283629e+001
pro	-120.0	-130.0	4.892134e-006	1.222788e+001
pro	-110.0	-130.0	8.325427e-006	1.169620e+001
pro	-100.0	-130.0	1.260380e-005	1.128151e+001
pro	 -90.0	-130.0	1.629717e-005	1.102452e+001
pro	 -80.0	-130.0	1.738889e-005	1.095968e+001
pro	 -70.0	-130.0	1.504129e-005	1.110471e+001
pro	 -60.0	-130.0	1.064528e-005	1.145039e+001
pro	 -50.0	-130.0	6.418778e-006	1.195628e+001
pro	 -40.0	-130.0	3.521217e-006	1.255670e+001
pro	 -30.0	-130.0	1.888629e-006	1.317966e+001
pro	 -20.0	-130.0	1.042067e-006	1.377430e+001
pro	 -10.0	-130.0	6.009906e-007	1.432469e+001
pro	   0.0	-130.0	3.612836e-007	1.483360e+001
pro	  10.0	-130.0	2.267478e-007	1.529943e+001
pro	  20.0	-130.0	1.503125e-007	1.571055e+001
pro	  30.0	-130.0	1.065984e-007	1.605420e+001
pro	  40.0	-130.0	8.122169e-008	1.632608e+001
pro	  50.0	-130.0	6.608050e-008	1.653239e+001
pro	  60.0	-130.0	5.673674e-008	1.668484e+001
pro	  70.0	-130.0	5.082738e-008	1.679483e+001
pro	  80.0	-130.0	4.712354e-008	1.687049e+001
pro	  90.0	-130.0	4.500306e-008	1.691654e+001
pro	 100.0	-130.0	4.417356e-008	1.693514e+001
pro	 110.0	-130.0	4.454135e-008	1.692685e+001
pro	 120.0	-130.0	4.616819e-008	1.689097e+001
pro	 130.0	-130.0	4.929544e-008	1.682543e+001
pro	 140.0	-130.0	5.445216e-008	1.672594e+001
pro	 150.0	-130.0	6.271624e-008	1.658465e+001
pro	 160.0	-130.0	7.629530e-008	1.638865e+001
pro	 170.0	-130.0	9.979296e-008	1.612017e+001
pro	-180.0	-120.0	1.239837e-007	1.590312e+001
pro	-170.0	-120.0	1.790070e-007	1.553584e+001
pro	-160.0	-120.0	2.814435e-007	1.508333e+001
pro	-150.0	-120.0	4.740791e-007	1.456189e+001
pro	-140.0	-120.0	8.298247e-007	1.400205e+001
pro	-130.0	-120.0	1.455319e-006	1.344029e+001
pro	-120.0	-120.0	2.464236e-006	1.291363e+001
pro	-110.0	-120.0	3.884635e-006	1.245848e+001
pro	-100.0	-120.0	5.503837e-006	1.211007e+001
pro	 -90.0	-120.0	6.794180e-006	1.189944e+001
pro	 -80.0	-120.0	7.157501e-006	1.184735e+001
pro	 -70.0	-120.0	6.421963e-006	1.195579e+001
pro	 -60.0	-120.0	5.026483e-006	1.220079e+001
pro	 -50.0	-120.0	3.600454e-006	1.253445e+001
pro	 -40.0	-120.0	2.483789e-006	1.290573e+001
pro	 -30.0	-120.0	1.691985e-006	1.328961e+001
pro	 -20.0	-120.0	1.132510e-006	1.369107e+001
pro	 -10.0	-120.0	7.365723e-007	1.412126e+001
pro	   0.0	-120.0	4.666357e-007	1.457772e+001
pro	  10.0	-120.0	2.936715e-007	1.504080e+001
pro	  20.0	-120.0	1.893270e-007	1.547979e+001
pro	  30.0	-120.0	1.289202e-007	1.586407e+001
pro	  40.0	-120.0	9.446834e-008	1.617500e+001
pro	  50.0	-120.0	7.461330e-008	1.641095e+001
pro	  60.0	-120.0	6.285139e-008	1.658249e+001
pro	  70.0	-120.0	5.568530e-008	1.670355e+001
pro	  80.0	-120.0	5.130754e-008	1.678543e+001
pro	  90.0	-120.0	4.881104e-008	1.683531e+001
pro	 100.0	-120.0	4.776155e-008	1.685705e+001
pro	 110.0	-120.0	4.798503e-008	1.685238e+001
pro	 120.0	-120.0	4.947729e-008	1.682175e+001
pro	 130.0	-120.0	5.238950e-008	1.676456e+001
pro	 140.0	-120.0	5.708201e-008	1.667878e+001
pro	 150.0	-120.0	6.427863e-008	1.656004e+001
pro	 160.0	-120.0	7.541358e-008	1.640028e+001
pro	 170.0	-120.0	9.336864e-008	1.618671e+001
pro	-180.0	-110.0	1.131397e-007	1.599464e+001
pro	-170.0	-110.0	1.505678e-007	1.570885e+001
pro	-160.0	-110.0	2.149039e-007	1.535308e+001
pro	-150.0	-110.0	3.271827e-007	1.493275e+001
pro	-140.0	-110.0	5.201601e-007	1.446913e+001
pro	-130.0	-110.0	8.362869e-007	1.399429e+001
pro	-120.0	-110.0	1.312750e-006	1.354339e+001
pro	-110.0	-110.0	1.946752e-006	1.314935e+001
pro	-100.0	-110.0	2.653804e-006	1.283952e+001
pro	 -90.0	-110.0	3.270679e-006	1.263051e+001
pro	 -80.0	-110.0	3.652154e-006	1.252019e+001
pro	 -70.0	-110.0	3.789428e-006	1.248330e+001
pro	 -60.0	-110.0	3.773270e-006	1.248757e+001
pro	 -50.0	-110.0	3.618520e-006	1.252945e+001
pro	 -40.0	-110.0	3.236412e-006	1.264105e+001
pro	 -30.0	-110.0	2.613665e-006	1.285476e+001
pro	 -20.0	-110.0	1.891498e-006	1.317814e+001
pro	 -10.0	-110.0	1.244593e-006	1.359670e+001
pro	   0.0	-110.0	7.646803e-007	1.408381e+001
pro	  10.0	-110.0	4.540151e-007	1.460514e+001
pro	  20.0	-110.0	2.713873e-007	1.511972e+001
pro	  30.0	-110.0	1.704068e-007	1.558508e+001
pro	  40.0	-110.0	1.160762e-007	1.596902e+001
pro	  50.0	-110.0	8.673590e-008	1.626040e+001
pro	  60.0	-110.0	7.045923e-008	1.646823e+001
pro	  70.0	-110.0	6.110948e-008	1.661060e+001
pro	  80.0	-110.0	5.564457e-008	1.670428e+001
pro	  90.0	-110.0	5.258900e-008	1.676076e+001
pro	 100.0	-110.0	5.124498e-008	1.678665e+001
pro	 110.0	-110.0	5.130906e-008	1.678540e+001
pro	 120.0	-110.0	5.269860e-008	1.675868e+001
pro	 130.0	-110.0	5.548867e-008	1.670709e+001
pro	 140.0	-110.0	5.991936e-008	1.663027e+001
pro	 150.0	-110.0	6.647488e-008	1.652644e+001
pro	 160.0	-110.0	7.607699e-008	1.639152e+001
pro	 170.0	-110.0	9.049272e-008	1.621800e+001
pro	-180.0	-100.0	1.086177e-007	1.603543e+001
pro	-170.0	-100.0	1.365559e-007	1.580653e+001
pro	-160.0	-100.0	1.807634e-007	1.552608e+001
pro	-150.0	-100.0	2.521783e-007	1.519313e+001
pro	-140.0	-100.0	3.668324e-007	1.481836e+001
pro	-130.0	-100.0	5.446046e-007	1.442321e+001
pro	-120.0	-100.0	8.047070e-007	1.403279e+001
pro	-110.0	-100.0	1.160664e-006	1.366652e+001
pro	-100.0	-100.0	1.627608e-006	1.332840e+001
pro	 -90.0	-100.0	2.263273e-006	1.299870e+001
pro	 -80.0	-100.0	3.225746e-006	1.264435e+001
pro	 -70.0	-100.0	4.693347e-006	1.226936e+001
pro	 -60.0	-100.0	6.472395e-006	1.194796e+001
pro	 -50.0	-100.0	7.709159e-006	1.177310e+001
pro	 -40.0	-100.0	7.540144e-006	1.179527e+001
pro	 -30.0	-100.0	6.065538e-006	1.201289e+001
pro	 -20.0	-100.0	4.151900e-006	1.239194e+001
pro	 -10.0	-100.0	2.528043e-006	1.288806e+001
pro	   0.0	-100.0	1.427346e-006	1.345969e+001
pro	  10.0	-100.0	7.756210e-007	1.406960e+001
pro	  20.0	-100.0	4.218218e-007	1.467868e+001
pro	  30.0	-100.0	2.400361e-007	1.524248e+001
pro	  40.0	-100.0	1.490230e-007	1.571917e+001
pro	  50.0	-100.0	1.033058e-007	1.608557e+001
pro	  60.0	-100.0	7.968672e-008	1.634516e+001
pro	  70.0	-100.0	6.697659e-008	1.651892e+001
pro	  80.0	-100.0	5.992565e-008	1.663016e+001
pro	  90.0	-100.0	5.609722e-008	1.669618e+001
pro	 100.0	-100.0	5.437018e-008	1.672745e+001
pro	 110.0	-100.0	5.424830e-008	1.672969e+001
pro	 120.0	-100.0	5.555162e-008	1.670595e+001
pro	 130.0	-100.0	5.828843e-008	1.665786e+001
pro	 140.0	-100.0	6.262008e-008	1.658618e+001
pro	 150.0	-100.0	6.889004e-008	1.649075e+001
pro	 160.0	-100.0	7.772778e-008	1.637005e+001
pro	 170.0	-100.0	9.027438e-008	1.622041e+001
pro	-180.0	 -90.0	1.084481e-007	1.603699e+001
pro	-170.0	 -90.0	1.328666e-007	1.583392e+001
pro	-160.0	 -90.0	1.696221e-007	1.558969e+001
pro	-150.0	 -90.0	2.264001e-007	1.530096e+001
pro	-140.0	 -90.0	3.148903e-007	1.497104e+001
pro	-130.0	 -90.0	4.524186e-007	1.460866e+001
pro	-120.0	 -90.0	6.678001e-007	1.421928e+001
pro	-110.0	 -90.0	1.023738e-006	1.379205e+001
pro	-100.0	 -90.0	1.690433e-006	1.329053e+001
pro	 -90.0	 -90.0	3.135502e-006	1.267272e+001
pro	 -80.0	 -90.0	6.363982e-006	1.196486e+001
pro	 -70.0	 -90.0	1.245509e-005	1.129338e+001
pro	 -60.0	 -90.0	2.033284e-005	1.080327e+001
pro	 -50.0	 -90.0	2.531906e-005	1.058395e+001
pro	 -40.0	 -90.0	2.358870e-005	1.065474e+001
pro	 -30.0	 -90.0	1.706173e-005	1.097867e+001
pro	 -20.0	 -90.0	1.024364e-005	1.148885e+001
pro	 -10.0	 -90.0	5.470268e-006	1.211618e+001
pro	   0.0	 -90.0	2.745111e-006	1.280569e+001
pro	  10.0	 -90.0	1.345394e-006	1.351882e+001
pro	  20.0	 -90.0	6.647207e-007	1.422390e+001
pro	  30.0	 -90.0	3.436812e-007	1.488355e+001
pro	  40.0	 -90.0	1.942232e-007	1.545426e+001
pro	  50.0	 -90.0	1.240595e-007	1.590250e+001
pro	  60.0	 -90.0	9.008907e-008	1.622247e+001
pro	  70.0	 -90.0	7.287755e-008	1.643449e+001
pro	  80.0	 -90.0	6.379802e-008	1.656754e+001
pro	  90.0	 -90.0	5.902191e-008	1.664536e+001
pro	 100.0	 -90.0	5.684329e-008	1.668297e+001
pro	 110.0	 -90.0	5.651305e-008	1.668879e+001
pro	 120.0	 -90.0	5.773625e-008	1.666738e+001
pro	 130.0	 -90.0	6.046134e-008	1.662126e+001
pro	 140.0	 -90.0	6.480394e-008	1.655190e+001
pro	 150.0	 -90.0	7.104529e-008	1.645995e+001
pro	 160.0	 -90.0	7.969489e-008	1.634506e+001
pro	 170.0	 -90.0	9.164153e-008	1.620538e+001
pro	-180.0	 -80.0	1.116831e-007	1.600760e+001
pro	-170.0	 -80.0	1.379367e-007	1.579647e+001
pro	-160.0	 -80.0	1.787661e-007	1.553719e+001
pro	-150.0	 -80.0	2.450266e-007	1.522190e+001
pro	-140.0	 -80.0	3.560365e-007	1.484823e+001
pro	-130.0	 -80.0	5.477727e-007	1.441741e+001
pro	-120.0	 -80.0	8.967773e-007	1.392446e+001
pro	-110.0	 -80.0	1.600411e-006	1.334525e+001
pro	-100.0	 -80.0	3.269600e-006	1.263084e+001
pro	 -90.0	 -80.0	7.872655e-006	1.175212e+001
pro	 -80.0	 -80.0	2.046236e-005	1.079692e+001
pro	 -70.0	 -80.0	4.756504e-005	9.953412e+000
pro	 -60.0	 -80.0	8.361128e-005	9.389332e+000
pro	 -50.0	 -80.0	1.018264e-004	9.192241e+000
pro	 -40.0	 -80.0	8.539870e-005	9.368180e+000
pro	 -30.0	 -80.0	5.249859e-005	9.854724e+000
pro	 -20.0	 -80.0	2.623828e-005	1.054829e+001
pro	 -10.0	 -80.0	1.179261e-005	1.134804e+001
pro	   0.0	 -80.0	5.113224e-006	1.218368e+001
pro	  10.0	 -80.0	2.228943e-006	1.301398e+001
pro	  20.0	 -80.0	1.000914e-006	1.381460e+001
pro	  30.0	 -80.0	4.748871e-007	1.456019e+001
pro	  40.0	 -80.0	2.470590e-007	1.521364e+001
pro	  50.0	 -80.0	1.463704e-007	1.573713e+001
pro	  60.0	 -80.0	1.002219e-007	1.611588e+001
pro	  70.0	 -80.0	7.798341e-008	1.636677e+001
pro	  80.0	 -80.0	6.674058e-008	1.652245e+001
pro	  90.0	 -80.0	6.099437e-008	1.661248e+001
pro	 100.0	 -80.0	5.837000e-008	1.665646e+001
pro	 110.0	 -80.0	5.784246e-008	1.666554e+001
pro	 120.0	 -80.0	5.900095e-008	1.664571e+001
pro	 130.0	 -80.0	6.174711e-008	1.660022e+001
pro	 140.0	 -80.0	6.618324e-008	1.653084e+001
pro	 150.0	 -80.0	7.259923e-008	1.643831e+001
pro	 160.0	 -80.0	8.153891e-008	1.632219e+001
pro	 170.0	 -80.0	9.397608e-008	1.618023e+001
pro	-180.0	 -70.0	1.194322e-007	1.594052e+001
pro	-170.0	 -70.0	1.549780e-007	1.567998e+001
pro	-160.0	 -70.0	2.171423e-007	1.534271e+001
pro	-150.0	 -70.0	3.323914e-007	1.491695e+001
pro	-140.0	 -70.0	5.544719e-007	1.440525e+001
pro	-130.0	 -70.0	9.934594e-007	1.382207e+001
pro	-120.0	 -70.0	1.890395e-006	1.317872e+001
pro	-110.0	 -70.0	3.876329e-006	1.246062e+001
pro	-100.0	 -70.0	9.106237e-006	1.160655e+001
pro	 -90.0	 -70.0	2.590594e-005	1.056104e+001
pro	 -80.0	 -70.0	8.008865e-005	9.432376e+000
pro	 -70.0	 -70.0	2.098017e-004	8.469348e+000
pro	 -60.0	 -70.0	3.821851e-004	7.869605e+000
pro	 -50.0	 -70.0	4.436492e-004	7.720476e+000
pro	 -40.0	 -70.0	3.279249e-004	8.022726e+000
pro	 -30.0	 -70.0	1.658748e-004	8.704277e+000
pro	 -20.0	 -70.0	6.587466e-005	9.627757e+000
pro	 -10.0	 -70.0	2.393303e-005	1.064025e+001
pro	   0.0	 -70.0	8.764033e-006	1.164485e+001
pro	  10.0	 -70.0	3.364413e-006	1.260226e+001
pro	  20.0	 -70.0	1.374659e-006	1.349731e+001
pro	  30.0	 -70.0	6.052737e-007	1.431759e+001
pro	  40.0	 -70.0	2.948259e-007	1.503688e+001
pro	  50.0	 -70.0	1.646753e-007	1.561929e+001
pro	  60.0	 -70.0	1.075806e-007	1.604503e+001
pro	  70.0	 -70.0	8.109708e-008	1.632762e+001
pro	  80.0	 -70.0	6.812970e-008	1.650185e+001
pro	  90.0	 -70.0	6.165224e-008	1.660176e+001
pro	 100.0	 -70.0	5.871243e-008	1.665061e+001
pro	 110.0	 -70.0	5.806115e-008	1.666177e+001
pro	 120.0	 -70.0	5.920447e-008	1.664227e+001
pro	 130.0	 -70.0	6.202736e-008	1.659569e+001
pro	 140.0	 -70.0	6.666406e-008	1.652360e+001
pro	 150.0	 -70.0	7.350267e-008	1.642594e+001
pro	 160.0	 -70.0	8.331820e-008	1.630060e+001
pro	 170.0	 -70.0	9.761959e-008	1.614219e+001
pro	-180.0	 -60.0	1.361101e-007	1.580980e+001
pro	-170.0	 -60.0	1.952069e-007	1.544921e+001
pro	-160.0	 -60.0	3.144227e-007	1.497253e+001
pro	-150.0	 -60.0	5.686685e-007	1.437997e+001
pro	-140.0	 -60.0	1.125790e-006	1.369703e+001
pro	-130.0	 -60.0	2.354303e-006	1.295927e+001
pro	-120.0	 -60.0	5.089229e-006	1.218838e+001
pro	-110.0	 -60.0	1.156137e-005	1.136784e+001
pro	-100.0	 -60.0	2.985539e-005	1.041915e+001
pro	 -90.0	 -60.0	9.519530e-005	9.259580e+000
pro	 -80.0	 -60.0	3.288395e-004	8.019941e+000
pro	 -70.0	 -60.0	9.099696e-004	7.002099e+000
pro	 -60.0	 -60.0	1.634518e-003	6.416407e+000
pro	 -50.0	 -60.0	1.764002e-003	6.340170e+000
pro	 -40.0	 -60.0	1.149682e-003	6.768270e+000
pro	 -30.0	 -60.0	4.832726e-004	7.634930e+000
pro	 -20.0	 -60.0	1.508488e-004	8.799232e+000
pro	 -10.0	 -60.0	4.295266e-005	1.005541e+001
pro	   0.0	 -60.0	1.305853e-005	1.124607e+001
pro	  10.0	 -60.0	4.417893e-006	1.232985e+001
pro	  20.0	 -60.0	1.656620e-006	1.331073e+001
pro	  30.0	 -60.0	6.869673e-007	1.419098e+001
pro	  40.0	 -60.0	3.197141e-007	1.495584e+001
pro	  50.0	 -60.0	1.721782e-007	1.557474e+001
pro	  60.0	 -60.0	1.094632e-007	1.602768e+001
pro	  70.0	 -60.0	8.108890e-008	1.632772e+001
pro	  80.0	 -60.0	6.746953e-008	1.651159e+001
pro	  90.0	 -60.0	6.077218e-008	1.661613e+001
pro	 100.0	 -60.0	5.777557e-008	1.666670e+001
pro	 110.0	 -60.0	5.714506e-008	1.667767e+001
pro	 120.0	 -60.0	5.837563e-008	1.665637e+001
pro	 130.0	 -60.0	6.139106e-008	1.660600e+001
pro	 140.0	 -60.0	6.643270e-008	1.652708e+001
pro	 150.0	 -60.0	7.413485e-008	1.641738e+001
pro	 160.0	 -60.0	8.584037e-008	1.627078e+001
pro	 170.0	 -60.0	1.044033e-007	1.607500e+001
pro	-180.0	 -50.0	1.710516e-007	1.558130e+001
pro	-170.0	 -50.0	2.825668e-007	1.507935e+001
pro	-160.0	 -50.0	5.362536e-007	1.443866e+001
pro	-150.0	 -50.0	1.141563e-006	1.368311e+001
pro	-140.0	 -50.0	2.611795e-006	1.285547e+001
pro	-130.0	 -50.0	6.172992e-006	1.199533e+001
pro	-120.0	 -50.0	1.482276e-005	1.111935e+001
pro	-110.0	 -50.0	3.695430e-005	1.020583e+001
pro	-100.0	 -50.0	1.032343e-004	9.178509e+000
pro	 -90.0	 -50.0	3.488814e-004	7.960779e+000
pro	 -80.0	 -50.0	1.236011e-003	6.695866e+000
pro	 -70.0	 -50.0	3.350890e-003	5.698529e+000
pro	 -60.0	 -50.0	5.628016e-003	5.179998e+000
pro	 -50.0	 -50.0	5.462561e-003	5.209838e+000
pro	 -40.0	 -50.0	3.110550e-003	5.772956e+000
pro	 -30.0	 -50.0	1.108586e-003	6.804670e+000
pro	 -20.0	 -50.0	2.805658e-004	8.178702e+000
pro	 -10.0	 -50.0	6.310897e-005	9.670648e+000
pro	   0.0	 -50.0	1.592810e-005	1.104743e+001
pro	  10.0	 -50.0	4.822690e-006	1.224218e+001
pro	  20.0	 -50.0	1.696116e-006	1.328717e+001
pro	  30.0	 -50.0	6.776783e-007	1.420459e+001
pro	  40.0	 -50.0	3.090312e-007	1.498982e+001
pro	  50.0	 -50.0	1.648809e-007	1.561804e+001
pro	  60.0	 -50.0	1.045943e-007	1.607318e+001
pro	  70.0	 -50.0	7.758563e-008	1.637188e+001
pro	  80.0	 -50.0	6.470668e-008	1.655340e+001
pro	  90.0	 -50.0	5.842746e-008	1.665548e+001
pro	 100.0	 -50.0	5.569628e-008	1.670335e+001
pro	 110.0	 -50.0	5.528058e-008	1.671084e+001
pro	 120.0	 -50.0	5.676277e-008	1.668439e+001
pro	 130.0	 -50.0	6.018861e-008	1.662578e+001
pro	 140.0	 -50.0	6.603230e-008	1.653312e+001
pro	 150.0	 -50.0	7.543695e-008	1.639997e+001
pro	 160.0	 -50.0	9.093312e-008	1.621314e+001
pro	 170.0	 -50.0	1.182714e-007	1.595028e+001
pro	-180.0	 -40.0	2.399044e-007	1.524303e+001
pro	-170.0	 -40.0	4.582772e-007	1.459579e+001
pro	-160.0	 -40.0	1.001112e-006	1.381440e+001
pro	-150.0	 -40.0	2.412171e-006	1.293498e+001
pro	-140.0	 -40.0	6.138046e-006	1.200100e+001
pro	-130.0	 -40.0	1.594984e-005	1.104606e+001
pro	-120.0	 -40.0	4.184620e-005	1.008151e+001
pro	-110.0	 -40.0	1.128233e-004	9.089688e+000
pro	-100.0	 -40.0	3.304039e-004	8.015195e+000
pro	 -90.0	 -40.0	1.108009e-003	6.805191e+000
pro	 -80.0	 -40.0	3.719669e-003	5.594121e+000
pro	 -70.0	 -40.0	9.308127e-003	4.676867e+000
pro	 -60.0	 -40.0	1.407982e-002	4.263012e+000
pro	 -50.0	 -40.0	1.197532e-002	4.424907e+000
pro	 -40.0	 -40.0	5.849794e-003	5.141349e+000
pro	 -30.0	 -40.0	1.768695e-003	6.337513e+000
pro	 -20.0	 -40.0	3.741492e-004	7.890856e+000
pro	 -10.0	 -40.0	6.931567e-005	9.576840e+000
pro	   0.0	 -40.0	1.503034e-005	1.110544e+001
pro	  10.0	 -40.0	4.227526e-006	1.237389e+001
pro	  20.0	 -40.0	1.447149e-006	1.344592e+001
pro	  30.0	 -40.0	5.759294e-007	1.436728e+001
pro	  40.0	 -40.0	2.656761e-007	1.514099e+001
pro	  50.0	 -40.0	1.449113e-007	1.574714e+001
pro	  60.0	 -40.0	9.425090e-008	1.617731e+001
pro	  70.0	 -40.0	7.137743e-008	1.645528e+001
pro	  80.0	 -40.0	6.038756e-008	1.662248e+001
pro	  90.0	 -40.0	5.505315e-008	1.671497e+001
pro	 100.0	 -40.0	5.287267e-008	1.675538e+001
pro	 110.0	 -40.0	5.288110e-008	1.675522e+001
pro	 120.0	 -40.0	5.484879e-008	1.671869e+001
pro	 130.0	 -40.0	5.905498e-008	1.664480e+001
pro	 140.0	 -40.0	6.640778e-008	1.652745e+001
pro	 150.0	 -40.0	7.900588e-008	1.635374e+001
pro	 160.0	 -40.0	1.016521e-007	1.610171e+001
pro	 170.0	 -40.0	1.457833e-007	1.574114e+001
pro	-180.0	 -30.0	3.639035e-007	1.482638e+001
pro	-170.0	 -30.0	7.787759e-007	1.406554e+001
pro	-160.0	 -30.0	1.874969e-006	1.318692e+001
pro	-150.0	 -30.0	4.905967e-006	1.222506e+001
pro	-140.0	 -30.0	1.343281e-005	1.121781e+001
pro	-130.0	 -30.0	3.739765e-005	1.019390e+001
pro	-120.0	 -30.0	1.044660e-004	9.166649e+000
pro	-110.0	 -30.0	2.938564e-004	8.132419e+000
pro	-100.0	 -30.0	8.562913e-004	7.062900e+000
pro	 -90.0	 -30.0	2.665783e-003	5.927258e+000
pro	 -80.0	 -30.0	7.947814e-003	4.834858e+000
pro	 -70.0	 -30.0	1.754549e-002	4.042958e+000
pro	 -60.0	 -30.0	2.336399e-002	3.756559e+000
pro	 -50.0	 -30.0	1.726323e-002	4.059177e+000
pro	 -40.0	 -30.0	7.189694e-003	4.935107e+000
pro	 -30.0	 -30.0	1.836763e-003	6.299751e+000
pro	 -20.0	 -30.0	3.300149e-004	8.016373e+000
pro	 -10.0	 -30.0	5.295577e-005	9.846054e+000
pro	   0.0	 -30.0	1.058422e-005	1.145615e+001
pro	  10.0	 -30.0	2.951944e-006	1.273305e+001
pro	  20.0	 -30.0	1.035934e-006	1.378021e+001
pro	  30.0	 -30.0	4.284791e-007	1.466302e+001
pro	  40.0	 -30.0	2.076200e-007	1.538756e+001
pro	  50.0	 -30.0	1.196132e-007	1.593900e+001
pro	  60.0	 -30.0	8.170846e-008	1.632011e+001
pro	  70.0	 -30.0	6.411720e-008	1.656255e+001
pro	  80.0	 -30.0	5.549157e-008	1.670703e+001
pro	  90.0	 -30.0	5.134585e-008	1.678468e+001
pro	 100.0	 -30.0	4.989735e-008	1.681330e+001
pro	 110.0	 -30.0	5.053749e-008	1.680055e+001
pro	 120.0	 -30.0	5.331116e-008	1.674712e+001
pro	 130.0	 -30.0	5.887469e-008	1.664785e+001
pro	 140.0	 -30.0	6.887079e-008	1.649103e+001
pro	 150.0	 -30.0	8.704735e-008	1.625681e+001
pro	 160.0	 -30.0	1.221852e-007	1.591773e+001
pro	 170.0	 -30.0	1.958593e-007	1.544587e+001
pro	-180.0	 -20.0	5.638268e-007	1.438852e+001
pro	-170.0	 -20.0	1.295557e-006	1.355657e+001
pro	-160.0	 -20.0	3.297968e-006	1.262220e+001
pro	-150.0	 -20.0	9.038425e-006	1.161403e+001
pro	-140.0	 -20.0	2.580810e-005	1.056482e+001
pro	-130.0	 -20.0	7.466940e-005	9.502440e+000
pro	-120.0	 -20.0	2.142645e-004	8.448299e+000
pro	-110.0	 -20.0	6.008176e-004	7.417219e+000
pro	-100.0	 -20.0	1.649243e-003	6.407439e+000
pro	 -90.0	 -20.0	4.487287e-003	5.406507e+000
pro	 -80.0	 -20.0	1.122981e-002	4.489183e+000
pro	 -70.0	 -20.0	2.101930e-002	3.862314e+000
pro	 -60.0	 -20.0	2.419262e-002	3.721708e+000
pro	 -50.0	 -20.0	1.552906e-002	4.165042e+000
pro	 -40.0	 -20.0	5.563318e-003	5.191561e+000
pro	 -30.0	 -20.0	1.210959e-003	6.716343e+000
pro	 -20.0	 -20.0	1.880788e-004	8.578650e+000
pro	 -10.0	 -20.0	2.776976e-005	1.049156e+001
pro	   0.0	 -20.0	5.681709e-006	1.207826e+001
pro	  10.0	 -20.0	1.717607e-006	1.327458e+001
pro	  20.0	 -20.0	6.561266e-007	1.423691e+001
pro	  30.0	 -20.0	2.950344e-007	1.503617e+001
pro	  40.0	 -20.0	1.555957e-007	1.567600e+001
pro	  50.0	 -20.0	9.699247e-008	1.614863e+001
pro	  60.0	 -20.0	7.043810e-008	1.646853e+001
pro	  70.0	 -20.0	5.754364e-008	1.667072e+001
pro	  80.0	 -20.0	5.105769e-008	1.679031e+001
pro	  90.0	 -20.0	4.805769e-008	1.685086e+001
pro	 100.0	 -20.0	4.742307e-008	1.686416e+001
pro	 110.0	 -20.0	4.891238e-008	1.683324e+001
pro	 120.0	 -20.0	5.291975e-008	1.675449e+001
pro	 130.0	 -20.0	6.065901e-008	1.661800e+001
pro	 140.0	 -20.0	7.491405e-008	1.640692e+001
pro	 150.0	 -20.0	1.020265e-007	1.609803e+001
pro	 160.0	 -20.0	1.570651e-007	1.566661e+001
pro	 170.0	 -20.0	2.777354e-007	1.509660e+001
pro	-180.0	 -10.0	8.468281e-007	1.398177e+001
pro	-170.0	 -10.0	2.012612e-006	1.311608e+001
pro	-160.0	 -10.0	5.232073e-006	1.216070e+001
pro	-150.0	 -10.0	1.453500e-005	1.113895e+001
pro	-140.0	 -10.0	4.189729e-005	1.008029e+001
pro	-130.0	 -10.0	1.216594e-004	9.014285e+000
pro	-120.0	 -10.0	3.449863e-004	7.972006e+000
pro	-110.0	 -10.0	9.251332e-004	6.985573e+000
pro	-100.0	 -10.0	2.295840e-003	6.076656e+000
pro	 -90.0	 -10.0	5.235901e-003	5.252216e+000
pro	 -80.0	 -10.0	1.049273e-002	4.557073e+000
pro	 -70.0	 -10.0	1.598132e-002	4.136335e+000
pro	 -60.0	 -10.0	1.555055e-002	4.163659e+000
pro	 -50.0	 -10.0	8.672468e-003	4.747602e+000
pro	 -40.0	 -10.0	2.723659e-003	5.905779e+000
pro	 -30.0	 -10.0	5.203535e-004	7.561002e+000
pro	 -20.0	 -10.0	7.324834e-005	9.521655e+000
pro	 -10.0	 -10.0	1.112103e-005	1.140667e+001
pro	   0.0	 -10.0	2.697978e-006	1.282301e+001
pro	  10.0	 -10.0	9.633390e-007	1.385286e+001
pro	  20.0	 -10.0	4.180972e-007	1.468755e+001
pro	  30.0	 -10.0	2.094871e-007	1.537860e+001
pro	  40.0	 -10.0	1.215744e-007	1.592274e+001
pro	  50.0	 -10.0	8.183610e-008	1.631855e+001
pro	  60.0	 -10.0	6.263903e-008	1.658588e+001
pro	  70.0	 -10.0	5.285062e-008	1.675580e+001
pro	  80.0	 -10.0	4.786694e-008	1.685484e+001
pro	  90.0	 -10.0	4.580164e-008	1.689895e+001
pro	 100.0	 -10.0	4.601299e-008	1.689434e+001
pro	 110.0	 -10.0	4.859517e-008	1.683974e+001
pro	 120.0	 -10.0	5.436394e-008	1.672756e+001
pro	 130.0	 -10.0	6.529819e-008	1.654430e+001
pro	 140.0	 -10.0	8.579318e-008	1.627133e+001
pro	 150.0	 -10.0	1.258504e-007	1.588817e+001
pro	 160.0	 -10.0	2.093448e-007	1.537928e+001
pro	 170.0	 -10.0	3.963542e-007	1.474096e+001
pro	-180.0	   0.0	1.191342e-006	1.364043e+001
pro	-170.0	   0.0	2.846201e-006	1.276953e+001
pro	-160.0	   0.0	7.347648e-006	1.182113e+001
pro	-150.0	   0.0	2.009272e-005	1.081515e+001
pro	-140.0	   0.0	5.662447e-005	9.779069e+000
pro	-130.0	   0.0	1.593301e-004	8.744533e+000
pro	-120.0	   0.0	4.308514e-004	7.749747e+000
pro	-110.0	   0.0	1.070853e-003	6.839300e+000
pro	-100.0	   0.0	2.350809e-003	6.052996e+000
pro	 -90.0	   0.0	4.437268e-003	5.417716e+000
pro	 -80.0	   0.0	6.967109e-003	4.966555e+000
pro	 -70.0	   0.0	8.339977e-003	4.786695e+000
pro	 -60.0	   0.0	6.679441e-003	5.008721e+000
pro	 -50.0	   0.0	3.229063e-003	5.735563e+000
pro	 -40.0	   0.0	9.172564e-004	6.994123e+000
pro	 -30.0	   0.0	1.659461e-004	8.703848e+000
pro	 -20.0	   0.0	2.480089e-005	1.060463e+001
pro	 -10.0	   0.0	4.955245e-006	1.221506e+001
pro	   0.0	   0.0	1.610738e-006	1.333882e+001
pro	  10.0	   0.0	6.755474e-007	1.420774e+001
pro	  20.0	   0.0	3.229974e-007	1.494562e+001
pro	  30.0	   0.0	1.741295e-007	1.556347e+001
pro	  40.0	   0.0	1.070818e-007	1.604967e+001
pro	  50.0	   0.0	7.508633e-008	1.640463e+001
pro	  60.0	   0.0	5.893509e-008	1.664683e+001
pro	  70.0	   0.0	5.049676e-008	1.680136e+001
pro	  80.0	   0.0	4.629380e-008	1.688826e+001
pro	  90.0	   0.0	4.491288e-008	1.691854e+001
pro	 100.0	   0.0	4.599086e-008	1.689482e+001
pro	 110.0	   0.0	4.991824e-008	1.681288e+001
pro	 120.0	   0.0	5.799940e-008	1.666283e+001
pro	 130.0	   0.0	7.317238e-008	1.643045e+001
pro	 140.0	   0.0	1.018630e-007	1.609964e+001
pro	 150.0	   0.0	1.586127e-007	1.565680e+001
pro	 160.0	   0.0	2.779702e-007	1.509575e+001
pro	 170.0	   0.0	5.463197e-007	1.442006e+001
pro	-180.0	  10.0	1.543019e-006	1.338177e+001
pro	-170.0	  10.0	3.632837e-006	1.252550e+001
pro	-160.0	  10.0	9.126057e-006	1.160438e+001
pro	-150.0	  10.0	2.401171e-005	1.063697e+001
pro	-140.0	  10.0	6.443549e-005	9.649846e+000
pro	-130.0	  10.0	1.706231e-004	8.676054e+000
pro	-120.0	  10.0	4.277574e-004	7.756954e+000
pro	-110.0	  10.0	9.654619e-004	6.942904e+000
pro	-100.0	  10.0	1.865115e-003	6.284433e+000
pro	 -90.0	  10.0	2.956945e-003	5.823599e+000
pro	 -80.0	  10.0	3.709757e-003	5.596789e+000
pro	 -70.0	  10.0	3.497800e-003	5.655621e+000
pro	 -60.0	  10.0	2.294621e-003	6.077188e+000
pro	 -50.0	  10.0	9.797785e-004	6.928184e+000
pro	 -40.0	  10.0	2.730696e-004	8.205784e+000
pro	 -30.0	  10.0	5.749621e-005	9.763792e+000
pro	 -20.0	  10.0	1.285240e-005	1.126198e+001
pro	 -10.0	  10.0	3.961386e-006	1.243892e+001
pro	   0.0	  10.0	1.541353e-006	1.338285e+001
pro	  10.0	  10.0	6.742007e-007	1.420974e+001
pro	  20.0	  10.0	3.250539e-007	1.493927e+001
pro	  30.0	  10.0	1.754439e-007	1.555595e+001
pro	  40.0	  10.0	1.076943e-007	1.604397e+001
pro	  50.0	  10.0	7.519779e-008	1.640314e+001
pro	  60.0	  10.0	5.876566e-008	1.664971e+001
pro	  70.0	  10.0	5.027493e-008	1.680576e+001
pro	  80.0	  10.0	4.625733e-008	1.688905e+001
pro	  90.0	  10.0	4.534448e-008	1.690898e+001
pro	 100.0	  10.0	4.729376e-008	1.686689e+001
pro	 110.0	  10.0	5.275535e-008	1.675760e+001
pro	 120.0	  10.0	6.356009e-008	1.657128e+001
pro	 130.0	  10.0	8.371494e-008	1.629585e+001
pro	 140.0	  10.0	1.218747e-007	1.592027e+001
pro	 150.0	  10.0	1.974049e-007	1.543801e+001
pro	 160.0	  10.0	3.557102e-007	1.484915e+001
pro	 170.0	  10.0	7.084281e-007	1.416022e+001
pro	-180.0	  20.0	1.831178e-006	1.321055e+001
pro	-170.0	  20.0	4.198812e-006	1.238071e+001
pro	-160.0	  20.0	1.014945e-005	1.149809e+001
pro	-150.0	  20.0	2.538491e-005	1.058136e+001
pro	-140.0	  20.0	6.396859e-005	9.657118e+000
pro	-130.0	  20.0	1.569673e-004	8.759473e+000
pro	-120.0	  20.0	3.596727e-004	7.930316e+000
pro	-110.0	  20.0	7.319252e-004	7.219832e+000
pro	-100.0	  20.0	1.254919e-003	6.680684e+000
pro	 -90.0	  20.0	1.729119e-003	6.360143e+000
pro	 -80.0	  20.0	1.841706e-003	6.297063e+000
pro	 -70.0	  20.0	1.467013e-003	6.524527e+000
pro	 -60.0	  20.0	8.501466e-004	7.070102e+000
pro	 -50.0	  20.0	3.588686e-004	7.932554e+000
pro	 -40.0	  20.0	1.193880e-004	9.033132e+000
pro	 -30.0	  20.0	3.720008e-005	1.019920e+001
pro	 -20.0	  20.0	1.261630e-005	1.128052e+001
pro	 -10.0	  20.0	4.726557e-006	1.226231e+001
pro	   0.0	  20.0	1.894386e-006	1.317662e+001
pro	  10.0	  20.0	8.107745e-007	1.402528e+001
pro	  20.0	  20.0	3.781327e-007	1.478802e+001
pro	  30.0	  20.0	1.971329e-007	1.543939e+001
pro	  40.0	  20.0	1.170739e-007	1.596046e+001
pro	  50.0	  20.0	7.945620e-008	1.634806e+001
pro	  60.0	  20.0	6.081731e-008	1.661539e+001
pro	  70.0	  20.0	5.143473e-008	1.678295e+001
pro	  80.0	  20.0	4.722614e-008	1.686832e+001
pro	  90.0	  20.0	4.661892e-008	1.688126e+001
pro	 100.0	  20.0	4.938915e-008	1.682354e+001
pro	 110.0	  20.0	5.640406e-008	1.669072e+001
pro	 120.0	  20.0	6.999627e-008	1.647482e+001
pro	 130.0	  20.0	9.519376e-008	1.616735e+001
pro	 140.0	  20.0	1.427097e-007	1.576245e+001
pro	 150.0	  20.0	2.361256e-007	1.525890e+001
pro	 160.0	  20.0	4.296353e-007	1.466033e+001
pro	 170.0	  20.0	8.532448e-007	1.397422e+001
pro	-180.0	  30.0	1.998526e-006	1.312310e+001
pro	-170.0	  30.0	4.443065e-006	1.232417e+001
pro	-160.0	  30.0	1.031676e-005	1.148174e+001
pro	-150.0	  30.0	2.455783e-005	1.061448e+001
pro	-140.0	  30.0	5.835165e-005	9.749023e+000
pro	-130.0	  30.0	1.336550e-004	8.920248e+000
pro	-120.0	  30.0	2.830202e-004	8.169992e+000
pro	-110.0	  30.0	5.285093e-004	7.545450e+000
pro	-100.0	  30.0	8.296314e-004	7.094529e+000
pro	 -90.0	  30.0	1.050206e-003	6.858769e+000
pro	 -80.0	  30.0	1.040963e-003	6.867609e+000
pro	 -70.0	  30.0	7.978075e-004	7.133643e+000
pro	 -60.0	  30.0	4.779436e-004	7.646018e+000
pro	 -50.0	  30.0	2.335507e-004	8.362111e+000
pro	 -40.0	  30.0	9.989310e-005	9.211410e+000
pro	 -30.0	  30.0	4.001827e-005	1.012617e+001
pro	 -20.0	  30.0	1.560715e-005	1.106778e+001
pro	 -10.0	  30.0	6.054464e-006	1.201471e+001
pro	   0.0	  30.0	2.393884e-006	1.294259e+001
pro	  10.0	  30.0	9.942894e-007	1.382124e+001
pro	  20.0	  30.0	4.477530e-007	1.461902e+001
pro	  30.0	  30.0	2.250637e-007	1.530688e+001
pro	  40.0	  30.0	1.289797e-007	1.586361e+001
pro	  50.0	  30.0	8.483150e-008	1.628260e+001
pro	  60.0	  30.0	6.341857e-008	1.657351e+001
pro	  70.0	  30.0	5.289050e-008	1.675504e+001
pro	  80.0	  30.0	4.834903e-008	1.684482e+001
pro	  90.0	  30.0	4.792982e-008	1.685353e+001
pro	 100.0	  30.0	5.137423e-008	1.678413e+001
pro	 110.0	  30.0	5.970644e-008	1.663383e+001
pro	 120.0	  30.0	7.565263e-008	1.639711e+001
pro	 130.0	  30.0	1.050240e-007	1.606908e+001
pro	 140.0	  30.0	1.600193e-007	1.564797e+001
pro	 150.0	  30.0	2.669709e-007	1.513613e+001
pro	 160.0	  30.0	4.849513e-007	1.453922e+001
pro	 170.0	  30.0	9.516325e-007	1.386509e+001
pro	-180.0	  40.0	2.023384e-006	1.311074e+001
pro	-170.0	  40.0	4.369249e-006	1.234092e+001
pro	-160.0	  40.0	9.812089e-006	1.153190e+001
pro	-150.0	  40.0	2.253646e-005	1.070038e+001
pro	-140.0	  40.0	5.163197e-005	9.871369e+000
pro	-130.0	  40.0	1.139847e-004	9.079446e+000
pro	-120.0	  40.0	2.325341e-004	8.366474e+000
pro	-110.0	  40.0	4.192212e-004	7.777112e+000
pro	-100.0	  40.0	6.406509e-004	7.353026e+000
pro	 -90.0	  40.0	8.033524e-004	7.126717e+000
pro	 -80.0	  40.0	8.113530e-004	7.116807e+000
pro	 -70.0	  40.0	6.584536e-004	7.325617e+000
pro	 -60.0	  40.0	4.353839e-004	7.739282e+000
pro	 -50.0	  40.0	2.408755e-004	8.331231e+000
pro	 -40.0	  40.0	1.152543e-004	9.068369e+000
pro	 -30.0	  40.0	4.938067e-005	9.915952e+000
pro	 -20.0	  40.0	1.964063e-005	1.083791e+001
pro	 -10.0	  40.0	7.538328e-006	1.179551e+001
pro	   0.0	  40.0	2.907225e-006	1.274831e+001
pro	  10.0	  40.0	1.171673e-006	1.365708e+001
pro	  20.0	  40.0	5.113573e-007	1.448620e+001
pro	  30.0	  40.0	2.491561e-007	1.520519e+001
pro	  40.0	  40.0	1.385957e-007	1.579170e+001
pro	  50.0	  40.0	8.879707e-008	1.623691e+001
pro	  60.0	  40.0	6.506719e-008	1.654785e+001
pro	  70.0	  40.0	5.359964e-008	1.674172e+001
pro	  80.0	  40.0	4.876722e-008	1.683621e+001
pro	  90.0	  40.0	4.844112e-008	1.684292e+001
pro	 100.0	  40.0	5.230637e-008	1.676615e+001
pro	 110.0	  40.0	6.146341e-008	1.660482e+001
pro	 120.0	  40.0	7.884945e-008	1.635573e+001
pro	 130.0	  40.0	1.106680e-007	1.601673e+001
pro	 140.0	  40.0	1.697487e-007	1.558895e+001
pro	 150.0	  40.0	2.832333e-007	1.507699e+001
pro	 160.0	  40.0	5.105094e-007	1.448786e+001
pro	 170.0	  40.0	9.860390e-007	1.382957e+001
pro	-180.0	  50.0	1.920732e-006	1.316280e+001
pro	-170.0	  50.0	4.052456e-006	1.241619e+001
pro	-160.0	  50.0	8.905671e-006	1.162882e+001
pro	-150.0	  50.0	2.013664e-005	1.081297e+001
pro	-140.0	  50.0	4.584040e-005	9.990345e+000
pro	-130.0	  50.0	1.015233e-004	9.195222e+000
pro	-120.0	  50.0	2.093419e-004	8.471542e+000
pro	-110.0	  50.0	3.837942e-004	7.865404e+000
pro	-100.0	  50.0	6.006831e-004	7.417443e+000
pro	 -90.0	  50.0	7.787674e-004	7.157798e+000
pro	 -80.0	  50.0	8.218210e-004	7.103988e+000
pro	 -70.0	  50.0	7.024622e-004	7.260919e+000
pro	 -60.0	  50.0	4.895373e-004	7.622050e+000
pro	 -50.0	  50.0	2.827701e-004	8.170876e+000
pro	 -40.0	  50.0	1.388422e-004	8.882173e+000
pro	 -30.0	  50.0	5.989531e-005	9.722912e+000
pro	 -20.0	  50.0	2.361907e-005	1.065346e+001
pro	 -10.0	  50.0	8.896998e-006	1.162980e+001
pro	   0.0	  50.0	3.348651e-006	1.260695e+001
pro	  10.0	  50.0	1.313873e-006	1.354253e+001
pro	  20.0	  50.0	5.579495e-007	1.439900e+001
pro	  30.0	  50.0	2.647018e-007	1.514466e+001
pro	  40.0	  50.0	1.436431e-007	1.575593e+001
pro	  50.0	  50.0	9.010503e-008	1.622229e+001
pro	  60.0	  50.0	6.498042e-008	1.654918e+001
pro	  70.0	  50.0	5.298974e-008	1.675317e+001
pro	  80.0	  50.0	4.798878e-008	1.685230e+001
pro	  90.0	  50.0	4.766049e-008	1.685916e+001
pro	 100.0	  50.0	5.162441e-008	1.677927e+001
pro	 110.0	  50.0	6.096483e-008	1.661297e+001
pro	 120.0	  50.0	7.861396e-008	1.635872e+001
pro	 130.0	  50.0	1.107215e-007	1.601625e+001
pro	 140.0	  50.0	1.698348e-007	1.558844e+001
pro	 150.0	  50.0	2.820108e-007	1.508132e+001
pro	 160.0	  50.0	5.029840e-007	1.450271e+001
pro	 170.0	  50.0	9.558308e-007	1.386068e+001
pro	-180.0	  60.0	1.728477e-006	1.326827e+001
pro	-170.0	  60.0	3.586073e-006	1.253845e+001
pro	-160.0	  60.0	7.792573e-006	1.176234e+001
pro	-150.0	  60.0	1.761247e-005	1.094690e+001
pro	-140.0	  60.0	4.062027e-005	1.011124e+001
pro	-130.0	  60.0	9.217192e-005	9.291855e+000
pro	-120.0	  60.0	1.958795e-004	8.538011e+000
pro	-110.0	  60.0	3.705734e-004	7.900459e+000
pro	-100.0	  60.0	5.979442e-004	7.422013e+000
pro	 -90.0	  60.0	7.980052e-004	7.133395e+000
pro	 -80.0	  60.0	8.651175e-004	7.052645e+000
pro	 -70.0	  60.0	7.572121e-004	7.185867e+000
pro	 -60.0	  60.0	5.377372e-004	7.528141e+000
pro	 -50.0	  60.0	3.145912e-004	8.064236e+000
pro	 -40.0	  60.0	1.554383e-004	8.769262e+000
pro	 -30.0	  60.0	6.708087e-005	9.609612e+000
pro	 -20.0	  60.0	2.633265e-005	1.054470e+001
pro	 -10.0	  60.0	9.832620e-006	1.152981e+001
pro	   0.0	  60.0	3.653901e-006	1.251972e+001
pro	  10.0	  60.0	1.409825e-006	1.347204e+001
pro	  20.0	  60.0	5.866605e-007	1.434882e+001
pro	  30.0	  60.0	2.721777e-007	1.511681e+001
pro	  40.0	  60.0	1.445200e-007	1.574985e+001
pro	  50.0	  60.0	8.898806e-008	1.623476e+001
pro	  60.0	  60.0	6.329272e-008	1.657550e+001
pro	  70.0	  60.0	5.114584e-008	1.678858e+001
pro	  80.0	  60.0	4.607571e-008	1.689298e+001
pro	  90.0	  60.0	4.564278e-008	1.690242e+001
pro	 100.0	  60.0	4.939005e-008	1.682352e+001
pro	 110.0	  60.0	5.830010e-008	1.665766e+001
pro	 120.0	  60.0	7.510660e-008	1.640436e+001
pro	 130.0	  60.0	1.055216e-007	1.606435e+001
pro	 140.0	  60.0	1.610688e-007	1.564143e+001
pro	 150.0	  60.0	2.653068e-007	1.514238e+001
pro	 160.0	  60.0	4.676898e-007	1.457546e+001
pro	 170.0	  60.0	8.753421e-007	1.394865e+001
pro	-180.0	  70.0	1.492882e-006	1.341480e+001
pro	-170.0	  70.0	3.056179e-006	1.269835e+001
pro	-160.0	  70.0	6.589171e-006	1.193008e+001
pro	-150.0	  70.0	1.491564e-005	1.111310e+001
pro	-140.0	  70.0	3.481217e-005	1.026554e+001
pro	-130.0	  70.0	8.050933e-005	9.427138e+000
pro	-120.0	  70.0	1.747686e-004	8.652047e+000
pro	-110.0	  70.0	3.373446e-004	7.994405e+000
pro	-100.0	  70.0	5.541071e-004	7.498153e+000
pro	 -90.0	  70.0	7.512170e-004	7.193816e+000
pro	 -80.0	  70.0	8.260157e-004	7.098897e+000
pro	 -70.0	  70.0	7.325118e-004	7.219031e+000
pro	 -60.0	  70.0	5.267164e-004	7.548848e+000
pro	 -50.0	  70.0	3.119804e-004	8.072570e+000
pro	 -40.0	  70.0	1.561211e-004	8.764879e+000
pro	 -30.0	  70.0	6.825119e-005	9.592316e+000
pro	 -20.0	  70.0	2.711879e-005	1.051528e+001
pro	 -10.0	  70.0	1.022192e-005	1.149098e+001
pro	   0.0	  70.0	3.814178e-006	1.247679e+001
pro	  10.0	  70.0	1.466522e-006	1.343262e+001
pro	  20.0	  70.0	6.031314e-007	1.432113e+001
pro	  30.0	  70.0	2.748195e-007	1.510715e+001
pro	  40.0	  70.0	1.430118e-007	1.576034e+001
pro	  50.0	  70.0	8.649388e-008	1.626319e+001
pro	  60.0	  70.0	6.069402e-008	1.661742e+001
pro	  70.0	  70.0	4.859287e-008	1.683979e+001
pro	  80.0	  70.0	4.349438e-008	1.695063e+001
pro	  90.0	  70.0	4.286948e-008	1.696511e+001
pro	 100.0	  70.0	4.617253e-008	1.689088e+001
pro	 110.0	  70.0	5.422612e-008	1.673010e+001
pro	 120.0	  70.0	6.944072e-008	1.648279e+001
pro	 130.0	  70.0	9.685565e-008	1.615004e+001
pro	 140.0	  70.0	1.465497e-007	1.573590e+001
pro	 150.0	  70.0	2.388675e-007	1.524736e+001
pro	 160.0	  70.0	4.158872e-007	1.469285e+001
pro	 170.0	  70.0	7.674317e-007	1.408022e+001
pro	-180.0	  80.0	1.257476e-006	1.358640e+001
pro	-170.0	  80.0	2.540014e-006	1.288334e+001
pro	-160.0	  80.0	5.412889e-006	1.212673e+001
pro	-150.0	  80.0	1.215082e-005	1.131811e+001
pro	-140.0	  80.0	2.823767e-005	1.047485e+001
pro	-130.0	  80.0	6.526324e-005	9.637082e+000
pro	-120.0	  80.0	1.419750e-004	8.859860e+000
pro	-110.0	  80.0	2.752786e-004	8.197727e+000
pro	-100.0	  80.0	4.554472e-004	7.694231e+000
pro	 -90.0	  80.0	6.242431e-004	7.378971e+000
pro	 -80.0	  80.0	6.971843e-004	7.268461e+000
pro	 -70.0	  80.0	6.313841e-004	7.367596e+000
pro	 -60.0	  80.0	4.663743e-004	7.670522e+000
pro	 -50.0	  80.0	2.853074e-004	8.161943e+000
pro	 -40.0	  80.0	1.478072e-004	8.819602e+000
pro	 -30.0	  80.0	6.672034e-005	9.615001e+000
pro	 -20.0	  80.0	2.720485e-005	1.051212e+001
pro	 -10.0	  80.0	1.044228e-005	1.146965e+001
pro	   0.0	  80.0	3.932338e-006	1.244628e+001
pro	  10.0	  80.0	1.510588e-006	1.340301e+001
pro	  20.0	  80.0	6.146956e-007	1.430214e+001
pro	  30.0	  80.0	2.751742e-007	1.510586e+001
pro	  40.0	  80.0	1.403494e-007	1.577913e+001
pro	  50.0	  80.0	8.340080e-008	1.629961e+001
pro	  60.0	  80.0	5.777232e-008	1.666676e+001
pro	  70.0	  80.0	4.584133e-008	1.689808e+001
pro	  80.0	  80.0	4.074869e-008	1.701584e+001
pro	  90.0	  80.0	3.990159e-008	1.703685e+001
pro	 100.0	  80.0	4.266814e-008	1.696981e+001
pro	 110.0	  80.0	4.969355e-008	1.681739e+001
pro	 120.0	  80.0	6.302588e-008	1.657972e+001
pro	 130.0	  80.0	8.696722e-008	1.625773e+001
pro	 140.0	  80.0	1.300691e-007	1.585520e+001
pro	 150.0	  80.0	2.094238e-007	1.537891e+001
pro	 160.0	  80.0	3.599706e-007	1.483724e+001
pro	 170.0	  80.0	6.553902e-007	1.423804e+001
pro	-180.0	  90.0	1.052964e-006	1.376390e+001
pro	-170.0	  90.0	2.097773e-006	1.307463e+001
pro	-160.0	  90.0	4.396159e-006	1.233478e+001
pro	-150.0	  90.0	9.666797e-006	1.154681e+001
pro	-140.0	  90.0	2.195127e-005	1.072669e+001
pro	-130.0	  90.0	4.965053e-005	9.910501e+000
pro	-120.0	  90.0	1.063778e-004	9.148513e+000
pro	-110.0	  90.0	2.053112e-004	8.490984e+000
pro	-100.0	  90.0	3.431584e-004	7.977319e+000
pro	 -90.0	  90.0	4.843124e-004	7.632780e+000
pro	 -80.0	  90.0	5.697579e-004	7.470299e+000
pro	 -70.0	  90.0	5.567231e-004	7.493443e+000
pro	 -60.0	  90.0	4.522944e-004	7.701177e+000
pro	 -50.0	  90.0	3.043357e-004	8.097379e+000
pro	 -40.0	  90.0	1.683101e-004	8.689702e+000
pro	 -30.0	  90.0	7.747331e-005	9.465577e+000
pro	 -20.0	  90.0	3.111470e-005	1.037783e+001
pro	 -10.0	  90.0	1.160581e-005	1.136400e+001
pro	   0.0	  90.0	4.241950e-006	1.237049e+001
pro	  10.0	  90.0	1.583490e-006	1.335588e+001
pro	  20.0	  90.0	6.265403e-007	1.428305e+001
pro	  30.0	  90.0	2.730755e-007	1.511352e+001
pro	  40.0	  90.0	1.361424e-007	1.580956e+001
pro	  50.0	  90.0	7.960071e-008	1.634624e+001
pro	  60.0	  90.0	5.460417e-008	1.672316e+001
pro	  70.0	  90.0	4.306882e-008	1.696047e+001
pro	  80.0	  90.0	3.809038e-008	1.708330e+001
pro	  90.0	  90.0	3.707613e-008	1.711029e+001
pro	 100.0	  90.0	3.934132e-008	1.705099e+001
pro	 110.0	  90.0	4.537659e-008	1.690827e+001
pro	 120.0	  90.0	5.689707e-008	1.668202e+001
pro	 130.0	  90.0	7.753039e-008	1.637260e+001
pro	 140.0	  90.0	1.144602e-007	1.598304e+001
pro	 150.0	  90.0	1.819464e-007	1.551955e+001
pro	 160.0	  90.0	3.088927e-007	1.499027e+001
pro	 170.0	  90.0	5.556355e-007	1.440315e+001
pro	-180.0	 100.0	8.901968e-007	1.393182e+001
pro	-170.0	 100.0	1.754205e-006	1.325349e+001
pro	-160.0	 100.0	3.617301e-006	1.252978e+001
pro	-150.0	 100.0	7.763669e-006	1.176606e+001
pro	-140.0	 100.0	1.708731e-005	1.097717e+001
pro	-130.0	 100.0	3.747442e-005	1.019185e+001
pro	-120.0	 100.0	7.884447e-005	9.448033e+000
pro	-110.0	 100.0	1.536338e-004	8.780938e+000
pro	-100.0	 100.0	2.710333e-004	8.213269e+000
pro	 -90.0	 100.0	4.285976e-004	7.754992e+000
pro	 -80.0	 100.0	6.047850e-004	7.410637e+000
pro	 -70.0	 100.0	7.509378e-004	7.194188e+000
pro	 -60.0	 100.0	7.773184e-004	7.159661e+000
pro	 -50.0	 100.0	6.120888e-004	7.398633e+000
pro	 -40.0	 100.0	3.454202e-004	7.970749e+000
pro	 -30.0	 100.0	1.434257e-004	8.849693e+000
pro	 -20.0	 100.0	4.886713e-005	9.926405e+000
pro	 -10.0	 100.0	1.555740e-005	1.107097e+001
pro	   0.0	 100.0	5.034251e-006	1.219925e+001
pro	  10.0	 100.0	1.723090e-006	1.327139e+001
pro	  20.0	 100.0	6.403712e-007	1.426122e+001
pro	  30.0	 100.0	2.666854e-007	1.513720e+001
pro	  40.0	 100.0	1.291221e-007	1.586251e+001
pro	  50.0	 100.0	7.446319e-008	1.641296e+001
pro	  60.0	 100.0	5.090962e-008	1.679321e+001
pro	  70.0	 100.0	4.016823e-008	1.703019e+001
pro	  80.0	 100.0	3.550604e-008	1.715356e+001
pro	  90.0	 100.0	3.444722e-008	1.718384e+001
pro	 100.0	 100.0	3.631714e-008	1.713098e+001
pro	 110.0	 100.0	4.149904e-008	1.699760e+001
pro	 120.0	 100.0	5.143613e-008	1.678292e+001
pro	 130.0	 100.0	6.919622e-008	1.648632e+001
pro	 140.0	 100.0	1.008437e-007	1.610969e+001
pro	 150.0	 100.0	1.583775e-007	1.565828e+001
pro	 160.0	 100.0	2.660200e-007	1.513969e+001
pro	 170.0	 100.0	4.740345e-007	1.456199e+001
pro	-180.0	 110.0	7.618444e-007	1.408752e+001
pro	-170.0	 110.0	1.494327e-006	1.341383e+001
pro	-160.0	 110.0	3.056718e-006	1.269817e+001
pro	-150.0	 110.0	6.466050e-006	1.194895e+001
pro	-140.0	 110.0	1.394973e-005	1.118005e+001
pro	-130.0	 110.0	3.012694e-005	1.041009e+001
pro	-120.0	 110.0	6.410923e-005	9.654922e+000
pro	-110.0	 110.0	1.339574e-004	8.917989e+000
pro	-100.0	 110.0	2.767980e-004	8.192222e+000
pro	 -90.0	 110.0	5.654276e-004	7.477928e+000
pro	 -80.0	 110.0	1.112037e-003	6.801561e+000
pro	 -70.0	 110.0	1.926323e-003	6.252142e+000
pro	 -60.0	 110.0	2.497906e-003	5.992302e+000
pro	 -50.0	 110.0	2.102637e-003	6.164563e+000
pro	 -40.0	 110.0	1.098184e-003	6.814098e+000
pro	 -30.0	 110.0	3.751417e-004	7.888207e+000
pro	 -20.0	 110.0	9.750115e-005	9.235646e+000
pro	 -10.0	 110.0	2.388269e-005	1.064236e+001
pro	   0.0	 110.0	6.370946e-006	1.196376e+001
pro	  10.0	 110.0	1.918332e-006	1.316405e+001
pro	  20.0	 110.0	6.529577e-007	1.424175e+001
pro	  30.0	 110.0	2.552520e-007	1.518101e+001
pro	  40.0	 110.0	1.189451e-007	1.594460e+001
pro	  50.0	 110.0	6.778035e-008	1.650699e+001
pro	  60.0	 110.0	4.655760e-008	1.688258e+001
pro	  70.0	 110.0	3.704706e-008	1.711108e+001
pro	  80.0	 110.0	3.291983e-008	1.722919e+001
pro	  90.0	 110.0	3.194453e-008	1.725926e+001
pro	 100.0	 110.0	3.352395e-008	1.721101e+001
pro	 110.0	 110.0	3.798100e-008	1.708618e+001
pro	 120.0	 110.0	4.654332e-008	1.688288e+001
pro	 130.0	 110.0	6.181928e-008	1.659905e+001
pro	 140.0	 110.0	8.896352e-008	1.623504e+001
pro	 150.0	 110.0	1.381798e-007	1.579471e+001
pro	 160.0	 110.0	2.300868e-007	1.528481e+001
pro	 170.0	 110.0	4.074832e-007	1.471327e+001
pro	-180.0	 120.0	6.529211e-007	1.424181e+001
pro	-170.0	 120.0	1.284132e-006	1.356543e+001
pro	-160.0	 120.0	2.638194e-006	1.284542e+001
pro	-150.0	 120.0	5.607491e-006	1.209141e+001
pro	-140.0	 120.0	1.219335e-005	1.131462e+001
pro	-130.0	 120.0	2.699149e-005	1.051999e+001
pro	-120.0	 120.0	6.157921e-005	9.695186e+000
pro	-110.0	 120.0	1.490245e-004	8.811400e+000
pro	-100.0	 120.0	3.897748e-004	7.849941e+000
pro	 -90.0	 120.0	1.073891e-003	6.836467e+000
pro	 -80.0	 120.0	2.850722e-003	5.860183e+000
pro	 -70.0	 120.0	6.100897e-003	5.099319e+000
pro	 -60.0	 120.0	8.567979e-003	4.759723e+000
pro	 -50.0	 120.0	6.964107e-003	4.966986e+000
pro	 -40.0	 120.0	3.233604e-003	5.734158e+000
pro	 -30.0	 120.0	9.174593e-004	6.993902e+000
pro	 -20.0	 120.0	1.849473e-004	8.595440e+000
pro	 -10.0	 120.0	3.461373e-005	1.027126e+001
pro	   0.0	 120.0	7.624164e-006	1.178419e+001
pro	  10.0	 120.0	2.058414e-006	1.309357e+001
pro	  20.0	 120.0	6.521480e-007	1.424299e+001
pro	  30.0	 120.0	2.397416e-007	1.524370e+001
pro	  40.0	 120.0	1.069635e-007	1.605078e+001
pro	  50.0	 120.0	6.027868e-008	1.662429e+001
pro	  60.0	 120.0	4.189464e-008	1.698811e+001
pro	  70.0	 120.0	3.386305e-008	1.720094e+001
pro	  80.0	 120.0	3.039156e-008	1.730910e+001
pro	  90.0	 120.0	2.956770e-008	1.733658e+001
pro	 100.0	 120.0	3.091142e-008	1.729214e+001
pro	 110.0	 120.0	3.471271e-008	1.717616e+001
pro	 120.0	 120.0	4.201622e-008	1.698521e+001
pro	 130.0	 120.0	5.502824e-008	1.671542e+001
pro	 140.0	 120.0	7.811128e-008	1.636513e+001
pro	 150.0	 120.0	1.199293e-007	1.593636e+001
pro	 160.0	 120.0	1.980810e-007	1.543459e+001
pro	 170.0	 120.0	3.493448e-007	1.486721e+001
pro	-180.0	 130.0	5.530420e-007	1.440783e+001
pro	-170.0	 130.0	1.099075e-006	1.372104e+001
pro	-160.0	 130.0	2.302447e-006	1.298154e+001
pro	-150.0	 130.0	5.039082e-006	1.219829e+001
pro	-140.0	 130.0	1.143774e-005	1.137859e+001
pro	-130.0	 130.0	2.718013e-005	1.051302e+001
pro	-120.0	 130.0	6.980360e-005	9.569825e+000
pro	-110.0	 130.0	2.012553e-004	8.510936e+000
pro	-100.0	 130.0	6.586501e-004	7.325318e+000
pro	 -90.0	 130.0	2.293879e-003	6.077511e+000
pro	 -80.0	 130.0	7.271212e-003	4.923832e+000
pro	 -70.0	 130.0	1.671310e-002	4.091562e+000
pro	 -60.0	 130.0	2.288952e-002	3.777076e+000
pro	 -50.0	 130.0	1.687531e-002	4.081904e+000
pro	 -40.0	 130.0	6.759835e-003	4.996757e+000
pro	 -30.0	 130.0	1.604832e-003	6.434736e+000
pro	 -20.0	 130.0	2.620737e-004	8.246885e+000
pro	 -10.0	 130.0	3.945848e-005	1.014026e+001
pro	   0.0	 130.0	7.629711e-006	1.178346e+001
pro	  10.0	 130.0	1.983956e-006	1.313042e+001
pro	  20.0	 130.0	6.182966e-007	1.429630e+001
pro	  30.0	 130.0	2.199444e-007	1.532989e+001
pro	  40.0	 130.0	9.483619e-008	1.617111e+001
pro	  50.0	 130.0	5.313697e-008	1.675039e+001
pro	  60.0	 130.0	3.760204e-008	1.709621e+001
pro	  70.0	 130.0	3.100753e-008	1.728904e+001
pro	  80.0	 130.0	2.815899e-008	1.738540e+001
pro	  90.0	 130.0	2.747021e-008	1.741016e+001
pro	 100.0	 130.0	2.857942e-008	1.737058e+001
pro	 110.0	 130.0	3.174796e-008	1.726544e+001
pro	 120.0	 130.0	3.784912e-008	1.708966e+001
pro	 130.0	 130.0	4.871249e-008	1.683733e+001
pro	 140.0	 130.0	6.796010e-008	1.650435e+001
pro	 150.0	 130.0	1.028215e-007	1.609027e+001
pro	 160.0	 130.0	1.681079e-007	1.559866e+001
pro	 170.0	 130.0	2.951894e-007	1.503565e+001
pro	-180.0	 140.0	4.622448e-007	1.458717e+001
pro	-170.0	 140.0	9.367914e-007	1.388081e+001
pro	-160.0	 140.0	2.036339e-006	1.310436e+001
pro	-150.0	 140.0	4.703754e-006	1.226715e+001
pro	-140.0	 140.0	1.147789e-005	1.137509e+001
pro	-130.0	 140.0	3.017385e-005	1.040853e+001
pro	-120.0	 140.0	8.861220e-005	9.331241e+000
pro	-110.0	 140.0	2.996767e-004	8.112806e+000
pro	-100.0	 140.0	1.156546e-003	6.762317e+000
pro	 -90.0	 140.0	4.540657e-003	5.394684e+000
pro	 -80.0	 140.0	1.493812e-002	4.203839e+000
pro	 -70.0	 140.0	3.283270e-002	3.416330e+000
pro	 -60.0	 140.0	4.079116e-002	3.199290e+000
pro	 -50.0	 140.0	2.633043e-002	3.637030e+000
pro	 -40.0	 140.0	8.952050e-003	4.715873e+000
pro	 -30.0	 140.0	1.777233e-003	6.332698e+000
pro	 -20.0	 140.0	2.429100e-004	8.322819e+000
pro	 -10.0	 140.0	3.174532e-005	1.035777e+001
pro	   0.0	 140.0	6.002679e-006	1.202330e+001
pro	  10.0	 140.0	1.652224e-006	1.331339e+001
pro	  20.0	 140.0	5.380040e-007	1.443540e+001
pro	  30.0	 140.0	1.929434e-007	1.546087e+001
pro	  40.0	 140.0	8.296352e-008	1.630486e+001
pro	  50.0	 140.0	4.719560e-008	1.686897e+001
pro	  60.0	 140.0	3.432209e-008	1.718748e+001
pro	  70.0	 140.0	2.892274e-008	1.735864e+001
pro	  80.0	 140.0	2.654593e-008	1.744439e+001
pro	  90.0	 140.0	2.591665e-008	1.746838e+001
pro	 100.0	 140.0	2.676973e-008	1.743599e+001
pro	 110.0	 140.0	2.933032e-008	1.734464e+001
pro	 120.0	 140.0	3.430772e-008	1.718790e+001
pro	 130.0	 140.0	4.317986e-008	1.695789e+001
pro	 140.0	 140.0	5.888061e-008	1.664775e+001
pro	 150.0	 140.0	8.730686e-008	1.625384e+001
pro	 160.0	 140.0	1.406912e-007	1.577670e+001
pro	 170.0	 140.0	2.455195e-007	1.521989e+001
pro	-180.0	 150.0	3.876061e-007	1.476328e+001
pro	-170.0	 150.0	8.077293e-007	1.402904e+001
pro	-160.0	 150.0	1.844967e-006	1.320305e+001
pro	-150.0	 150.0	4.554267e-006	1.229945e+001
pro	-140.0	 150.0	1.204309e-005	1.132702e+001
pro	-130.0	 150.0	3.498028e-005	1.026073e+001
pro	-120.0	 150.0	1.153543e-004	9.067502e+000
pro	-110.0	 150.0	4.373596e-004	7.734755e+000
pro	-100.0	 150.0	1.817784e-003	6.310137e+000
pro	 -90.0	 150.0	7.078490e-003	4.950695e+000
pro	 -80.0	 150.0	2.138445e-002	3.845091e+000
pro	 -70.0	 150.0	4.125186e-002	3.188059e+000
pro	 -60.0	 150.0	4.422739e-002	3.118411e+000
pro	 -50.0	 150.0	2.453094e-002	3.707820e+000
pro	 -40.0	 150.0	7.087074e-003	4.949483e+000
pro	 -30.0	 150.0	1.187679e-003	6.735754e+000
pro	 -20.0	 150.0	1.409274e-004	8.867266e+000
pro	 -10.0	 150.0	1.778334e-005	1.093725e+001
pro	   0.0	 150.0	3.784677e-006	1.248455e+001
pro	  10.0	 150.0	1.190637e-006	1.364102e+001
pro	  20.0	 150.0	4.199725e-007	1.468308e+001
pro	  30.0	 150.0	1.581476e-007	1.565974e+001
pro	  40.0	 150.0	7.146206e-008	1.645410e+001
pro	  50.0	 150.0	4.290428e-008	1.696429e+001
pro	  60.0	 150.0	3.247122e-008	1.724291e+001
pro	  70.0	 150.0	2.794563e-008	1.739301e+001
pro	  80.0	 150.0	2.584004e-008	1.747134e+001
pro	  90.0	 150.0	2.517800e-008	1.749730e+001
pro	 100.0	 150.0	2.576462e-008	1.747426e+001
pro	 110.0	 150.0	2.778280e-008	1.739885e+001
pro	 120.0	 150.0	3.179589e-008	1.726393e+001
pro	 130.0	 150.0	3.898034e-008	1.706021e+001
pro	 140.0	 150.0	5.168628e-008	1.677807e+001
pro	 150.0	 150.0	7.468742e-008	1.640995e+001
pro	 160.0	 150.0	1.180666e-007	1.595202e+001
pro	 170.0	 150.0	2.043479e-007	1.540344e+001
pro	-180.0	 160.0	3.349515e-007	1.490928e+001
pro	-170.0	 160.0	7.173077e-007	1.414776e+001
pro	-160.0	 160.0	1.713191e-006	1.327715e+001
pro	-150.0	 160.0	4.466143e-006	1.231899e+001
pro	-140.0	 160.0	1.254183e-005	1.128644e+001
pro	-130.0	 160.0	3.889861e-005	1.015455e+001
pro	-120.0	 160.0	1.367039e-004	8.897693e+000
pro	-110.0	 160.0	5.381170e-004	7.527435e+000
pro	-100.0	 160.0	2.186660e-003	6.125380e+000
pro	 -90.0	 160.0	7.722461e-003	4.863622e+000
pro	 -80.0	 160.0	1.995432e-002	3.914310e+000
pro	 -70.0	 160.0	3.218295e-002	3.436318e+000
pro	 -60.0	 160.0	2.891477e-002	3.543403e+000
pro	 -50.0	 160.0	1.367688e-002	4.292049e+000
pro	 -40.0	 160.0	3.415119e-003	5.679543e+000
pro	 -30.0	 160.0	4.991516e-004	7.602601e+000
pro	 -20.0	 160.0	5.504664e-005	9.807330e+000
pro	 -10.0	 160.0	7.820006e-006	1.175883e+001
pro	   0.0	 160.0	2.094721e-006	1.307609e+001
pro	  10.0	 160.0	7.661141e-007	1.408193e+001
pro	  20.0	 160.0	2.967614e-007	1.503034e+001
pro	  30.0	 160.0	1.228283e-007	1.591248e+001
pro	  40.0	 160.0	6.203451e-008	1.659558e+001
pro	  50.0	 160.0	4.072850e-008	1.701634e+001
pro	  60.0	 160.0	3.225892e-008	1.724947e+001
pro	  70.0	 160.0	2.823941e-008	1.738255e+001
pro	  80.0	 160.0	2.620248e-008	1.745741e+001
pro	  90.0	 160.0	2.542754e-008	1.748743e+001
pro	 100.0	 160.0	2.576214e-008	1.747436e+001
pro	 110.0	 160.0	2.734716e-008	1.741465e+001
pro	 120.0	 160.0	3.063120e-008	1.730125e+001
pro	 130.0	 160.0	3.656487e-008	1.712418e+001
pro	 140.0	 160.0	4.707074e-008	1.687161e+001
pro	 150.0	 160.0	6.611397e-008	1.653189e+001
pro	 160.0	 160.0	1.022581e-007	1.609577e+001
pro	 170.0	 160.0	1.752842e-007	1.555686e+001
pro	-180.0	 170.0	3.026695e-007	1.501062e+001
pro	-170.0	 170.0	6.562223e-007	1.423677e+001
pro	-160.0	 170.0	1.598092e-006	1.334670e+001
pro	-150.0	 170.0	4.259202e-006	1.236643e+001
pro	-140.0	 170.0	1.221223e-005	1.131307e+001
pro	-130.0	 170.0	3.834818e-005	1.016880e+001
pro	-120.0	 170.0	1.339523e-004	8.918027e+000
pro	-110.0	 170.0	5.046657e-004	7.591614e+000
pro	-100.0	 170.0	1.860851e-003	6.286721e+000
pro	 -90.0	 170.0	5.688064e-003	5.169385e+000
pro	 -80.0	 170.0	1.228938e-002	4.399020e+000
pro	 -70.0	 170.0	1.643065e-002	4.108607e+000
pro	 -60.0	 170.0	1.238248e-002	4.391473e+000
pro	 -50.0	 170.0	5.065406e-003	5.285321e+000
pro	 -40.0	 170.0	1.143747e-003	6.773446e+000
pro	 -30.0	 170.0	1.600014e-004	8.740328e+000
pro	 -20.0	 170.0	1.923041e-005	1.085902e+001
pro	 -10.0	 170.0	3.542733e-006	1.255061e+001
pro	   0.0	 170.0	1.160399e-006	1.366675e+001
pro	  10.0	 170.0	4.736380e-007	1.456282e+001
pro	  20.0	 170.0	2.040884e-007	1.540471e+001
pro	  30.0	 170.0	9.745467e-008	1.614388e+001
pro	  40.0	 170.0	5.701351e-008	1.667998e+001
pro	  50.0	 170.0	4.099475e-008	1.700982e+001
pro	  60.0	 170.0	3.365752e-008	1.720703e+001
pro	  70.0	 170.0	2.976157e-008	1.733005e+001
pro	  80.0	 170.0	2.761951e-008	1.740474e+001
pro	  90.0	 170.0	2.667545e-008	1.743952e+001
pro	 100.0	 170.0	2.678967e-008	1.743525e+001
pro	 110.0	 170.0	2.806527e-008	1.738873e+001
pro	 120.0	 170.0	3.087076e-008	1.729346e+001
pro	 130.0	 170.0	3.600998e-008	1.713947e+001
pro	 140.0	 170.0	4.513736e-008	1.691356e+001
pro	 150.0	 170.0	6.172363e-008	1.660060e+001
pro	 160.0	 170.0	9.341201e-008	1.618625e+001
pro	 170.0	 170.0	1.582505e-007	1.565909e+001
