ser	-180.0	-180.0	1.089058e-003	6.822442e+000
ser	-170.0	-180.0	2.343930e-003	6.055926e+000
ser	-160.0	-180.0	3.517314e-003	5.650058e+000
ser	-150.0	-180.0	3.702210e-003	5.598825e+000
ser	-140.0	-180.0	2.979979e-003	5.815839e+000
ser	-130.0	-180.0	2.173581e-003	6.131379e+000
ser	-120.0	-180.0	1.744960e-003	6.351023e+000
ser	-110.0	-180.0	1.706893e-003	6.373080e+000
ser	-100.0	-180.0	2.036362e-003	6.196590e+000
ser	 -90.0	-180.0	2.694793e-003	5.916434e+000
ser	 -80.0	-180.0	3.154148e-003	5.759037e+000
ser	 -70.0	-180.0	2.650403e-003	5.933043e+000
ser	 -60.0	-180.0	1.432982e-003	6.547997e+000
ser	 -50.0	-180.0	4.850890e-004	7.631178e+000
ser	 -40.0	-180.0	1.093957e-004	9.120539e+000
ser	 -30.0	-180.0	2.094244e-005	1.077373e+001
ser	 -20.0	-180.0	6.536628e-006	1.193809e+001
ser	 -10.0	-180.0	5.520200e-006	1.210710e+001
ser	   0.0	-180.0	7.757993e-006	1.176679e+001
ser	  10.0	-180.0	1.202056e-005	1.132889e+001
ser	  20.0	-180.0	1.809774e-005	1.091972e+001
ser	  30.0	-180.0	2.544351e-005	1.057905e+001
ser	  40.0	-180.0	3.282365e-005	1.032436e+001
ser	  50.0	-180.0	3.852078e-005	1.016431e+001
ser	  60.0	-180.0	4.100679e-005	1.010177e+001
ser	  70.0	-180.0	3.966869e-005	1.013495e+001
ser	  80.0	-180.0	3.507136e-005	1.025813e+001
ser	  90.0	-180.0	2.859746e-005	1.046219e+001
ser	 100.0	-180.0	2.178433e-005	1.073432e+001
ser	 110.0	-180.0	1.582040e-005	1.105421e+001
ser	 120.0	-180.0	1.146070e-005	1.137659e+001
ser	 130.0	-180.0	9.487294e-006	1.156556e+001
ser	 140.0	-180.0	1.239571e-005	1.129816e+001
ser	 150.0	-180.0	3.086757e-005	1.038580e+001
ser	 160.0	-180.0	1.074969e-004	9.138048e+000
ser	 170.0	-180.0	3.752494e-004	7.887920e+000
ser	-180.0	-170.0	6.122576e-004	7.398357e+000
ser	-170.0	-170.0	1.248474e-003	6.685833e+000
ser	-160.0	-170.0	1.804633e-003	6.317398e+000
ser	-150.0	-170.0	1.867250e-003	6.283288e+000
ser	-140.0	-170.0	1.516963e-003	6.491045e+000
ser	-130.0	-170.0	1.142884e-003	6.774201e+000
ser	-120.0	-170.0	9.420996e-004	6.967400e+000
ser	-110.0	-170.0	9.097274e-004	7.002366e+000
ser	-100.0	-170.0	1.015236e-003	6.892634e+000
ser	 -90.0	-170.0	1.204202e-003	6.721938e+000
ser	 -80.0	-170.0	1.258787e-003	6.677606e+000
ser	 -70.0	-170.0	9.665164e-004	6.941812e+000
ser	 -60.0	-170.0	4.980376e-004	7.604835e+000
ser	 -50.0	-170.0	1.720335e-004	8.667821e+000
ser	 -40.0	-170.0	4.412236e-005	1.002854e+001
ser	 -30.0	-170.0	1.151900e-005	1.137151e+001
ser	 -20.0	-170.0	5.769641e-006	1.206290e+001
ser	 -10.0	-170.0	6.443062e-006	1.195251e+001
ser	   0.0	-170.0	9.746600e-006	1.153859e+001
ser	  10.0	-170.0	1.531926e-005	1.108640e+001
ser	  20.0	-170.0	2.306706e-005	1.067710e+001
ser	  30.0	-170.0	3.224363e-005	1.034219e+001
ser	  40.0	-170.0	4.117015e-005	1.009780e+001
ser	  50.0	-170.0	4.761718e-005	9.952317e+000
ser	  60.0	-170.0	4.975049e-005	9.908490e+000
ser	  70.0	-170.0	4.704986e-005	9.964303e+000
ser	  80.0	-170.0	4.052531e-005	1.011358e+001
ser	  90.0	-170.0	3.210764e-005	1.034642e+001
ser	 100.0	-170.0	2.372903e-005	1.064881e+001
ser	 110.0	-170.0	1.671307e-005	1.099932e+001
ser	 120.0	-170.0	1.172157e-005	1.135408e+001
ser	 130.0	-170.0	9.213171e-006	1.159488e+001
ser	 140.0	-170.0	1.068235e-005	1.144692e+001
ser	 150.0	-170.0	2.269267e-005	1.069347e+001
ser	 160.0	-170.0	7.024941e-005	9.563459e+000
ser	 170.0	-170.0	2.256512e-004	8.396520e+000
ser	-180.0	-160.0	2.763403e-004	8.193878e+000
ser	-170.0	-160.0	5.305648e-004	7.541569e+000
ser	-160.0	-160.0	7.492312e-004	7.196463e+000
ser	-150.0	-160.0	7.873799e-004	7.146800e+000
ser	-140.0	-160.0	6.748887e-004	7.300963e+000
ser	-130.0	-160.0	5.456406e-004	7.513550e+000
ser	-120.0	-160.0	4.683221e-004	7.666354e+000
ser	-110.0	-160.0	4.439334e-004	7.719836e+000
ser	-100.0	-160.0	4.590957e-004	7.686252e+000
ser	 -90.0	-160.0	4.832166e-004	7.635046e+000
ser	 -80.0	-160.0	4.493124e-004	7.707792e+000
ser	 -70.0	-160.0	3.212484e-004	8.043296e+000
ser	 -60.0	-160.0	1.656557e-004	8.705599e+000
ser	 -50.0	-160.0	6.329364e-005	9.667726e+000
ser	 -40.0	-160.0	2.066422e-005	1.078711e+001
ser	 -30.0	-160.0	8.126740e-006	1.172035e+001
ser	 -20.0	-160.0	5.984296e-006	1.202637e+001
ser	 -10.0	-160.0	7.641378e-006	1.178193e+001
ser	   0.0	-160.0	1.183077e-005	1.134481e+001
ser	  10.0	-160.0	1.862203e-005	1.089117e+001
ser	  20.0	-160.0	2.793335e-005	1.048569e+001
ser	  30.0	-160.0	3.877344e-005	1.015778e+001
ser	  40.0	-160.0	4.900987e-005	9.923489e+000
ser	  50.0	-160.0	5.593217e-005	9.791371e+000
ser	  60.0	-160.0	5.746736e-005	9.764293e+000
ser	  70.0	-160.0	5.326242e-005	9.840279e+000
ser	  80.0	-160.0	4.481350e-005	1.001300e+001
ser	  90.0	-160.0	3.458686e-005	1.027204e+001
ser	 100.0	-160.0	2.485713e-005	1.060237e+001
ser	 110.0	-160.0	1.702372e-005	1.098090e+001
ser	 120.0	-160.0	1.162015e-005	1.136277e+001
ser	 130.0	-160.0	8.801195e-006	1.164062e+001
ser	 140.0	-160.0	9.215017e-006	1.159468e+001
ser	 150.0	-160.0	1.602551e-005	1.104133e+001
ser	 160.0	-160.0	4.052720e-005	1.011354e+001
ser	 170.0	-160.0	1.123845e-004	9.093585e+000
ser	-180.0	-150.0	1.159861e-004	9.062041e+000
ser	-170.0	-150.0	2.061267e-004	8.487020e+000
ser	-160.0	-150.0	2.867911e-004	8.156756e+000
ser	-150.0	-150.0	3.148251e-004	8.063493e+000
ser	-140.0	-150.0	2.939751e-004	8.132016e+000
ser	-130.0	-150.0	2.589263e-004	8.258967e+000
ser	-120.0	-150.0	2.312422e-004	8.372045e+000
ser	-110.0	-150.0	2.152968e-004	8.443493e+000
ser	-100.0	-150.0	2.082839e-004	8.476608e+000
ser	 -90.0	-150.0	1.984193e-004	8.525128e+000
ser	 -80.0	-150.0	1.681187e-004	8.690841e+000
ser	 -70.0	-150.0	1.156285e-004	9.065128e+000
ser	 -60.0	-150.0	6.265173e-005	9.677919e+000
ser	 -50.0	-150.0	2.815821e-005	1.047767e+001
ser	 -40.0	-150.0	1.228066e-005	1.130749e+001
ser	 -30.0	-150.0	6.944238e-006	1.187760e+001
ser	 -20.0	-150.0	6.452763e-006	1.195100e+001
ser	 -10.0	-150.0	8.732682e-006	1.164844e+001
ser	   0.0	-150.0	1.356836e-005	1.120777e+001
ser	  10.0	-150.0	2.125033e-005	1.075914e+001
ser	  20.0	-150.0	3.166747e-005	1.036022e+001
ser	  30.0	-150.0	4.361344e-005	1.004015e+001
ser	  40.0	-150.0	5.460325e-005	9.815417e+000
ser	  50.0	-150.0	6.159235e-005	9.694973e+000
ser	  60.0	-150.0	6.239739e-005	9.681987e+000
ser	  70.0	-150.0	5.687324e-005	9.774686e+000
ser	  80.0	-150.0	4.693340e-005	9.966781e+000
ser	  90.0	-150.0	3.544310e-005	1.024758e+001
ser	 100.0	-150.0	2.488545e-005	1.060123e+001
ser	 110.0	-150.0	1.665458e-005	1.100283e+001
ser	 120.0	-150.0	1.114135e-005	1.140485e+001
ser	 130.0	-150.0	8.265478e-006	1.170342e+001
ser	 140.0	-150.0	8.143516e-006	1.171829e+001
ser	 150.0	-150.0	1.202185e-005	1.132878e+001
ser	 160.0	-150.0	2.414587e-005	1.063140e+001
ser	 170.0	-150.0	5.443803e-005	9.818448e+000
ser	-180.0	-140.0	5.539831e-005	9.800961e+000
ser	-170.0	-140.0	8.943987e-005	9.321944e+000
ser	-160.0	-140.0	1.220704e-004	9.010913e+000
ser	-150.0	-140.0	1.403973e-004	8.871034e+000
ser	-140.0	-140.0	1.421262e-004	8.858795e+000
ser	-130.0	-140.0	1.343267e-004	8.915235e+000
ser	-120.0	-140.0	1.238328e-004	8.996578e+000
ser	-110.0	-140.0	1.140224e-004	9.079116e+000
ser	-100.0	-140.0	1.050562e-004	9.161015e+000
ser	 -90.0	-140.0	9.342750e-005	9.278325e+000
ser	 -80.0	-140.0	7.510782e-005	9.496586e+000
ser	 -70.0	-140.0	5.178117e-005	9.868484e+000
ser	 -60.0	-140.0	3.049230e-005	1.039804e+001
ser	 -50.0	-140.0	1.630972e-005	1.102375e+001
ser	 -40.0	-140.0	9.124242e-006	1.160458e+001
ser	 -30.0	-140.0	6.562265e-006	1.193417e+001
ser	 -20.0	-140.0	6.853076e-006	1.189081e+001
ser	 -10.0	-140.0	9.436416e-006	1.157093e+001
ser	   0.0	-140.0	1.452883e-005	1.113938e+001
ser	  10.0	-140.0	2.250941e-005	1.070158e+001
ser	  20.0	-140.0	3.322711e-005	1.031214e+001
ser	  30.0	-140.0	4.535836e-005	1.000092e+001
ser	  40.0	-140.0	5.627450e-005	9.785269e+000
ser	  50.0	-140.0	6.284912e-005	9.674774e+000
ser	  60.0	-140.0	6.295773e-005	9.673047e+000
ser	  70.0	-140.0	5.665046e-005	9.778610e+000
ser	  80.0	-140.0	4.607224e-005	9.985300e+000
ser	  90.0	-140.0	3.423549e-005	1.028225e+001
ser	 100.0	-140.0	2.363404e-005	1.065282e+001
ser	 110.0	-140.0	1.556898e-005	1.107023e+001
ser	 120.0	-140.0	1.029825e-005	1.148354e+001
ser	 130.0	-140.0	7.591562e-006	1.178847e+001
ser	 140.0	-140.0	7.293132e-006	1.182858e+001
ser	 150.0	-140.0	9.797217e-006	1.153341e+001
ser	 160.0	-140.0	1.657888e-005	1.100738e+001
ser	 170.0	-140.0	3.065459e-005	1.039273e+001
ser	-180.0	-130.0	3.358545e-005	1.030142e+001
ser	-170.0	-130.0	4.964078e-005	9.910698e+000
ser	-160.0	-130.0	6.574857e-005	9.629673e+000
ser	-150.0	-130.0	7.733829e-005	9.467321e+000
ser	-140.0	-130.0	8.219829e-005	9.406376e+000
ser	-130.0	-130.0	8.128786e-005	9.417514e+000
ser	-120.0	-130.0	7.678522e-005	9.474498e+000
ser	-110.0	-130.0	7.042753e-005	9.560926e+000
ser	-100.0	-130.0	6.282228e-005	9.675201e+000
ser	 -90.0	-130.0	5.343883e-005	9.836973e+000
ser	 -80.0	-130.0	4.189876e-005	1.008025e+001
ser	 -70.0	-130.0	2.956636e-005	1.042887e+001
ser	 -60.0	-130.0	1.897900e-005	1.087218e+001
ser	 -50.0	-130.0	1.175360e-005	1.135135e+001
ser	 -40.0	-130.0	7.845842e-006	1.175553e+001
ser	 -30.0	-130.0	6.470526e-006	1.194825e+001
ser	 -20.0	-130.0	7.069191e-006	1.185976e+001
ser	 -10.0	-130.0	9.615064e-006	1.155218e+001
ser	   0.0	-130.0	1.447235e-005	1.114327e+001
ser	  10.0	-130.0	2.201657e-005	1.072372e+001
ser	  20.0	-130.0	3.206516e-005	1.034774e+001
ser	  30.0	-130.0	4.331388e-005	1.004704e+001
ser	  40.0	-130.0	5.325344e-005	9.840448e+000
ser	  50.0	-130.0	5.896955e-005	9.738489e+000
ser	  60.0	-130.0	5.856504e-005	9.745373e+000
ser	  70.0	-130.0	5.222406e-005	9.859967e+000
ser	  80.0	-130.0	4.206838e-005	1.007621e+001
ser	  90.0	-130.0	3.095465e-005	1.038299e+001
ser	 100.0	-130.0	2.117473e-005	1.076270e+001
ser	 110.0	-130.0	1.386314e-005	1.118628e+001
ser	 120.0	-130.0	9.177623e-006	1.159874e+001
ser	 130.0	-130.0	6.827864e-006	1.189450e+001
ser	 140.0	-130.0	6.555805e-006	1.193516e+001
ser	 150.0	-130.0	8.427393e-006	1.168402e+001
ser	 160.0	-130.0	1.296422e-005	1.125332e+001
ser	 170.0	-130.0	2.109266e-005	1.076659e+001
ser	-180.0	-120.0	2.497994e-005	1.059744e+001
ser	-170.0	-120.0	3.486352e-005	1.026407e+001
ser	-160.0	-120.0	4.492046e-005	1.001062e+001
ser	-150.0	-120.0	5.303357e-005	9.844585e+000
ser	-140.0	-120.0	5.767598e-005	9.760670e+000
ser	-130.0	-120.0	5.854069e-005	9.745788e+000
ser	-120.0	-120.0	5.620310e-005	9.786539e+000
ser	-110.0	-120.0	5.147476e-005	9.874419e+000
ser	-100.0	-120.0	4.502296e-005	1.000834e+001
ser	 -90.0	-120.0	3.734142e-005	1.019541e+001
ser	 -80.0	-120.0	2.904109e-005	1.044680e+001
ser	 -70.0	-120.0	2.110504e-005	1.076600e+001
ser	 -60.0	-120.0	1.459778e-005	1.113464e+001
ser	 -50.0	-120.0	1.009166e-005	1.150380e+001
ser	 -40.0	-120.0	7.532996e-006	1.179622e+001
ser	 -30.0	-120.0	6.611647e-006	1.192668e+001
ser	 -20.0	-120.0	7.164473e-006	1.184638e+001
ser	 -10.0	-120.0	9.333854e-006	1.158186e+001
ser	   0.0	-120.0	1.348628e-005	1.121384e+001
ser	  10.0	-120.0	1.993234e-005	1.082317e+001
ser	  20.0	-120.0	2.847322e-005	1.046655e+001
ser	  30.0	-120.0	3.795015e-005	1.017924e+001
ser	  40.0	-120.0	4.620279e-005	9.982470e+000
ser	  50.0	-120.0	5.077175e-005	9.888170e+000
ser	  60.0	-120.0	5.010723e-005	9.901345e+000
ser	  70.0	-120.0	4.444568e-005	1.002124e+001
ser	  80.0	-120.0	3.564859e-005	1.024180e+001
ser	  90.0	-120.0	2.615772e-005	1.055137e+001
ser	 100.0	-120.0	1.789669e-005	1.093089e+001
ser	 110.0	-120.0	1.179144e-005	1.134814e+001
ser	 120.0	-120.0	7.944408e-006	1.174304e+001
ser	 130.0	-120.0	6.087770e-006	1.200923e+001
ser	 140.0	-120.0	5.973250e-006	1.202822e+001
ser	 150.0	-120.0	7.571767e-006	1.179108e+001
ser	 160.0	-120.0	1.109500e-005	1.140902e+001
ser	 170.0	-120.0	1.686142e-005	1.099048e+001
ser	-180.0	-110.0	2.161196e-005	1.074226e+001
ser	-170.0	-110.0	2.931585e-005	1.043738e+001
ser	-160.0	-110.0	3.721628e-005	1.019876e+001
ser	-150.0	-110.0	4.396544e-005	1.003211e+001
ser	-140.0	-110.0	4.835973e-005	9.936843e+000
ser	-130.0	-110.0	4.975969e-005	9.908305e+000
ser	-120.0	-110.0	4.817601e-005	9.940649e+000
ser	-110.0	-110.0	4.411232e-005	1.002877e+001
ser	-100.0	-110.0	3.835154e-005	1.016872e+001
ser	 -90.0	-110.0	3.174713e-005	1.035771e+001
ser	 -80.0	-110.0	2.507772e-005	1.059353e+001
ser	 -70.0	-110.0	1.900729e-005	1.087069e+001
ser	 -60.0	-110.0	1.404762e-005	1.117306e+001
ser	 -50.0	-110.0	1.045816e-005	1.146813e+001
ser	 -40.0	-110.0	8.222845e-006	1.170859e+001
ser	 -30.0	-110.0	7.204049e-006	1.184087e+001
ser	 -20.0	-110.0	7.358614e-006	1.181964e+001
ser	 -10.0	-110.0	8.844422e-006	1.163572e+001
ser	   0.0	-110.0	1.195400e-005	1.133444e+001
ser	  10.0	-110.0	1.689669e-005	1.098839e+001
ser	  20.0	-110.0	2.346579e-005	1.065997e+001
ser	  30.0	-110.0	3.071865e-005	1.039064e+001
ser	  40.0	-110.0	3.696690e-005	1.020549e+001
ser	  50.0	-110.0	4.032523e-005	1.011853e+001
ser	  60.0	-110.0	3.963266e-005	1.013586e+001
ser	  70.0	-110.0	3.510726e-005	1.025710e+001
ser	  80.0	-110.0	2.820508e-005	1.047601e+001
ser	  90.0	-110.0	2.081238e-005	1.077996e+001
ser	 100.0	-110.0	1.440836e-005	1.114770e+001
ser	 110.0	-110.0	9.706909e-006	1.154267e+001
ser	 120.0	-110.0	6.797174e-006	1.189900e+001
ser	 130.0	-110.0	5.492527e-006	1.211212e+001
ser	 140.0	-110.0	5.623902e-006	1.208848e+001
ser	 150.0	-110.0	7.178237e-006	1.184446e+001
ser	 160.0	-110.0	1.028977e-005	1.148436e+001
ser	 170.0	-110.0	1.511372e-005	1.109991e+001
ser	-180.0	-100.0	2.092467e-005	1.077458e+001
ser	-170.0	-100.0	2.812460e-005	1.047887e+001
ser	-160.0	-100.0	3.562284e-005	1.024252e+001
ser	-150.0	-100.0	4.228411e-005	1.007110e+001
ser	-140.0	-100.0	4.694595e-005	9.966514e+000
ser	-130.0	-100.0	4.879449e-005	9.927893e+000
ser	-120.0	-100.0	4.765255e-005	9.951574e+000
ser	-110.0	-100.0	4.405020e-005	1.003018e+001
ser	-100.0	-100.0	3.899274e-005	1.015214e+001
ser	 -90.0	-100.0	3.346820e-005	1.030491e+001
ser	 -80.0	-100.0	2.802931e-005	1.048226e+001
ser	 -70.0	-100.0	2.284525e-005	1.068677e+001
ser	 -60.0	-100.0	1.806105e-005	1.092175e+001
ser	 -50.0	-100.0	1.395186e-005	1.117990e+001
ser	 -40.0	-100.0	1.081001e-005	1.143504e+001
ser	 -30.0	-100.0	8.810455e-006	1.163957e+001
ser	 -20.0	-100.0	8.012732e-006	1.173448e+001
ser	 -10.0	-100.0	8.487745e-006	1.167689e+001
ser	   0.0	-100.0	1.036490e-005	1.147709e+001
ser	  10.0	-100.0	1.370405e-005	1.119782e+001
ser	  20.0	-100.0	1.827194e-005	1.091014e+001
ser	  30.0	-100.0	2.333920e-005	1.066538e+001
ser	  40.0	-100.0	2.768672e-005	1.049456e+001
ser	  50.0	-100.0	2.998597e-005	1.041478e+001
ser	  60.0	-100.0	2.942843e-005	1.043355e+001
ser	  70.0	-100.0	2.616945e-005	1.055092e+001
ser	  80.0	-100.0	2.122731e-005	1.076022e+001
ser	  90.0	-100.0	1.592674e-005	1.104751e+001
ser	 100.0	-100.0	1.132155e-005	1.138880e+001
ser	 110.0	-100.0	7.944735e-006	1.174300e+001
ser	 120.0	-100.0	5.902810e-006	1.204008e+001
ser	 130.0	-100.0	5.116836e-006	1.218297e+001
ser	 140.0	-100.0	5.526857e-006	1.210589e+001
ser	 150.0	-100.0	7.185699e-006	1.184342e+001
ser	 160.0	-100.0	1.024235e-005	1.148898e+001
ser	 170.0	-100.0	1.483515e-005	1.111851e+001
ser	-180.0	 -90.0	2.166703e-005	1.073972e+001
ser	-170.0	 -90.0	2.922329e-005	1.044054e+001
ser	-160.0	 -90.0	3.732123e-005	1.019595e+001
ser	-150.0	 -90.0	4.485494e-005	1.001208e+001
ser	-140.0	 -90.0	5.056190e-005	9.892312e+000
ser	-130.0	 -90.0	5.345290e-005	9.836710e+000
ser	-120.0	 -90.0	5.330139e-005	9.839548e+000
ser	-110.0	 -90.0	5.088349e-005	9.885972e+000
ser	-100.0	 -90.0	4.761771e-005	9.952306e+000
ser	 -90.0	 -90.0	4.459582e-005	1.001787e+001
ser	 -80.0	 -90.0	4.177336e-005	1.008325e+001
ser	 -70.0	 -90.0	3.821285e-005	1.017234e+001
ser	 -60.0	 -90.0	3.297457e-005	1.031977e+001
ser	 -50.0	 -90.0	2.599473e-005	1.055762e+001
ser	 -40.0	 -90.0	1.869205e-005	1.088741e+001
ser	 -30.0	 -90.0	1.301452e-005	1.124944e+001
ser	 -20.0	 -90.0	9.751974e-006	1.153804e+001
ser	 -10.0	 -90.0	8.596169e-006	1.166419e+001
ser	   0.0	 -90.0	9.099141e-006	1.160733e+001
ser	  10.0	 -90.0	1.095490e-005	1.142172e+001
ser	  20.0	 -90.0	1.381207e-005	1.118997e+001
ser	  30.0	 -90.0	1.708551e-005	1.097728e+001
ser	  40.0	 -90.0	1.993241e-005	1.082316e+001
ser	  50.0	 -90.0	2.147011e-005	1.074885e+001
ser	  60.0	 -90.0	2.115446e-005	1.076366e+001
ser	  70.0	 -90.0	1.905337e-005	1.086827e+001
ser	  80.0	 -90.0	1.579387e-005	1.105589e+001
ser	  90.0	 -90.0	1.222753e-005	1.131182e+001
ser	 100.0	 -90.0	9.070105e-006	1.161053e+001
ser	 110.0	 -90.0	6.730592e-006	1.190885e+001
ser	 120.0	 -90.0	5.354428e-006	1.213759e+001
ser	 130.0	 -90.0	4.970311e-006	1.221203e+001
ser	 140.0	 -90.0	5.624822e-006	1.208832e+001
ser	 150.0	 -90.0	7.447722e-006	1.180760e+001
ser	 160.0	 -90.0	1.063712e-005	1.145116e+001
ser	 170.0	 -90.0	1.537142e-005	1.108300e+001
ser	-180.0	 -80.0	2.300755e-005	1.067969e+001
ser	-170.0	 -80.0	3.145992e-005	1.036680e+001
ser	-160.0	 -80.0	4.095009e-005	1.010316e+001
ser	-150.0	 -80.0	5.038667e-005	9.895784e+000
ser	-140.0	 -80.0	5.835383e-005	9.748986e+000
ser	-130.0	 -80.0	6.364594e-005	9.662175e+000
ser	-120.0	 -80.0	6.603799e-005	9.625280e+000
ser	-110.0	 -80.0	6.678936e-005	9.613967e+000
ser	-100.0	 -80.0	6.822501e-005	9.592699e+000
ser	 -90.0	 -80.0	7.230160e-005	9.534664e+000
ser	 -80.0	 -80.0	7.917340e-005	9.443870e+000
ser	 -70.0	 -80.0	8.597433e-005	9.361462e+000
ser	 -60.0	 -80.0	8.532545e-005	9.369038e+000
ser	 -50.0	 -80.0	7.027142e-005	9.563145e+000
ser	 -40.0	 -80.0	4.593561e-005	9.988270e+000
ser	 -30.0	 -80.0	2.539644e-005	1.058090e+001
ser	 -20.0	 -80.0	1.412525e-005	1.116755e+001
ser	 -10.0	 -80.0	9.520519e-006	1.156206e+001
ser	   0.0	 -80.0	8.321841e-006	1.169663e+001
ser	  10.0	 -80.0	8.896077e-006	1.162990e+001
ser	  20.0	 -80.0	1.047897e-005	1.146614e+001
ser	  30.0	 -80.0	1.250576e-005	1.128932e+001
ser	  40.0	 -80.0	1.438527e-005	1.114931e+001
ser	  50.0	 -80.0	1.553922e-005	1.107214e+001
ser	  60.0	 -80.0	1.557728e-005	1.106970e+001
ser	  70.0	 -80.0	1.445117e-005	1.114474e+001
ser	  80.0	 -80.0	1.246118e-005	1.129289e+001
ser	  90.0	 -80.0	1.010848e-005	1.150214e+001
ser	 100.0	 -80.0	7.894140e-006	1.174939e+001
ser	 110.0	 -80.0	6.182674e-006	1.199376e+001
ser	 120.0	 -80.0	5.183177e-006	1.217009e+001
ser	 130.0	 -80.0	5.019344e-006	1.220221e+001
ser	 140.0	 -80.0	5.820713e-006	1.205409e+001
ser	 150.0	 -80.0	7.780028e-006	1.176395e+001
ser	 160.0	 -80.0	1.115154e-005	1.140393e+001
ser	 170.0	 -80.0	1.618565e-005	1.103139e+001
ser	-180.0	 -70.0	2.446683e-005	1.061819e+001
ser	-170.0	 -70.0	3.429509e-005	1.028051e+001
ser	-160.0	 -70.0	4.608510e-005	9.985021e+000
ser	-150.0	 -70.0	5.887891e-005	9.740028e+000
ser	-140.0	 -70.0	7.114436e-005	9.550800e+000
ser	-130.0	 -70.0	8.139461e-005	9.416202e+000
ser	-120.0	 -70.0	8.932367e-005	9.323244e+000
ser	-110.0	 -70.0	9.690399e-005	9.241790e+000
ser	-100.0	 -70.0	1.087769e-004	9.126212e+000
ser	 -90.0	 -70.0	1.323065e-004	8.930389e+000
ser	 -80.0	 -70.0	1.772711e-004	8.637830e+000
ser	 -70.0	 -70.0	2.432576e-004	8.321389e+000
ser	 -60.0	 -70.0	2.869455e-004	8.156218e+000
ser	 -50.0	 -70.0	2.468737e-004	8.306634e+000
ser	 -40.0	 -70.0	1.462496e-004	8.830196e+000
ser	 -30.0	 -70.0	6.370634e-005	9.661227e+000
ser	 -20.0	 -70.0	2.491432e-005	1.060007e+001
ser	 -10.0	 -70.0	1.173916e-005	1.135258e+001
ser	   0.0	 -70.0	8.005618e-006	1.173537e+001
ser	  10.0	 -70.0	7.478768e-006	1.180344e+001
ser	  20.0	 -70.0	8.247544e-006	1.170560e+001
ser	  30.0	 -70.0	9.599309e-006	1.155382e+001
ser	  40.0	 -70.0	1.109116e-005	1.140936e+001
ser	  50.0	 -70.0	1.232417e-005	1.130395e+001
ser	  60.0	 -70.0	1.293708e-005	1.125541e+001
ser	  70.0	 -70.0	1.269206e-005	1.127453e+001
ser	  80.0	 -70.0	1.158294e-005	1.136598e+001
ser	  90.0	 -70.0	9.874054e-006	1.152560e+001
ser	 100.0	 -70.0	8.004376e-006	1.173552e+001
ser	 110.0	 -70.0	6.413226e-006	1.195715e+001
ser	 120.0	 -70.0	5.421461e-006	1.212515e+001
ser	 130.0	 -70.0	5.235903e-006	1.215997e+001
ser	 140.0	 -70.0	6.032053e-006	1.201842e+001
ser	 150.0	 -70.0	8.034313e-006	1.173179e+001
ser	 160.0	 -70.0	1.154625e-005	1.136915e+001
ser	 170.0	 -70.0	1.692028e-005	1.098700e+001
ser	-180.0	 -60.0	2.592350e-005	1.056036e+001
ser	-170.0	 -60.0	3.773605e-005	1.018489e+001
ser	-160.0	 -60.0	5.314591e-005	9.842469e+000
ser	-150.0	 -60.0	7.168900e-005	9.543173e+000
ser	-140.0	 -60.0	9.197113e-005	9.294036e+000
ser	-130.0	 -60.0	1.121477e-004	9.095694e+000
ser	-120.0	 -60.0	1.315408e-004	8.936194e+000
ser	-110.0	 -60.0	1.534397e-004	8.782203e+000
ser	-100.0	 -60.0	1.888719e-004	8.574442e+000
ser	 -90.0	 -60.0	2.659005e-004	8.232389e+000
ser	 -80.0	 -60.0	4.499130e-004	7.706456e+000
ser	 -70.0	 -60.0	7.896723e-004	7.143893e+000
ser	 -60.0	 -60.0	1.062062e-003	6.847543e+000
ser	 -50.0	 -60.0	8.995380e-004	7.013629e+000
ser	 -40.0	 -60.0	4.687372e-004	7.665468e+000
ser	 -30.0	 -60.0	1.640566e-004	8.715299e+000
ser	 -20.0	 -60.0	4.683835e-005	9.968808e+000
ser	 -10.0	 -60.0	1.532706e-005	1.108589e+001
ser	   0.0	 -60.0	7.932952e-006	1.174449e+001
ser	  10.0	 -60.0	6.519225e-006	1.194076e+001
ser	  20.0	 -60.0	6.935176e-006	1.187890e+001
ser	  30.0	 -60.0	8.197774e-006	1.171165e+001
ser	  40.0	 -60.0	9.978046e-006	1.151512e+001
ser	  50.0	 -60.0	1.196258e-005	1.133373e+001
ser	  60.0	 -60.0	1.364762e-005	1.120195e+001
ser	  70.0	 -60.0	1.441757e-005	1.114706e+001
ser	  80.0	 -60.0	1.387644e-005	1.118532e+001
ser	  90.0	 -60.0	1.215102e-005	1.131810e+001
ser	 100.0	 -60.0	9.843333e-006	1.152872e+001
ser	 110.0	 -60.0	7.677132e-006	1.177726e+001
ser	 120.0	 -60.0	6.184236e-006	1.199351e+001
ser	 130.0	 -60.0	5.647944e-006	1.208422e+001
ser	 140.0	 -60.0	6.234536e-006	1.198541e+001
ser	 150.0	 -60.0	8.148179e-006	1.171772e+001
ser	 160.0	 -60.0	1.172283e-005	1.135397e+001
ser	 170.0	 -60.0	1.744654e-005	1.095637e+001
ser	-180.0	 -50.0	2.751822e-005	1.050066e+001
ser	-170.0	 -50.0	4.219307e-005	1.007325e+001
ser	-160.0	 -50.0	6.331924e-005	9.667321e+000
ser	-150.0	 -50.0	9.184012e-005	9.295461e+000
ser	-140.0	 -50.0	1.273434e-004	8.968623e+000
ser	-130.0	 -50.0	1.679494e-004	8.691848e+000
ser	-120.0	 -50.0	2.134439e-004	8.452136e+000
ser	-110.0	 -50.0	2.731992e-004	8.205309e+000
ser	-100.0	 -50.0	3.765577e-004	7.884439e+000
ser	 -90.0	 -50.0	6.088923e-004	7.403869e+000
ser	 -80.0	 -50.0	1.241330e-003	6.691572e+000
ser	 -70.0	 -50.0	2.568768e-003	5.964329e+000
ser	 -60.0	 -50.0	3.583495e-003	5.631417e+000
ser	 -50.0	 -50.0	2.747357e-003	5.897116e+000
ser	 -40.0	 -50.0	1.193233e-003	6.731089e+000
ser	 -30.0	 -50.0	3.368376e-004	7.995910e+000
ser	 -20.0	 -50.0	7.455928e-005	9.503916e+000
ser	 -10.0	 -50.0	1.832825e-005	1.090707e+001
ser	   0.0	 -50.0	7.629579e-006	1.178348e+001
ser	  10.0	 -50.0	5.849826e-006	1.204910e+001
ser	  20.0	 -50.0	6.439457e-006	1.195307e+001
ser	  30.0	 -50.0	8.318888e-006	1.169698e+001
ser	  40.0	 -50.0	1.135784e-005	1.138560e+001
ser	  50.0	 -50.0	1.524482e-005	1.109127e+001
ser	  60.0	 -50.0	1.902515e-005	1.086975e+001
ser	  70.0	 -50.0	2.128463e-005	1.075753e+001
ser	  80.0	 -50.0	2.099246e-005	1.077135e+001
ser	  90.0	 -50.0	1.827357e-005	1.091005e+001
ser	 100.0	 -50.0	1.430254e-005	1.115507e+001
ser	 110.0	 -50.0	1.047571e-005	1.146645e+001
ser	 120.0	 -50.0	7.713157e-006	1.177258e+001
ser	 130.0	 -50.0	6.358660e-006	1.196569e+001
ser	 140.0	 -50.0	6.472296e-006	1.194798e+001
ser	 150.0	 -50.0	8.149164e-006	1.171760e+001
ser	 160.0	 -50.0	1.171388e-005	1.135474e+001
ser	 170.0	 -50.0	1.782255e-005	1.093505e+001
ser	-180.0	 -40.0	2.948327e-005	1.043169e+001
ser	-170.0	 -40.0	4.825374e-005	9.939037e+000
ser	-160.0	 -40.0	7.836003e-005	9.454197e+000
ser	-150.0	 -40.0	1.240584e-004	8.994758e+000
ser	-140.0	 -40.0	1.881195e-004	8.578433e+000
ser	-130.0	 -40.0	2.716427e-004	8.211023e+000
ser	-120.0	 -40.0	3.836729e-004	7.865720e+000
ser	-110.0	 -40.0	5.618484e-004	7.484279e+000
ser	-100.0	 -40.0	8.930831e-004	7.020831e+000
ser	 -90.0	 -40.0	1.625843e-003	6.421729e+000
ser	 -80.0	 -40.0	3.642704e-003	5.615029e+000
ser	 -70.0	 -40.0	7.780575e-003	4.856125e+000
ser	 -60.0	 -40.0	1.000923e-002	4.604248e+000
ser	 -50.0	 -40.0	6.318690e-003	5.064243e+000
ser	 -40.0	 -40.0	2.103814e-003	6.164003e+000
ser	 -30.0	 -40.0	4.628004e-004	7.678215e+000
ser	 -20.0	 -40.0	8.313946e-005	9.394991e+000
ser	 -10.0	 -40.0	1.718327e-005	1.097157e+001
ser	   0.0	 -40.0	6.673300e-006	1.191740e+001
ser	  10.0	 -40.0	5.449945e-006	1.211990e+001
ser	  20.0	 -40.0	6.879849e-006	1.188691e+001
ser	  30.0	 -40.0	1.039515e-005	1.147417e+001
ser	  40.0	 -40.0	1.627927e-005	1.102562e+001
ser	  50.0	 -40.0	2.407970e-005	1.063414e+001
ser	  60.0	 -40.0	3.178576e-005	1.035649e+001
ser	  70.0	 -40.0	3.637287e-005	1.022169e+001
ser	  80.0	 -40.0	3.574759e-005	1.023903e+001
ser	  90.0	 -40.0	3.034308e-005	1.040294e+001
ser	 100.0	 -40.0	2.267757e-005	1.069413e+001
ser	 110.0	 -40.0	1.548057e-005	1.107592e+001
ser	 120.0	 -40.0	1.031094e-005	1.148230e+001
ser	 130.0	 -40.0	7.500229e-006	1.180058e+001
ser	 140.0	 -40.0	6.822149e-006	1.189534e+001
ser	 150.0	 -40.0	8.114240e-006	1.172189e+001
ser	 160.0	 -40.0	1.161963e-005	1.136281e+001
ser	 170.0	 -40.0	1.818590e-005	1.091486e+001
ser	-180.0	 -30.0	3.198700e-005	1.035018e+001
ser	-170.0	 -30.0	5.640361e-005	9.782977e+000
ser	-160.0	 -30.0	9.998872e-005	9.210453e+000
ser	-150.0	 -30.0	1.734537e-004	8.659600e+000
ser	-140.0	 -30.0	2.876770e-004	8.153672e+000
ser	-130.0	 -30.0	4.586471e-004	7.687229e+000
ser	-120.0	 -30.0	7.365653e-004	7.213513e+000
ser	-110.0	 -30.0	1.251770e-003	6.683197e+000
ser	-100.0	 -30.0	2.270652e-003	6.087688e+000
ser	 -90.0	 -30.0	4.516748e-003	5.399963e+000
ser	 -80.0	 -30.0	1.012093e-002	4.593150e+000
ser	 -70.0	 -30.0	1.946414e-002	3.939182e+000
ser	 -60.0	 -30.0	2.067394e-002	3.878881e+000
ser	 -50.0	 -30.0	9.999268e-003	4.605243e+000
ser	 -40.0	 -30.0	2.384554e-003	6.038743e+000
ser	 -30.0	 -30.0	3.855093e-004	7.860945e+000
ser	 -20.0	 -30.0	5.808962e-005	9.753524e+000
ser	 -10.0	 -30.0	1.173089e-005	1.135328e+001
ser	   0.0	 -30.0	5.340271e-006	1.214023e+001
ser	  10.0	 -30.0	5.521521e-006	1.210686e+001
ser	  20.0	 -30.0	8.644848e-006	1.165855e+001
ser	  30.0	 -30.0	1.537926e-005	1.108249e+001
ser	  40.0	 -30.0	2.669214e-005	1.053114e+001
ser	  50.0	 -30.0	4.163170e-005	1.008665e+001
ser	  60.0	 -30.0	5.599370e-005	9.790271e+000
ser	  70.0	 -30.0	6.382471e-005	9.659370e+000
ser	  80.0	 -30.0	6.150306e-005	9.696424e+000
ser	  90.0	 -30.0	5.053277e-005	9.892888e+000
ser	 100.0	 -30.0	3.608132e-005	1.022974e+001
ser	 110.0	 -30.0	2.313322e-005	1.067424e+001
ser	 120.0	 -30.0	1.410744e-005	1.116881e+001
ser	 130.0	 -30.0	9.107065e-006	1.160646e+001
ser	 140.0	 -30.0	7.318466e-006	1.182511e+001
ser	 150.0	 -30.0	8.108046e-006	1.172265e+001
ser	 160.0	 -30.0	1.153559e-005	1.137007e+001
ser	 170.0	 -30.0	1.865274e-005	1.088952e+001
ser	-180.0	 -20.0	3.503440e-005	1.025918e+001
ser	-170.0	 -20.0	6.665259e-005	9.616017e+000
ser	-160.0	 -20.0	1.286265e-004	8.958598e+000
ser	-150.0	 -20.0	2.422523e-004	8.325531e+000
ser	-140.0	 -20.0	4.352096e-004	7.739683e+000
ser	-130.0	 -20.0	7.633328e-004	7.177816e+000
ser	-120.0	 -20.0	1.376086e-003	6.588512e+000
ser	-110.0	 -20.0	2.595332e-003	5.954041e+000
ser	-100.0	 -20.0	5.033320e-003	5.291675e+000
ser	 -90.0	 -20.0	9.994843e-003	4.605686e+000
ser	 -80.0	 -20.0	1.966993e-002	3.928664e+000
ser	 -70.0	 -20.0	3.062608e-002	3.485903e+000
ser	 -60.0	 -20.0	2.558087e-002	3.665910e+000
ser	 -50.0	 -20.0	9.368888e-003	4.670361e+000
ser	 -40.0	 -20.0	1.591170e-003	6.443286e+000
ser	 -30.0	 -20.0	1.832020e-004	8.604921e+000
ser	 -20.0	 -20.0	2.474558e-005	1.060686e+001
ser	 -10.0	 -20.0	6.300899e-006	1.197482e+001
ser	   0.0	 -20.0	4.415843e-006	1.233031e+001
ser	  10.0	 -20.0	6.422789e-006	1.195566e+001
ser	  20.0	 -20.0	1.242331e-005	1.129594e+001
ser	  30.0	 -20.0	2.486850e-005	1.060191e+001
ser	  40.0	 -20.0	4.559716e-005	9.995665e+000
ser	  50.0	 -20.0	7.224862e-005	9.535397e+000
ser	  60.0	 -20.0	9.641972e-005	9.246800e+000
ser	  70.0	 -20.0	1.075092e-004	9.137934e+000
ser	  80.0	 -20.0	1.004322e-004	9.206028e+000
ser	  90.0	 -20.0	7.946415e-005	9.440205e+000
ser	 100.0	 -20.0	5.426722e-005	9.821590e+000
ser	 110.0	 -20.0	3.295256e-005	1.032044e+001
ser	 120.0	 -20.0	1.871278e-005	1.088630e+001
ser	 130.0	 -20.0	1.095722e-005	1.142151e+001
ser	 140.0	 -20.0	7.876797e-006	1.175159e+001
ser	 150.0	 -20.0	8.134887e-006	1.171935e+001
ser	 160.0	 -20.0	1.151169e-005	1.137215e+001
ser	 170.0	 -20.0	1.927280e-005	1.085682e+001
ser	-180.0	 -10.0	3.841500e-005	1.016706e+001
ser	-170.0	 -10.0	7.805880e-005	9.458048e+000
ser	-160.0	 -10.0	1.614825e-004	8.731114e+000
ser	-150.0	 -10.0	3.242423e-004	8.034019e+000
ser	-140.0	 -10.0	6.191904e-004	7.387098e+000
ser	-130.0	 -10.0	1.160757e-003	6.758683e+000
ser	-120.0	 -10.0	2.221408e-003	6.109614e+000
ser	-110.0	 -10.0	4.290559e-003	5.451338e+000
ser	-100.0	 -10.0	8.040621e-003	4.823249e+000
ser	 -90.0	 -10.0	1.403728e-002	4.266039e+000
ser	 -80.0	 -10.0	2.142119e-002	3.843374e+000
ser	 -70.0	 -10.0	2.464351e-002	3.703242e+000
ser	 -60.0	 -10.0	1.573717e-002	4.151730e+000
ser	 -50.0	 -10.0	4.464614e-003	5.411572e+000
ser	 -40.0	 -10.0	5.708517e-004	7.468381e+000
ser	 -30.0	 -10.0	4.943484e-005	9.914855e+000
ser	 -20.0	 -10.0	7.520482e-006	1.179788e+001
ser	 -10.0	 -10.0	3.583144e-006	1.253927e+001
ser	   0.0	 -10.0	4.376633e-006	1.233923e+001
ser	  10.0	 -10.0	8.627305e-006	1.166058e+001
ser	  20.0	 -10.0	1.943200e-005	1.084859e+001
ser	  30.0	 -10.0	4.162604e-005	1.008678e+001
ser	  40.0	 -10.0	7.778771e-005	9.461527e+000
ser	  50.0	 -10.0	1.219881e-004	9.011587e+000
ser	  60.0	 -10.0	1.582347e-004	8.751431e+000
ser	  70.0	 -10.0	1.696834e-004	8.681576e+000
ser	  80.0	 -10.0	1.516493e-004	8.793940e+000
ser	  90.0	 -10.0	1.145433e-004	9.074558e+000
ser	 100.0	 -10.0	7.456422e-005	9.503850e+000
ser	 110.0	 -10.0	4.302092e-005	1.005382e+001
ser	 120.0	 -10.0	2.302822e-005	1.067879e+001
ser	 130.0	 -10.0	1.252033e-005	1.128816e+001
ser	 140.0	 -10.0	8.282904e-006	1.170132e+001
ser	 150.0	 -10.0	8.136664e-006	1.171913e+001
ser	 160.0	 -10.0	1.155741e-005	1.136818e+001
ser	 170.0	 -10.0	2.004153e-005	1.081770e+001
ser	-180.0	   0.0	4.177841e-005	1.008313e+001
ser	-170.0	   0.0	8.862395e-005	9.331108e+000
ser	-160.0	   0.0	1.913538e-004	8.561386e+000
ser	-150.0	   0.0	3.992394e-004	7.825949e+000
ser	-140.0	   0.0	7.866009e-004	7.147790e+000
ser	-130.0	   0.0	1.498263e-003	6.503449e+000
ser	-120.0	   0.0	2.822024e-003	5.870301e+000
ser	-110.0	   0.0	5.113541e-003	5.275863e+000
ser	-100.0	   0.0	8.384808e-003	4.781334e+000
ser	 -90.0	   0.0	1.162299e-002	4.454770e+000
ser	 -80.0	   0.0	1.276253e-002	4.361242e+000
ser	 -70.0	   0.0	1.018720e-002	4.586623e+000
ser	 -60.0	   0.0	4.798194e-003	5.339516e+000
ser	 -50.0	   0.0	1.072924e-003	6.837368e+000
ser	 -40.0	   0.0	1.137703e-004	9.081329e+000
ser	 -30.0	   0.0	9.844086e-006	1.152864e+001
ser	 -20.0	   0.0	2.959523e-006	1.273048e+001
ser	 -10.0	   0.0	2.926550e-006	1.274169e+001
ser	   0.0	   0.0	5.349516e-006	1.213850e+001
ser	  10.0	   0.0	1.291655e-005	1.125700e+001
ser	  20.0	   0.0	3.189865e-005	1.035295e+001
ser	  30.0	   0.0	7.050865e-005	9.559775e+000
ser	  40.0	   0.0	1.311516e-004	8.939157e+000
ser	  50.0	   0.0	1.998261e-004	8.518063e+000
ser	  60.0	   0.0	2.475909e-004	8.303733e+000
ser	  70.0	   0.0	2.509264e-004	8.290351e+000
ser	  80.0	   0.0	2.109950e-004	8.463676e+000
ser	  90.0	   0.0	1.500221e-004	8.804728e+000
ser	 100.0	   0.0	9.222411e-005	9.291289e+000
ser	 110.0	   0.0	5.040067e-005	9.895506e+000
ser	 120.0	   0.0	2.556981e-005	1.057410e+001
ser	 130.0	   0.0	1.315370e-005	1.123881e+001
ser	 140.0	   0.0	8.295311e-006	1.169982e+001
ser	 150.0	   0.0	8.047201e-006	1.173019e+001
ser	 160.0	   0.0	1.168501e-005	1.135720e+001
ser	 170.0	   0.0	2.096163e-005	1.077282e+001
ser	-180.0	  10.0	4.496695e-005	1.000958e+001
ser	-170.0	  10.0	9.640021e-005	9.247002e+000
ser	-160.0	  10.0	2.094778e-004	8.470893e+000
ser	-150.0	  10.0	4.385697e-004	7.731992e+000
ser	-140.0	  10.0	8.574255e-004	7.061576e+000
ser	-130.0	  10.0	1.571310e-003	6.455846e+000
ser	-120.0	  10.0	2.718484e-003	5.907681e+000
ser	-110.0	  10.0	4.308569e-003	5.447150e+000
ser	-100.0	  10.0	5.836721e-003	5.143586e+000
ser	 -90.0	  10.0	6.209445e-003	5.081684e+000
ser	 -80.0	  10.0	4.850682e-003	5.328636e+000
ser	 -70.0	  10.0	2.649984e-003	5.933202e+000
ser	 -60.0	  10.0	9.117917e-004	7.000099e+000
ser	 -50.0	  10.0	1.722440e-004	8.666598e+000
ser	 -40.0	  10.0	2.032986e-005	1.080342e+001
ser	 -30.0	  10.0	3.828138e-006	1.247313e+001
ser	 -20.0	  10.0	2.415447e-006	1.293363e+001
ser	 -10.0	  10.0	3.308669e-006	1.261896e+001
ser	   0.0	  10.0	7.530217e-006	1.179659e+001
ser	  10.0	  10.0	2.042198e-005	1.079890e+001
ser	  20.0	  10.0	5.281449e-005	9.848725e+000
ser	  30.0	  10.0	1.175388e-004	9.048742e+000
ser	  40.0	  10.0	2.145572e-004	8.446934e+000
ser	  50.0	  10.0	3.144290e-004	8.064752e+000
ser	  60.0	  10.0	3.684616e-004	7.906174e+000
ser	  70.0	  10.0	3.486344e-004	7.961487e+000
ser	  80.0	  10.0	2.717194e-004	8.210741e+000
ser	  90.0	  10.0	1.789978e-004	8.628137e+000
ser	 100.0	  10.0	1.024913e-004	9.185733e+000
ser	 110.0	  10.0	5.260001e-005	9.852794e+000
ser	 120.0	  10.0	2.528672e-005	1.058523e+001
ser	 130.0	  10.0	1.249141e-005	1.129047e+001
ser	 140.0	  10.0	7.815497e-006	1.175940e+001
ser	 150.0	  10.0	7.871160e-006	1.175231e+001
ser	 160.0	  10.0	1.196602e-005	1.133344e+001
ser	 170.0	  10.0	2.214449e-005	1.071792e+001
ser	-180.0	  20.0	4.842061e-005	9.935585e+000
ser	-170.0	  20.0	1.013588e-004	9.196844e+000
ser	-160.0	  20.0	2.125221e-004	8.456464e+000
ser	-150.0	  20.0	4.274572e-004	7.757656e+000
ser	-140.0	  20.0	7.937665e-004	7.138721e+000
ser	-130.0	  20.0	1.338079e-003	6.616520e+000
ser	-120.0	  20.0	2.033404e-003	6.198044e+000
ser	-110.0	  20.0	2.716299e-003	5.908485e+000
ser	-100.0	  20.0	3.005579e-003	5.807285e+000
ser	 -90.0	  20.0	2.535209e-003	5.977479e+000
ser	 -80.0	  20.0	1.521858e-003	6.487824e+000
ser	 -70.0	  20.0	6.306430e-004	7.368771e+000
ser	 -60.0	  20.0	1.798389e-004	8.623449e+000
ser	 -50.0	  20.0	3.874386e-005	1.015854e+001
ser	 -40.0	  20.0	9.579803e-006	1.155585e+001
ser	 -30.0	  20.0	4.021958e-006	1.242374e+001
ser	 -20.0	  20.0	2.931205e-006	1.274010e+001
ser	 -10.0	  20.0	4.373196e-006	1.234002e+001
ser	   0.0	  20.0	1.107297e-005	1.141100e+001
ser	  10.0	  20.0	3.163452e-005	1.036126e+001
ser	  20.0	  20.0	8.289212e-005	9.397971e+000
ser	  30.0	  20.0	1.828066e-004	8.607082e+000
ser	  40.0	  20.0	3.253468e-004	8.030619e+000
ser	  50.0	  20.0	4.579850e-004	7.688674e+000
ser	  60.0	  20.0	5.079113e-004	7.585204e+000
ser	  70.0	  20.0	4.483709e-004	7.709890e+000
ser	  80.0	  20.0	3.223519e-004	8.039867e+000
ser	  90.0	  20.0	1.948611e-004	8.543223e+000
ser	 100.0	  20.0	1.026710e-004	9.183981e+000
ser	 110.0	  20.0	4.897599e-005	9.924180e+000
ser	 120.0	  20.0	2.224711e-005	1.071330e+001
ser	 130.0	  20.0	1.071716e-005	1.144366e+001
ser	 140.0	  20.0	6.985762e-006	1.187164e+001
ser	 150.0	  20.0	7.723296e-006	1.177127e+001
ser	 160.0	  20.0	1.256045e-005	1.128496e+001
ser	 170.0	  20.0	2.388989e-005	1.064206e+001
ser	-180.0	  30.0	5.324312e-005	9.840642e+000
ser	-170.0	  30.0	1.061866e-004	9.150313e+000
ser	-160.0	  30.0	2.070428e-004	8.482585e+000
ser	-150.0	  30.0	3.827964e-004	7.868007e+000
ser	-140.0	  30.0	6.471044e-004	7.343003e+000
ser	-130.0	  30.0	9.715653e-004	6.936602e+000
ser	-120.0	  30.0	1.272747e-003	6.666578e+000
ser	-110.0	  30.0	1.426984e-003	6.552192e+000
ser	-100.0	  30.0	1.318444e-003	6.631303e+000
ser	 -90.0	  30.0	9.482425e-004	6.960900e+000
ser	 -80.0	  30.0	5.088833e-004	7.583292e+000
ser	 -70.0	  30.0	2.086354e-004	8.474922e+000
ser	 -60.0	  30.0	7.405687e-005	9.510677e+000
ser	 -50.0	  30.0	2.752843e-005	1.050029e+001
ser	 -40.0	  30.0	1.173622e-005	1.135283e+001
ser	 -30.0	  30.0	5.745916e-006	1.206702e+001
ser	 -20.0	  30.0	3.982010e-006	1.243372e+001
ser	 -10.0	  30.0	5.912068e-006	1.203851e+001
ser	   0.0	  30.0	1.542892e-005	1.107927e+001
ser	  10.0	  30.0	4.441225e-005	1.002200e+001
ser	  20.0	  30.0	1.153094e-004	9.067892e+000
ser	  30.0	  30.0	2.494905e-004	8.296090e+000
ser	  40.0	  30.0	4.319577e-004	7.747183e+000
ser	  50.0	  30.0	5.860922e-004	7.442033e+000
ser	  60.0	  30.0	6.197458e-004	7.386201e+000
ser	  70.0	  30.0	5.151830e-004	7.570988e+000
ser	  80.0	  30.0	3.443515e-004	7.973847e+000
ser	  90.0	  30.0	1.916170e-004	8.560012e+000
ser	 100.0	  30.0	9.267540e-005	9.286407e+000
ser	 110.0	  30.0	4.088695e-005	1.010470e+001
ser	 120.0	  30.0	1.756199e-005	1.094977e+001
ser	 130.0	  30.0	8.455219e-006	1.168073e+001
ser	 140.0	  30.0	6.115418e-006	1.200470e+001
ser	 150.0	  30.0	7.786232e-006	1.176315e+001
ser	 160.0	  30.0	1.368418e-005	1.119927e+001
ser	 170.0	  30.0	2.665476e-005	1.053254e+001
ser	-180.0	  40.0	6.061660e-005	9.710942e+000
ser	-170.0	  40.0	1.147621e-004	9.072649e+000
ser	-160.0	  40.0	2.052526e-004	8.491269e+000
ser	-150.0	  40.0	3.400067e-004	7.986545e+000
ser	-140.0	  40.0	5.085871e-004	7.583874e+000
ser	-130.0	  40.0	6.690487e-004	7.309654e+000
ser	-120.0	  40.0	7.598557e-004	7.182382e+000
ser	-110.0	  40.0	7.381376e-004	7.211380e+000
ser	-100.0	  40.0	6.083401e-004	7.404776e+000
ser	 -90.0	  40.0	4.225709e-004	7.769153e+000
ser	 -80.0	  40.0	2.518840e-004	8.286542e+000
ser	 -70.0	  40.0	1.364143e-004	8.899814e+000
ser	 -60.0	  40.0	7.087713e-005	9.554563e+000
ser	 -50.0	  40.0	3.556398e-005	1.024418e+001
ser	 -40.0	  40.0	1.709937e-005	1.097647e+001
ser	 -30.0	  40.0	8.312185e-006	1.169779e+001
ser	 -20.0	  40.0	5.345361e-006	1.213928e+001
ser	 -10.0	  40.0	7.462200e-006	1.180566e+001
ser	   0.0	  40.0	1.899818e-005	1.087117e+001
ser	  10.0	  40.0	5.346515e-005	9.836480e+000
ser	  20.0	  40.0	1.354295e-004	8.907059e+000
ser	  30.0	  40.0	2.854545e-004	8.161428e+000
ser	  40.0	  40.0	4.802785e-004	7.641144e+000
ser	  50.0	  40.0	6.306489e-004	7.368761e+000
ser	  60.0	  40.0	6.414002e-004	7.351857e+000
ser	  70.0	  40.0	5.085367e-004	7.583973e+000
ser	  80.0	  40.0	3.208608e-004	8.044503e+000
ser	  90.0	  40.0	1.667810e-004	8.698829e+000
ser	 100.0	  40.0	7.486113e-005	9.499876e+000
ser	 110.0	  40.0	3.078025e-005	1.038864e+001
ser	 120.0	  40.0	1.267291e-005	1.127604e+001
ser	 130.0	  40.0	6.380979e-006	1.196219e+001
ser	 140.0	  40.0	5.492979e-006	1.211204e+001
ser	 150.0	  40.0	8.201652e-006	1.171117e+001
ser	 160.0	  40.0	1.548503e-005	1.107564e+001
ser	 170.0	  40.0	3.080684e-005	1.038777e+001
ser	-180.0	  50.0	7.050233e-005	9.559865e+000
ser	-170.0	  50.0	1.286478e-004	8.958432e+000
ser	-160.0	  50.0	2.147691e-004	8.445947e+000
ser	-150.0	  50.0	3.226712e-004	8.038877e+000
ser	-140.0	  50.0	4.299721e-004	7.751790e+000
ser	-130.0	  50.0	5.020385e-004	7.596834e+000
ser	-120.0	  50.0	5.122650e-004	7.576669e+000
ser	-110.0	  50.0	4.637275e-004	7.676214e+000
ser	-100.0	  50.0	3.836492e-004	7.865782e+000
ser	 -90.0	  50.0	2.979103e-004	8.118718e+000
ser	 -80.0	  50.0	2.182091e-004	8.430057e+000
ser	 -70.0	  50.0	1.477366e-004	8.820080e+000
ser	 -60.0	  50.0	8.993570e-005	9.316416e+000
ser	 -50.0	  50.0	4.863895e-005	9.931086e+000
ser	 -40.0	  50.0	2.375402e-005	1.064776e+001
ser	 -30.0	  50.0	1.124902e-005	1.139523e+001
ser	 -20.0	  50.0	6.694474e-006	1.191423e+001
ser	 -10.0	  50.0	8.401650e-006	1.168708e+001
ser	   0.0	  50.0	1.999080e-005	1.082024e+001
ser	  10.0	  50.0	5.376991e-005	9.830797e+000
ser	  20.0	  50.0	1.312312e-004	8.938550e+000
ser	  30.0	  50.0	2.677451e-004	8.225475e+000
ser	  40.0	  50.0	4.370929e-004	7.735365e+000
ser	  50.0	  50.0	5.570433e-004	7.492868e+000
ser	  60.0	  50.0	5.489412e-004	7.507519e+000
ser	  70.0	  50.0	4.201863e-004	7.774812e+000
ser	  80.0	  50.0	2.545388e-004	8.276057e+000
ser	  90.0	  50.0	1.261871e-004	8.977745e+000
ser	 100.0	  50.0	5.376948e-005	9.830804e+000
ser	 110.0	  50.0	2.111026e-005	1.076575e+001
ser	 120.0	  50.0	8.642763e-006	1.165879e+001
ser	 130.0	  50.0	4.886771e-006	1.222898e+001
ser	 140.0	  50.0	5.231585e-006	1.216080e+001
ser	 150.0	  50.0	8.948725e-006	1.162400e+001
ser	 160.0	  50.0	1.782943e-005	1.093466e+001
ser	 170.0	  50.0	3.611446e-005	1.022882e+001
ser	-180.0	  60.0	8.061372e-005	9.425842e+000
ser	-170.0	  60.0	1.443887e-004	8.843001e+000
ser	-160.0	  60.0	2.319386e-004	8.369038e+000
ser	-150.0	  60.0	3.285383e-004	8.020857e+000
ser	-140.0	  60.0	4.068295e-004	7.807116e+000
ser	-130.0	  60.0	4.415761e-004	7.725160e+000
ser	-120.0	  60.0	4.291438e-004	7.753718e+000
ser	-110.0	  60.0	3.903076e-004	7.848576e+000
ser	-100.0	  60.0	3.476834e-004	7.964218e+000
ser	 -90.0	  60.0	3.038956e-004	8.098826e+000
ser	 -80.0	  60.0	2.486571e-004	8.299436e+000
ser	 -70.0	  60.0	1.808064e-004	8.618084e+000
ser	 -60.0	  60.0	1.137425e-004	9.081573e+000
ser	 -50.0	  60.0	6.196529e-005	9.688936e+000
ser	 -40.0	  60.0	3.001569e-005	1.041379e+001
ser	 -30.0	  60.0	1.387840e-005	1.118518e+001
ser	 -20.0	  60.0	7.692960e-006	1.177520e+001
ser	 -10.0	  60.0	8.386367e-006	1.168890e+001
ser	   0.0	  60.0	1.791374e-005	1.092994e+001
ser	  10.0	  60.0	4.510752e-005	1.000646e+001
ser	  20.0	  60.0	1.048315e-004	9.163157e+000
ser	  30.0	  60.0	2.056405e-004	8.489381e+000
ser	  40.0	  60.0	3.249173e-004	8.031940e+000
ser	  50.0	  60.0	4.025435e-004	7.817707e+000
ser	  60.0	  60.0	3.866642e-004	7.857954e+000
ser	  70.0	  60.0	2.888823e-004	8.149491e+000
ser	  80.0	  60.0	1.708738e-004	8.674585e+000
ser	  90.0	  60.0	8.273585e-005	9.399858e+000
ser	 100.0	  60.0	3.454047e-005	1.027338e+001
ser	 110.0	  60.0	1.350821e-005	1.121221e+001
ser	 120.0	  60.0	5.867053e-006	1.204616e+001
ser	 130.0	  60.0	4.008746e-006	1.242703e+001
ser	 140.0	  60.0	5.243747e-006	1.215847e+001
ser	 150.0	  60.0	9.795518e-006	1.153359e+001
ser	 160.0	  60.0	2.016530e-005	1.081155e+001
ser	 170.0	  60.0	4.136842e-005	1.009299e+001
ser	-180.0	  70.0	8.751687e-005	9.343679e+000
ser	-170.0	  70.0	1.556436e-004	8.767942e+000
ser	-160.0	  70.0	2.461662e-004	8.309504e+000
ser	-150.0	  70.0	3.405735e-004	7.984880e+000
ser	-140.0	  70.0	4.102870e-004	7.798654e+000
ser	-130.0	  70.0	4.360507e-004	7.737752e+000
ser	-120.0	  70.0	4.247513e-004	7.764007e+000
ser	-110.0	  70.0	4.014341e-004	7.820467e+000
ser	-100.0	  70.0	3.805081e-004	7.874003e+000
ser	 -90.0	  70.0	3.507623e-004	7.955402e+000
ser	 -80.0	  70.0	2.945835e-004	8.129948e+000
ser	 -70.0	  70.0	2.147384e-004	8.446090e+000
ser	 -60.0	  70.0	1.336717e-004	8.920123e+000
ser	 -50.0	  70.0	7.179100e-005	9.541751e+000
ser	 -40.0	  70.0	3.437964e-005	1.027805e+001
ser	 -30.0	  70.0	1.572915e-005	1.105999e+001
ser	 -20.0	  70.0	8.277179e-006	1.170201e+001
ser	 -10.0	  70.0	7.648118e-006	1.178105e+001
ser	   0.0	  70.0	1.396570e-005	1.117891e+001
ser	  10.0	  70.0	3.212314e-005	1.034593e+001
ser	  20.0	  70.0	7.021632e-005	9.563930e+000
ser	  30.0	  70.0	1.314763e-004	8.936684e+000
ser	  40.0	  70.0	2.004128e-004	8.515131e+000
ser	  50.0	  70.0	2.415898e-004	8.328269e+000
ser	  60.0	  70.0	2.274281e-004	8.388676e+000
ser	  70.0	  70.0	1.676526e-004	8.693617e+000
ser	  80.0	  70.0	9.856706e-005	9.224773e+000
ser	  90.0	  70.0	4.789607e-005	9.946477e+000
ser	 100.0	  70.0	2.039684e-005	1.080013e+001
ser	 110.0	  70.0	8.438018e-006	1.168276e+001
ser	 120.0	  70.0	4.213828e-006	1.237714e+001
ser	 130.0	  70.0	3.574249e-006	1.254176e+001
ser	 140.0	  70.0	5.345129e-006	1.213932e+001
ser	 150.0	  70.0	1.041424e-005	1.147234e+001
ser	 160.0	  70.0	2.175091e-005	1.073585e+001
ser	 170.0	  70.0	4.490308e-005	1.001100e+001
ser	-180.0	  80.0	8.999021e-005	9.315810e+000
ser	-170.0	  80.0	1.601789e-004	8.739219e+000
ser	-160.0	  80.0	2.531683e-004	8.281456e+000
ser	-150.0	  80.0	3.502056e-004	7.956990e+000
ser	-140.0	  80.0	4.239414e-004	7.765915e+000
ser	-130.0	  80.0	4.581651e-004	7.688281e+000
ser	-120.0	  80.0	4.620740e-004	7.679786e+000
ser	-110.0	  80.0	4.580856e-004	7.688454e+000
ser	-100.0	  80.0	4.517981e-004	7.702275e+000
ser	 -90.0	  80.0	4.225254e-004	7.769261e+000
ser	 -80.0	  80.0	3.512757e-004	7.953939e+000
ser	 -70.0	  80.0	2.496934e-004	8.295277e+000
ser	 -60.0	  80.0	1.509896e-004	8.798299e+000
ser	 -50.0	  80.0	7.943463e-005	9.440576e+000
ser	 -40.0	  80.0	3.794010e-005	1.017950e+001
ser	 -30.0	  80.0	1.755783e-005	1.095001e+001
ser	 -20.0	  80.0	8.974987e-006	1.162107e+001
ser	 -10.0	  80.0	6.876255e-006	1.188744e+001
ser	   0.0	  80.0	9.964919e-006	1.151644e+001
ser	  10.0	  80.0	2.010821e-005	1.081438e+001
ser	  20.0	  80.0	4.069706e-005	1.010935e+001
ser	  30.0	  80.0	7.219199e-005	9.536182e+000
ser	  40.0	  80.0	1.058298e-004	9.153678e+000
ser	  50.0	  80.0	1.242752e-004	8.993012e+000
ser	  60.0	  80.0	1.153765e-004	9.067310e+000
ser	  70.0	  80.0	8.499009e-005	9.372976e+000
ser	  80.0	  80.0	5.073666e-005	9.888862e+000
ser	  90.0	  80.0	2.559212e-005	1.057323e+001
ser	 100.0	  80.0	1.170923e-005	1.135513e+001
ser	 110.0	  80.0	5.512678e-006	1.210846e+001
ser	 120.0	  80.0	3.362797e-006	1.260274e+001
ser	 130.0	  80.0	3.403994e-006	1.259056e+001
ser	 140.0	  80.0	5.410022e-006	1.212726e+001
ser	 150.0	  80.0	1.063249e-005	1.145160e+001
ser	 160.0	  80.0	2.225111e-005	1.071312e+001
ser	 170.0	  80.0	4.606039e-005	9.985557e+000
ser	-180.0	  90.0	9.213053e-005	9.292304e+000
ser	-170.0	  90.0	1.664744e-004	8.700669e+000
ser	-160.0	  90.0	2.670006e-004	8.228260e+000
ser	-150.0	  90.0	3.756938e-004	7.886736e+000
ser	-140.0	  90.0	4.660259e-004	7.671269e+000
ser	-130.0	  90.0	5.219749e-004	7.557891e+000
ser	-120.0	  90.0	5.513528e-004	7.503136e+000
ser	-110.0	  90.0	5.725595e-004	7.465394e+000
ser	-100.0	  90.0	5.828004e-004	7.447666e+000
ser	 -90.0	  90.0	5.512372e-004	7.503345e+000
ser	 -80.0	  90.0	4.566292e-004	7.691639e+000
ser	 -70.0	  90.0	3.220491e-004	8.040806e+000
ser	 -60.0	  90.0	1.950953e-004	8.542022e+000
ser	 -50.0	  90.0	1.044323e-004	9.166972e+000
ser	 -40.0	  90.0	5.093246e-005	9.885010e+000
ser	 -30.0	  90.0	2.364200e-005	1.065249e+001
ser	 -20.0	  90.0	1.137638e-005	1.138397e+001
ser	 -10.0	  90.0	6.922938e-006	1.188067e+001
ser	   0.0	  90.0	7.163462e-006	1.184652e+001
ser	  10.0	  90.0	1.173467e-005	1.135296e+001
ser	  20.0	  90.0	2.139508e-005	1.075235e+001
ser	  30.0	  90.0	3.562903e-005	1.024235e+001
ser	  40.0	  90.0	5.012256e-005	9.901039e+000
ser	  50.0	  90.0	5.752190e-005	9.763345e+000
ser	  60.0	  90.0	5.317704e-005	9.841884e+000
ser	  70.0	  90.0	3.986662e-005	1.012997e+001
ser	  80.0	  90.0	2.491456e-005	1.060006e+001
ser	  90.0	  90.0	1.367972e-005	1.119960e+001
ser	 100.0	  90.0	7.184843e-006	1.184354e+001
ser	 110.0	  90.0	4.111344e-006	1.240176e+001
ser	 120.0	  90.0	3.064950e-006	1.269548e+001
ser	 130.0	  90.0	3.424111e-006	1.258467e+001
ser	 140.0	  90.0	5.464405e-006	1.211726e+001
ser	 150.0	  90.0	1.062068e-005	1.145271e+001
ser	 160.0	  90.0	2.222902e-005	1.071411e+001
ser	 170.0	  90.0	4.647600e-005	9.976575e+000
ser	-180.0	 100.0	1.046184e-004	9.165191e+000
ser	-170.0	 100.0	1.971985e-004	8.531300e+000
ser	-160.0	 100.0	3.265796e-004	8.026837e+000
ser	-150.0	 100.0	4.706812e-004	7.661330e+000
ser	-140.0	 100.0	5.967083e-004	7.424082e+000
ser	-130.0	 100.0	6.842632e-004	7.287168e+000
ser	-120.0	 100.0	7.414887e-004	7.206851e+000
ser	-110.0	 100.0	7.906227e-004	7.142690e+000
ser	-100.0	 100.0	8.279735e-004	7.096529e+000
ser	 -90.0	 100.0	8.118214e-004	7.116230e+000
ser	 -80.0	 100.0	7.119282e-004	7.247534e+000
ser	 -70.0	 100.0	5.565885e-004	7.493684e+000
ser	 -60.0	 100.0	3.916474e-004	7.845148e+000
ser	 -50.0	 100.0	2.371263e-004	8.346918e+000
ser	 -40.0	 100.0	1.170017e-004	9.053322e+000
ser	 -30.0	 100.0	4.867913e-005	9.930260e+000
ser	 -20.0	 100.0	1.929051e-005	1.085590e+001
ser	 -10.0	 100.0	8.698338e-006	1.165238e+001
ser	   0.0	 100.0	5.921185e-006	1.203697e+001
ser	  10.0	 100.0	7.050563e-006	1.186240e+001
ser	  20.0	 100.0	1.100928e-005	1.141677e+001
ser	  30.0	 100.0	1.695987e-005	1.098466e+001
ser	  40.0	 100.0	2.288535e-005	1.068501e+001
ser	  50.0	 100.0	2.589270e-005	1.056155e+001
ser	  60.0	 100.0	2.429429e-005	1.062527e+001
ser	  70.0	 100.0	1.915331e-005	1.086303e+001
ser	  80.0	 100.0	1.317078e-005	1.123751e+001
ser	  90.0	 100.0	8.396584e-006	1.168769e+001
ser	 100.0	 100.0	5.368816e-006	1.213490e+001
ser	 110.0	 100.0	3.763377e-006	1.249019e+001
ser	 120.0	 100.0	3.203877e-006	1.265115e+001
ser	 130.0	 100.0	3.653778e-006	1.251975e+001
ser	 140.0	 100.0	5.655947e-006	1.208280e+001
ser	 150.0	 100.0	1.085511e-005	1.143087e+001
ser	 160.0	 100.0	2.314782e-005	1.067361e+001
ser	 170.0	 100.0	5.035729e-005	9.896367e+000
ser	-180.0	 110.0	1.462173e-004	8.830417e+000
ser	-170.0	 110.0	2.952691e-004	8.127623e+000
ser	-160.0	 110.0	5.080126e-004	7.585004e+000
ser	-150.0	 110.0	7.383343e-004	7.211114e+000
ser	-140.0	 110.0	9.268743e-004	6.983693e+000
ser	-130.0	 110.0	1.046638e-003	6.862172e+000
ser	-120.0	 110.0	1.117760e-003	6.796429e+000
ser	-110.0	 110.0	1.185043e-003	6.737977e+000
ser	-100.0	 110.0	1.264993e-003	6.672689e+000
ser	 -90.0	 110.0	1.323186e-003	6.627713e+000
ser	 -80.0	 110.0	1.346406e-003	6.610316e+000
ser	 -70.0	 110.0	1.356167e-003	6.603093e+000
ser	 -60.0	 110.0	1.226544e-003	6.703555e+000
ser	 -50.0	 110.0	8.296963e-004	7.094451e+000
ser	 -40.0	 110.0	3.863819e-004	7.858684e+000
ser	 -30.0	 110.0	1.323454e-004	8.930096e+000
ser	 -20.0	 110.0	3.979952e-005	1.013166e+001
ser	 -10.0	 110.0	1.302167e-005	1.124890e+001
ser	   0.0	 110.0	5.974994e-006	1.202793e+001
ser	  10.0	 110.0	4.952366e-006	1.221565e+001
ser	  20.0	 110.0	6.325628e-006	1.197090e+001
ser	  30.0	 110.0	8.878561e-006	1.163187e+001
ser	  40.0	 110.0	1.154928e-005	1.136889e+001
ser	  50.0	 110.0	1.314758e-005	1.123927e+001
ser	  60.0	 110.0	1.297571e-005	1.125243e+001
ser	  70.0	 110.0	1.130682e-005	1.139010e+001
ser	  80.0	 110.0	9.027295e-006	1.161526e+001
ser	  90.0	 110.0	6.903915e-006	1.188342e+001
ser	 100.0	 110.0	5.271792e-006	1.215314e+001
ser	 110.0	 110.0	4.197490e-006	1.238102e+001
ser	 120.0	 110.0	3.736543e-006	1.249735e+001
ser	 130.0	 110.0	4.136462e-006	1.239567e+001
ser	 140.0	 110.0	6.162513e-006	1.199703e+001
ser	 150.0	 110.0	1.195710e-005	1.133419e+001
ser	 160.0	 110.0	2.711541e-005	1.051541e+001
ser	 170.0	 110.0	6.441038e-005	9.650236e+000
ser	-180.0	 120.0	2.468915e-004	8.306562e+000
ser	-170.0	 120.0	5.382782e-004	7.527135e+000
ser	-160.0	 120.0	9.572688e-004	6.951426e+000
ser	-150.0	 120.0	1.370131e-003	6.592849e+000
ser	-140.0	 120.0	1.639464e-003	6.413386e+000
ser	-130.0	 120.0	1.756370e-003	6.344506e+000
ser	-120.0	 120.0	1.796989e-003	6.321643e+000
ser	-110.0	 120.0	1.855250e-003	6.289736e+000
ser	-100.0	 120.0	2.001412e-003	6.213902e+000
ser	 -90.0	 120.0	2.289362e-003	6.079482e+000
ser	 -80.0	 120.0	2.905567e-003	5.841127e+000
ser	 -70.0	 120.0	3.823869e-003	5.566493e+000
ser	 -60.0	 120.0	3.995636e-003	5.522553e+000
ser	 -50.0	 120.0	2.707935e-003	5.911569e+000
ser	 -40.0	 120.0	1.142674e-003	6.774384e+000
ser	 -30.0	 120.0	3.268281e-004	8.026076e+000
ser	 -20.0	 120.0	7.673970e-005	9.475091e+000
ser	 -10.0	 120.0	1.920873e-005	1.086015e+001
ser	   0.0	 120.0	6.653703e-006	1.192034e+001
ser	  10.0	 120.0	4.296173e-006	1.235779e+001
ser	  20.0	 120.0	4.742110e-006	1.225903e+001
ser	  30.0	 120.0	6.216247e-006	1.198834e+001
ser	  40.0	 120.0	7.964066e-006	1.174057e+001
ser	  50.0	 120.0	9.358713e-006	1.157920e+001
ser	  60.0	 120.0	9.967554e-006	1.151618e+001
ser	  70.0	 120.0	9.716526e-006	1.154168e+001
ser	  80.0	 120.0	8.825788e-006	1.163783e+001
ser	  90.0	 120.0	7.606093e-006	1.178656e+001
ser	 100.0	 120.0	6.334665e-006	1.196947e+001
ser	 110.0	 120.0	5.253613e-006	1.215659e+001
ser	 120.0	 120.0	4.627853e-006	1.228342e+001
ser	 130.0	 120.0	4.893513e-006	1.222760e+001
ser	 140.0	 120.0	7.138097e-006	1.185006e+001
ser	 150.0	 120.0	1.457877e-005	1.113594e+001
ser	 160.0	 120.0	3.664468e-005	1.021424e+001
ser	 170.0	 120.0	9.784167e-005	9.232160e+000
ser	-180.0	 130.0	4.444822e-004	7.718600e+000
ser	-170.0	 130.0	1.039466e-003	6.869048e+000
ser	-160.0	 130.0	1.900036e-003	6.265882e+000
ser	-150.0	 130.0	2.646959e-003	5.934344e+000
ser	-140.0	 130.0	2.948919e-003	5.826317e+000
ser	-130.0	 130.0	2.918939e-003	5.836535e+000
ser	-120.0	 130.0	2.819651e-003	5.871142e+000
ser	-110.0	 130.0	2.829913e-003	5.867509e+000
ser	-100.0	 130.0	3.110439e-003	5.772991e+000
ser	 -90.0	 130.0	3.964220e-003	5.530446e+000
ser	 -80.0	 130.0	6.120777e-003	5.096066e+000
ser	 -70.0	 130.0	9.156168e-003	4.693328e+000
ser	 -60.0	 130.0	9.574077e-003	4.648696e+000
ser	 -50.0	 130.0	6.030223e-003	5.110971e+000
ser	 -40.0	 130.0	2.275544e-003	6.085536e+000
ser	 -30.0	 130.0	5.638129e-004	7.480788e+000
ser	 -20.0	 130.0	1.104119e-004	9.111292e+000
ser	 -10.0	 130.0	2.306515e-005	1.067719e+001
ser	   0.0	 130.0	7.004924e-006	1.186890e+001
ser	  10.0	 130.0	4.322301e-006	1.235172e+001
ser	  20.0	 130.0	4.773589e-006	1.225241e+001
ser	  30.0	 130.0	6.251969e-006	1.198261e+001
ser	  40.0	 130.0	8.089907e-006	1.172489e+001
ser	  50.0	 130.0	9.797970e-006	1.153334e+001
ser	  60.0	 130.0	1.095240e-005	1.142195e+001
ser	  70.0	 130.0	1.130026e-005	1.139069e+001
ser	  80.0	 130.0	1.081995e-005	1.143412e+001
ser	  90.0	 130.0	9.692806e-006	1.154413e+001
ser	 100.0	 130.0	8.229806e-006	1.170775e+001
ser	 110.0	 130.0	6.800370e-006	1.189853e+001
ser	 120.0	 130.0	5.816413e-006	1.205483e+001
ser	 130.0	 130.0	5.905851e-006	1.203957e+001
ser	 140.0	 130.0	8.665089e-006	1.165621e+001
ser	 150.0	 130.0	1.917870e-005	1.086171e+001
ser	 160.0	 130.0	5.380931e-005	9.830064e+000
ser	 170.0	 130.0	1.600772e-004	8.739854e+000
ser	-180.0	 140.0	7.594685e-004	7.182892e+000
ser	-170.0	 140.0	1.861769e-003	6.286228e+000
ser	-160.0	 140.0	3.433793e-003	5.674090e+000
ser	-150.0	 140.0	4.612083e-003	5.379076e+000
ser	-140.0	 140.0	4.747385e-003	5.350161e+000
ser	-130.0	 140.0	4.285038e-003	5.452626e+000
ser	-120.0	 140.0	3.878280e-003	5.552364e+000
ser	-110.0	 140.0	3.810461e-003	5.570005e+000
ser	-100.0	 140.0	4.334556e-003	5.441136e+000
ser	 -90.0	 140.0	6.051324e-003	5.107478e+000
ser	 -80.0	 140.0	1.007760e-002	4.597441e+000
ser	 -70.0	 140.0	1.480310e-002	4.212919e+000
ser	 -60.0	 140.0	1.419539e-002	4.254838e+000
ser	 -50.0	 140.0	7.991242e-003	4.829409e+000
ser	 -40.0	 140.0	2.682522e-003	5.920998e+000
ser	 -30.0	 140.0	5.928668e-004	7.430541e+000
ser	 -20.0	 140.0	1.038629e-004	9.172438e+000
ser	 -10.0	 140.0	2.024493e-005	1.080761e+001
ser	   0.0	 140.0	6.495523e-006	1.194440e+001
ser	  10.0	 140.0	4.728563e-006	1.226189e+001
ser	  20.0	 140.0	5.774160e-006	1.206212e+001
ser	  30.0	 140.0	7.815216e-006	1.175944e+001
ser	  40.0	 140.0	1.024238e-005	1.148898e+001
ser	  50.0	 140.0	1.253338e-005	1.128711e+001
ser	  60.0	 140.0	1.416418e-005	1.116479e+001
ser	  70.0	 140.0	1.475538e-005	1.112390e+001
ser	  80.0	 140.0	1.420659e-005	1.116180e+001
ser	  90.0	 140.0	1.271952e-005	1.127237e+001
ser	 100.0	 140.0	1.071070e-005	1.144427e+001
ser	 110.0	 140.0	8.686125e-006	1.165378e+001
ser	 120.0	 140.0	7.195253e-006	1.184209e+001
ser	 130.0	 140.0	7.080902e-006	1.185811e+001
ser	 140.0	 140.0	1.061388e-005	1.145335e+001
ser	 150.0	 140.0	2.548967e-005	1.057724e+001
ser	 160.0	 140.0	7.842738e-005	9.453337e+000
ser	 170.0	 140.0	2.542381e-004	8.277239e+000
ser	-180.0	 150.0	1.147577e-003	6.770102e+000
ser	-170.0	 150.0	2.830800e-003	5.867196e+000
ser	-160.0	 150.0	5.084603e-003	5.281538e+000
ser	-150.0	 150.0	6.471276e-003	5.040382e+000
ser	-140.0	 150.0	6.157544e-003	5.090077e+000
ser	-130.0	 150.0	5.090751e-003	5.280330e+000
ser	-120.0	 150.0	4.337567e-003	5.440442e+000
ser	-110.0	 150.0	4.217838e-003	5.468433e+000
ser	-100.0	 150.0	5.004359e-003	5.297446e+000
ser	 -90.0	 150.0	7.341348e-003	4.914233e+000
ser	 -80.0	 150.0	1.173593e-002	4.445100e+000
ser	 -70.0	 150.0	1.532592e-002	4.178210e+000
ser	 -60.0	 150.0	1.276118e-002	4.361348e+000
ser	 -50.0	 150.0	6.221371e-003	5.079765e+000
ser	 -40.0	 150.0	1.832127e-003	6.302278e+000
ser	 -30.0	 150.0	3.662318e-004	7.912244e+000
ser	 -20.0	 150.0	6.163857e-005	9.694223e+000
ser	 -10.0	 150.0	1.313929e-005	1.123990e+001
ser	   0.0	 150.0	5.683112e-006	1.207801e+001
ser	  10.0	 150.0	5.570797e-006	1.209797e+001
ser	  20.0	 150.0	7.569143e-006	1.179143e+001
ser	  30.0	 150.0	1.052322e-005	1.146193e+001
ser	  40.0	 150.0	1.385173e-005	1.118710e+001
ser	  50.0	 150.0	1.689379e-005	1.098856e+001
ser	  60.0	 150.0	1.895436e-005	1.087348e+001
ser	  70.0	 150.0	1.954526e-005	1.084278e+001
ser	  80.0	 150.0	1.857805e-005	1.089353e+001
ser	  90.0	 150.0	1.637894e-005	1.101951e+001
ser	 100.0	 150.0	1.353898e-005	1.120994e+001
ser	 110.0	 150.0	1.072267e-005	1.144315e+001
ser	 120.0	 150.0	8.605955e-006	1.166306e+001
ser	 130.0	 150.0	8.223134e-006	1.170856e+001
ser	 140.0	 150.0	1.252330e-005	1.128792e+001
ser	 150.0	 150.0	3.214950e-005	1.034511e+001
ser	 160.0	 150.0	1.067170e-004	9.145330e+000
ser	 170.0	 150.0	3.690881e-004	7.904475e+000
ser	-180.0	 160.0	1.455172e-003	6.532631e+000
ser	-170.0	 160.0	3.474873e-003	5.662197e+000
ser	-160.0	 160.0	5.885579e-003	5.135250e+000
ser	-150.0	 160.0	6.977678e-003	4.965039e+000
ser	-140.0	 160.0	6.161964e-003	5.089360e+000
ser	-130.0	 160.0	4.747343e-003	5.350170e+000
ser	-120.0	 160.0	3.875399e-003	5.553107e+000
ser	-110.0	 160.0	3.776803e-003	5.578877e+000
ser	-100.0	 160.0	4.638175e-003	5.373434e+000
ser	 -90.0	 160.0	6.856469e-003	4.982563e+000
ser	 -80.0	 160.0	9.936076e-003	4.611583e+000
ser	 -70.0	 160.0	1.099731e-002	4.510104e+000
ser	 -60.0	 160.0	7.721148e-003	4.863792e+000
ser	 -50.0	 160.0	3.196360e-003	5.745743e+000
ser	 -40.0	 160.0	8.108052e-004	7.117483e+000
ser	 -30.0	 160.0	1.463857e-004	8.829266e+000
ser	 -20.0	 160.0	2.574843e-005	1.056714e+001
ser	 -10.0	 160.0	7.615332e-006	1.178535e+001
ser	   0.0	 160.0	5.485997e-006	1.211331e+001
ser	  10.0	 160.0	7.022470e-006	1.186640e+001
ser	  20.0	 160.0	1.019000e-005	1.149410e+001
ser	  30.0	 160.0	1.434233e-005	1.115230e+001
ser	  40.0	 160.0	1.882157e-005	1.088051e+001
ser	  50.0	 160.0	2.272286e-005	1.069214e+001
ser	  60.0	 160.0	2.511876e-005	1.059190e+001
ser	  70.0	 160.0	2.543235e-005	1.057949e+001
ser	  80.0	 160.0	2.367724e-005	1.065100e+001
ser	  90.0	 160.0	2.041173e-005	1.079940e+001
ser	 100.0	 160.0	1.647421e-005	1.101371e+001
ser	 110.0	 160.0	1.270457e-005	1.127355e+001
ser	 120.0	 160.0	9.868383e-006	1.152617e+001
ser	 130.0	 160.0	9.084495e-006	1.160894e+001
ser	 140.0	 160.0	1.371634e-005	1.119692e+001
ser	 150.0	 160.0	3.679878e-005	1.021005e+001
ser	 160.0	 160.0	1.296604e-004	8.950592e+000
ser	 170.0	 160.0	4.664368e-004	7.670388e+000
ser	-180.0	 170.0	1.454129e-003	6.533348e+000
ser	-170.0	 170.0	3.301199e-003	5.713470e+000
ser	-160.0	 170.0	5.230209e-003	5.253304e+000
ser	-150.0	 170.0	5.778508e-003	5.153610e+000
ser	-140.0	 170.0	4.800554e-003	5.339024e+000
ser	-130.0	 170.0	3.536022e-003	5.644753e+000
ser	-120.0	 170.0	2.828878e-003	5.867875e+000
ser	-110.0	 170.0	2.773929e-003	5.887491e+000
ser	-100.0	 170.0	3.426677e-003	5.676164e+000
ser	 -90.0	 170.0	4.892661e-003	5.320019e+000
ser	 -80.0	 170.0	6.367832e-003	5.056496e+000
ser	 -70.0	 170.0	6.027951e-003	5.111348e+000
ser	 -60.0	 170.0	3.617864e-003	5.621871e+000
ser	 -50.0	 170.0	1.305672e-003	6.641037e+000
ser	 -40.0	 170.0	2.953097e-004	8.127486e+000
ser	 -30.0	 170.0	5.043315e-005	9.894862e+000
ser	 -20.0	 170.0	1.068774e-005	1.144641e+001
ser	 -10.0	 170.0	5.502474e-006	1.211031e+001
ser	   0.0	 170.0	6.234162e-006	1.198547e+001
ser	  10.0	 170.0	9.183633e-006	1.159809e+001
ser	  20.0	 170.0	1.370871e-005	1.119748e+001
ser	  30.0	 170.0	1.933551e-005	1.085357e+001
ser	  40.0	 170.0	2.518522e-005	1.058925e+001
ser	  50.0	 170.0	2.999699e-005	1.041441e+001
ser	  60.0	 170.0	3.255854e-005	1.033247e+001
ser	  70.0	 170.0	3.224338e-005	1.034220e+001
ser	  80.0	 170.0	2.927832e-005	1.043866e+001
ser	  90.0	 170.0	2.457483e-005	1.061379e+001
ser	 100.0	 170.0	1.929180e-005	1.085583e+001
ser	 110.0	 170.0	1.444922e-005	1.114487e+001
ser	 120.0	 170.0	1.084092e-005	1.143218e+001
ser	 130.0	 170.0	9.498155e-006	1.156441e+001
ser	 140.0	 170.0	1.365155e-005	1.120166e+001
ser	 150.0	 170.0	3.662883e-005	1.021467e+001
ser	 160.0	 170.0	1.322593e-004	8.930746e+000
ser	 170.0	 170.0	4.782079e-004	7.645465e+000
