thr	-180.0	-180.0	2.987093e-004	8.116040e+000
thr	-170.0	-180.0	7.613745e-004	7.180385e+000
thr	-160.0	-180.0	1.727923e-003	6.360835e+000
thr	-150.0	-180.0	3.472612e-003	5.662848e+000
thr	-140.0	-180.0	5.548033e-003	5.194312e+000
thr	-130.0	-180.0	6.280629e-003	5.070285e+000
thr	-120.0	-180.0	5.219545e-003	5.255345e+000
thr	-110.0	-180.0	3.961867e-003	5.531040e+000
thr	-100.0	-180.0	3.405163e-003	5.682462e+000
thr	 -90.0	-180.0	3.303662e-003	5.712724e+000
thr	 -80.0	-180.0	3.035882e-003	5.797253e+000
thr	 -70.0	-180.0	2.165300e-003	6.135196e+000
thr	 -60.0	-180.0	1.063359e-003	6.846322e+000
thr	 -50.0	-180.0	3.503985e-004	7.956440e+000
thr	 -40.0	-180.0	8.239769e-005	9.403953e+000
thr	 -30.0	-180.0	1.665333e-005	1.100290e+001
thr	 -20.0	-180.0	4.833025e-006	1.224004e+001
thr	 -10.0	-180.0	3.673104e-006	1.251447e+001
thr	   0.0	-180.0	4.657775e-006	1.227697e+001
thr	  10.0	-180.0	6.371771e-006	1.196363e+001
thr	  20.0	-180.0	8.539490e-006	1.167081e+001
thr	  30.0	-180.0	1.098013e-005	1.141942e+001
thr	  40.0	-180.0	1.341854e-005	1.121887e+001
thr	  50.0	-180.0	1.547868e-005	1.107605e+001
thr	  60.0	-180.0	1.676183e-005	1.099641e+001
thr	  70.0	-180.0	1.697454e-005	1.098380e+001
thr	  80.0	-180.0	1.604827e-005	1.103991e+001
thr	  90.0	-180.0	1.418328e-005	1.116345e+001
thr	 100.0	-180.0	1.178971e-005	1.134828e+001
thr	 110.0	-180.0	9.369359e-006	1.157807e+001
thr	 120.0	-180.0	7.433705e-006	1.180949e+001
thr	 130.0	-180.0	6.574885e-006	1.193225e+001
thr	 140.0	-180.0	7.902661e-006	1.174831e+001
thr	 150.0	-180.0	1.459001e-005	1.113517e+001
thr	 160.0	-180.0	3.690693e-005	1.020711e+001
thr	 170.0	-180.0	1.058846e-004	9.153160e+000
thr	-180.0	-170.0	1.755435e-004	8.647624e+000
thr	-170.0	-170.0	4.227064e-004	7.768833e+000
thr	-160.0	-170.0	8.831607e-004	7.032003e+000
thr	-150.0	-170.0	1.590082e-003	6.443969e+000
thr	-140.0	-170.0	2.311154e-003	6.070008e+000
thr	-130.0	-170.0	2.529173e-003	5.979863e+000
thr	-120.0	-170.0	2.201971e-003	6.118403e+000
thr	-110.0	-170.0	1.843190e-003	6.296257e+000
thr	-100.0	-170.0	1.689002e-003	6.383617e+000
thr	 -90.0	-170.0	1.604460e-003	6.434968e+000
thr	 -80.0	-170.0	1.367657e-003	6.594656e+000
thr	 -70.0	-170.0	9.047869e-004	7.007811e+000
thr	 -60.0	-170.0	4.247817e-004	7.763935e+000
thr	 -50.0	-170.0	1.402786e-004	8.871880e+000
thr	 -40.0	-170.0	3.548157e-005	1.024650e+001
thr	 -30.0	-170.0	8.870338e-006	1.163280e+001
thr	 -20.0	-170.0	3.904552e-006	1.245337e+001
thr	 -10.0	-170.0	3.797832e-006	1.248108e+001
thr	   0.0	-170.0	4.959685e-006	1.221417e+001
thr	  10.0	-170.0	6.696769e-006	1.191389e+001
thr	  20.0	-170.0	8.808635e-006	1.163978e+001
thr	  30.0	-170.0	1.110113e-005	1.140846e+001
thr	  40.0	-170.0	1.329343e-005	1.122824e+001
thr	  50.0	-170.0	1.503597e-005	1.110507e+001
thr	  60.0	-170.0	1.598888e-005	1.104362e+001
thr	  70.0	-170.0	1.593111e-005	1.104724e+001
thr	  80.0	-170.0	1.485125e-005	1.111743e+001
thr	  90.0	-170.0	1.296822e-005	1.125301e+001
thr	 100.0	-170.0	1.066585e-005	1.144846e+001
thr	 110.0	-170.0	8.381953e-006	1.168943e+001
thr	 120.0	-170.0	6.528725e-006	1.193930e+001
thr	 130.0	-170.0	5.526237e-006	1.210600e+001
thr	 140.0	-170.0	6.075345e-006	1.201127e+001
thr	 150.0	-170.0	1.010777e-005	1.150221e+001
thr	 160.0	-170.0	2.379807e-005	1.064591e+001
thr	 170.0	-170.0	6.513777e-005	9.639006e+000
thr	-180.0	-160.0	9.151961e-005	9.298957e+000
thr	-170.0	-160.0	2.052410e-004	8.491326e+000
thr	-160.0	-160.0	3.892538e-004	7.851279e+000
thr	-150.0	-160.0	6.193947e-004	7.386768e+000
thr	-140.0	-160.0	8.097217e-004	7.118820e+000
thr	-130.0	-160.0	8.576260e-004	7.061342e+000
thr	-120.0	-160.0	7.895552e-004	7.144041e+000
thr	-110.0	-160.0	7.186632e-004	7.238118e+000
thr	-100.0	-160.0	6.795790e-004	7.294037e+000
thr	 -90.0	-160.0	6.239031e-004	7.379515e+000
thr	 -80.0	-160.0	4.964031e-004	7.608122e+000
thr	 -70.0	-160.0	3.096737e-004	8.079992e+000
thr	 -60.0	-160.0	1.441235e-004	8.844840e+000
thr	 -50.0	-160.0	5.117995e-005	9.880163e+000
thr	 -40.0	-160.0	1.565444e-005	1.106476e+001
thr	 -30.0	-160.0	5.605039e-006	1.209184e+001
thr	 -20.0	-160.0	3.651088e-006	1.252049e+001
thr	 -10.0	-160.0	4.045231e-006	1.241797e+001
thr	   0.0	-160.0	5.302937e-006	1.214725e+001
thr	  10.0	-160.0	7.041053e-006	1.186375e+001
thr	  20.0	-160.0	9.071120e-006	1.161041e+001
thr	  30.0	-160.0	1.117345e-005	1.140197e+001
thr	  40.0	-160.0	1.306235e-005	1.124578e+001
thr	  50.0	-160.0	1.442402e-005	1.114662e+001
thr	  60.0	-160.0	1.499226e-005	1.110798e+001
thr	  70.0	-160.0	1.463282e-005	1.113224e+001
thr	  80.0	-160.0	1.339906e-005	1.122033e+001
thr	  90.0	-160.0	1.152656e-005	1.137086e+001
thr	 100.0	-160.0	9.363883e-006	1.157865e+001
thr	 110.0	-160.0	7.275874e-006	1.183095e+001
thr	 120.0	-160.0	5.576481e-006	1.209695e+001
thr	 130.0	-160.0	4.542309e-006	1.230208e+001
thr	 140.0	-160.0	4.571168e-006	1.229574e+001
thr	 150.0	-160.0	6.706254e-006	1.191247e+001
thr	 160.0	-160.0	1.420596e-005	1.116185e+001
thr	 170.0	-160.0	3.614343e-005	1.022802e+001
thr	-180.0	-150.0	4.209549e-005	1.007557e+001
thr	-170.0	-150.0	8.746223e-005	9.344303e+000
thr	-160.0	-150.0	1.542388e-004	8.777008e+000
thr	-150.0	-150.0	2.279033e-004	8.386589e+000
thr	-140.0	-150.0	2.823290e-004	8.172437e+000
thr	-130.0	-150.0	2.983394e-004	8.117279e+000
thr	-120.0	-150.0	2.871588e-004	8.155475e+000
thr	-110.0	-150.0	2.711841e-004	8.212713e+000
thr	-100.0	-150.0	2.527926e-004	8.282941e+000
thr	 -90.0	-150.0	2.197057e-004	8.423221e+000
thr	 -80.0	-150.0	1.646814e-004	8.711498e+000
thr	 -70.0	-150.0	1.001602e-004	9.208740e+000
thr	 -60.0	-150.0	4.884456e-005	9.926867e+000
thr	 -50.0	-150.0	2.018226e-005	1.081071e+001
thr	 -40.0	-150.0	8.197549e-006	1.171168e+001
thr	 -30.0	-150.0	4.333371e-006	1.234916e+001
thr	 -20.0	-150.0	3.693333e-006	1.250898e+001
thr	 -10.0	-150.0	4.354970e-006	1.234419e+001
thr	   0.0	-150.0	5.681122e-006	1.207836e+001
thr	  10.0	-150.0	7.420894e-006	1.181121e+001
thr	  20.0	-150.0	9.371644e-006	1.157782e+001
thr	  30.0	-150.0	1.128302e-005	1.139221e+001
thr	  40.0	-150.0	1.286399e-005	1.126108e+001
thr	  50.0	-150.0	1.383868e-005	1.118804e+001
thr	  60.0	-150.0	1.401789e-005	1.117518e+001
thr	  70.0	-150.0	1.335669e-005	1.122349e+001
thr	  80.0	-150.0	1.197351e-005	1.133281e+001
thr	  90.0	-150.0	1.011902e-005	1.150109e+001
thr	 100.0	-150.0	8.105311e-006	1.172299e+001
thr	 110.0	-150.0	6.227063e-006	1.198661e+001
thr	 120.0	-150.0	4.712932e-006	1.226520e+001
thr	 130.0	-150.0	3.734055e-006	1.249802e+001
thr	 140.0	-150.0	3.492951e-006	1.256476e+001
thr	 150.0	-150.0	4.477737e-006	1.231639e+001
thr	 160.0	-150.0	8.138924e-006	1.171885e+001
thr	 170.0	-150.0	1.826563e-005	1.091049e+001
thr	-180.0	-140.0	1.937460e-005	1.085155e+001
thr	-170.0	-140.0	3.680696e-005	1.020982e+001
thr	-160.0	-140.0	6.161159e-005	9.694661e+000
thr	-150.0	-140.0	8.906511e-005	9.326143e+000
thr	-140.0	-140.0	1.115759e-004	9.100806e+000
thr	-130.0	-140.0	1.235568e-004	8.998810e+000
thr	-120.0	-140.0	1.257063e-004	8.981562e+000
thr	-110.0	-140.0	1.207415e-004	9.021858e+000
thr	-100.0	-140.0	1.083813e-004	9.129855e+000
thr	 -90.0	-140.0	8.821890e-005	9.335689e+000
thr	 -80.0	-140.0	6.306161e-005	9.671398e+000
thr	 -70.0	-140.0	3.885996e-005	1.015555e+001
thr	 -60.0	-140.0	2.098876e-005	1.077152e+001
thr	 -50.0	-140.0	1.061885e-005	1.145288e+001
thr	 -40.0	-140.0	5.745333e-006	1.206712e+001
thr	 -30.0	-140.0	4.001848e-006	1.242875e+001
thr	 -20.0	-140.0	3.886840e-006	1.245791e+001
thr	 -10.0	-140.0	4.678463e-006	1.227254e+001
thr	   0.0	-140.0	6.050946e-006	1.201530e+001
thr	  10.0	-140.0	7.794530e-006	1.176209e+001
thr	  20.0	-140.0	9.679271e-006	1.154552e+001
thr	  30.0	-140.0	1.142339e-005	1.137985e+001
thr	  40.0	-140.0	1.273009e-005	1.127154e+001
thr	  50.0	-140.0	1.335817e-005	1.122338e+001
thr	  60.0	-140.0	1.318888e-005	1.123614e+001
thr	  70.0	-140.0	1.225826e-005	1.130931e+001
thr	  80.0	-140.0	1.074270e-005	1.144128e+001
thr	  90.0	-140.0	8.905575e-006	1.162883e+001
thr	 100.0	-140.0	7.026362e-006	1.186584e+001
thr	 110.0	-140.0	5.339850e-006	1.214031e+001
thr	 120.0	-140.0	4.007614e-006	1.242731e+001
thr	 130.0	-140.0	3.131123e-006	1.267412e+001
thr	 140.0	-140.0	2.807843e-006	1.278309e+001
thr	 150.0	-140.0	3.251152e-006	1.263650e+001
thr	 160.0	-140.0	5.047687e-006	1.219658e+001
thr	 170.0	-140.0	9.600906e-006	1.155365e+001
thr	-180.0	-130.0	1.190378e-005	1.133865e+001
thr	-170.0	-130.0	2.110110e-005	1.076619e+001
thr	-160.0	-130.0	3.468107e-005	1.026932e+001
thr	-150.0	-130.0	5.151509e-005	9.873636e+000
thr	-140.0	-130.0	6.851301e-005	9.588487e+000
thr	-130.0	-130.0	8.150065e-005	9.414900e+000
thr	-120.0	-130.0	8.703636e-005	9.349185e+000
thr	-110.0	-130.0	8.355694e-005	9.389982e+000
thr	-100.0	-130.0	7.191466e-005	9.540030e+000
thr	 -90.0	-130.0	5.543999e-005	9.800209e+000
thr	 -80.0	-130.0	3.844835e-005	1.016619e+001
thr	 -70.0	-130.0	2.428737e-005	1.062555e+001
thr	 -60.0	-130.0	1.436441e-005	1.115076e+001
thr	 -50.0	-130.0	8.384863e-006	1.168908e+001
thr	 -40.0	-130.0	5.304096e-006	1.214703e+001
thr	 -30.0	-130.0	4.112828e-006	1.240140e+001
thr	 -20.0	-130.0	4.123914e-006	1.239871e+001
thr	 -10.0	-130.0	4.941852e-006	1.221777e+001
thr	   0.0	-130.0	6.325117e-006	1.197098e+001
thr	  10.0	-130.0	8.058119e-006	1.172883e+001
thr	  20.0	-130.0	9.880199e-006	1.152498e+001
thr	  30.0	-130.0	1.148312e-005	1.137463e+001
thr	  40.0	-130.0	1.256653e-005	1.128447e+001
thr	  50.0	-130.0	1.291852e-005	1.125685e+001
thr	  60.0	-130.0	1.247729e-005	1.129160e+001
thr	  70.0	-130.0	1.134249e-005	1.138695e+001
thr	  80.0	-130.0	9.734341e-006	1.153985e+001
thr	  90.0	-130.0	7.923650e-006	1.174566e+001
thr	 100.0	-130.0	6.162545e-006	1.199702e+001
thr	 110.0	-130.0	4.639246e-006	1.228096e+001
thr	 120.0	-130.0	3.467127e-006	1.257218e+001
thr	 130.0	-130.0	2.706207e-006	1.281996e+001
thr	 140.0	-130.0	2.409720e-006	1.293600e+001
thr	 150.0	-130.0	2.696248e-006	1.282365e+001
thr	 160.0	-130.0	3.866370e-006	1.246319e+001
thr	 170.0	-130.0	6.570590e-006	1.193291e+001
thr	-180.0	-120.0	1.095524e-005	1.142169e+001
thr	-170.0	-120.0	1.951582e-005	1.084428e+001
thr	-160.0	-120.0	3.300216e-005	1.031894e+001
thr	-150.0	-120.0	5.134133e-005	9.877015e+000
thr	-140.0	-120.0	7.177864e-005	9.541924e+000
thr	-130.0	-120.0	8.869431e-005	9.330315e+000
thr	-120.0	-120.0	9.598506e-005	9.251318e+000
thr	-110.0	-120.0	9.084992e-005	9.306302e+000
thr	-100.0	-120.0	7.568750e-005	9.488898e+000
thr	 -90.0	-120.0	5.626763e-005	9.785391e+000
thr	 -80.0	-120.0	3.805750e-005	1.017641e+001
thr	 -70.0	-120.0	2.396900e-005	1.063875e+001
thr	 -60.0	-120.0	1.446158e-005	1.114402e+001
thr	 -50.0	-120.0	8.721036e-006	1.164977e+001
thr	 -40.0	-120.0	5.659385e-006	1.208220e+001
thr	 -30.0	-120.0	4.385512e-006	1.233720e+001
thr	 -20.0	-120.0	4.306985e-006	1.235527e+001
thr	 -10.0	-120.0	5.061846e-006	1.219378e+001
thr	   0.0	-120.0	6.400515e-006	1.195913e+001
thr	  10.0	-120.0	8.082887e-006	1.172576e+001
thr	  20.0	-120.0	9.823384e-006	1.153074e+001
thr	  30.0	-120.0	1.129868e-005	1.139082e+001
thr	  40.0	-120.0	1.221125e-005	1.131315e+001
thr	  50.0	-120.0	1.237332e-005	1.129997e+001
thr	  60.0	-120.0	1.176250e-005	1.135059e+001
thr	  70.0	-120.0	1.051812e-005	1.146241e+001
thr	  80.0	-120.0	8.883820e-006	1.163128e+001
thr	  90.0	-120.0	7.128806e-006	1.185137e+001
thr	 100.0	-120.0	5.481985e-006	1.211404e+001
thr	 110.0	-120.0	4.098372e-006	1.240492e+001
thr	 120.0	-120.0	3.060476e-006	1.269694e+001
thr	 130.0	-120.0	2.407103e-006	1.293709e+001
thr	 140.0	-120.0	2.180641e-006	1.303589e+001
thr	 150.0	-120.0	2.491531e-006	1.290261e+001
thr	 160.0	-120.0	3.611367e-006	1.253142e+001
thr	 170.0	-120.0	6.104736e-006	1.200645e+001
thr	-180.0	-110.0	1.217744e-005	1.131593e+001
thr	-170.0	-110.0	2.262200e-005	1.069659e+001
thr	-160.0	-110.0	3.988004e-005	1.012963e+001
thr	-150.0	-110.0	6.441834e-005	9.650112e+000
thr	-140.0	-110.0	9.269818e-005	9.286162e+000
thr	-130.0	-110.0	1.164426e-004	9.058112e+000
thr	-120.0	-110.0	1.262916e-004	8.976917e+000
thr	-110.0	-110.0	1.181975e-004	9.043154e+000
thr	-100.0	-110.0	9.640934e-005	9.246907e+000
thr	 -90.0	-110.0	6.985796e-005	9.569046e+000
thr	 -80.0	-110.0	4.611457e-005	9.984382e+000
thr	 -70.0	-110.0	2.850279e-005	1.046551e+001
thr	 -60.0	-110.0	1.698084e-005	1.098342e+001
thr	 -50.0	-110.0	1.012250e-005	1.150075e+001
thr	 -40.0	-110.0	6.414094e-006	1.195701e+001
thr	 -30.0	-110.0	4.739812e-006	1.225951e+001
thr	 -20.0	-110.0	4.406240e-006	1.233249e+001
thr	 -10.0	-110.0	4.994240e-006	1.220723e+001
thr	   0.0	-110.0	6.209103e-006	1.198949e+001
thr	  10.0	-110.0	7.777914e-006	1.176422e+001
thr	  20.0	-110.0	9.398559e-006	1.157495e+001
thr	  30.0	-110.0	1.074703e-005	1.144088e+001
thr	  40.0	-110.0	1.153787e-005	1.136988e+001
thr	  50.0	-110.0	1.160293e-005	1.136425e+001
thr	  60.0	-110.0	1.093958e-005	1.142312e+001
thr	  70.0	-110.0	9.698843e-006	1.154350e+001
thr	  80.0	-110.0	8.123183e-006	1.172079e+001
thr	  90.0	-110.0	6.468415e-006	1.194858e+001
thr	 100.0	-110.0	4.943197e-006	1.221750e+001
thr	 110.0	-110.0	3.682140e-006	1.251202e+001
thr	 120.0	-110.0	2.752446e-006	1.280302e+001
thr	 130.0	-110.0	2.185967e-006	1.303345e+001
thr	 140.0	-110.0	2.029616e-006	1.310766e+001
thr	 150.0	-110.0	2.416641e-006	1.293313e+001
thr	 160.0	-110.0	3.676200e-006	1.251363e+001
thr	 170.0	-110.0	6.504549e-006	1.194301e+001
thr	-180.0	-100.0	1.374621e-005	1.119475e+001
thr	-170.0	-100.0	2.675677e-005	1.052872e+001
thr	-160.0	-100.0	4.914774e-005	9.920680e+000
thr	-150.0	-100.0	8.206975e-005	9.407941e+000
thr	-140.0	-100.0	1.209301e-004	9.020298e+000
thr	-130.0	-100.0	1.539563e-004	8.778842e+000
thr	-120.0	-100.0	1.675170e-004	8.694426e+000
thr	-110.0	-100.0	1.558847e-004	8.766394e+000
thr	-100.0	-100.0	1.256575e-004	8.981951e+000
thr	 -90.0	-100.0	8.986361e-005	9.317218e+000
thr	 -80.0	-100.0	5.881373e-005	9.741135e+000
thr	 -70.0	-100.0	3.640632e-005	1.022077e+001
thr	 -60.0	-100.0	2.200137e-005	1.072441e+001
thr	 -50.0	-100.0	1.332719e-005	1.122570e+001
thr	 -40.0	-100.0	8.276255e-006	1.170212e+001
thr	 -30.0	-100.0	5.591675e-006	1.209423e+001
thr	 -20.0	-100.0	4.600597e-006	1.228932e+001
thr	 -10.0	-100.0	4.800307e-006	1.224683e+001
thr	   0.0	-100.0	5.767527e-006	1.206327e+001
thr	  10.0	-100.0	7.145773e-006	1.184899e+001
thr	  20.0	-100.0	8.604981e-006	1.166317e+001
thr	  30.0	-100.0	9.828259e-006	1.153025e+001
thr	  40.0	-100.0	1.054965e-005	1.145942e+001
thr	  50.0	-100.0	1.061522e-005	1.145322e+001
thr	  60.0	-100.0	1.002081e-005	1.151085e+001
thr	  70.0	-100.0	8.899299e-006	1.162954e+001
thr	  80.0	-100.0	7.466090e-006	1.180514e+001
thr	  90.0	-100.0	5.951940e-006	1.203179e+001
thr	 100.0	-100.0	4.549535e-006	1.230049e+001
thr	 110.0	-100.0	3.387115e-006	1.259553e+001
thr	 120.0	-100.0	2.531710e-006	1.288662e+001
thr	 130.0	-100.0	2.018670e-006	1.311307e+001
thr	 140.0	-100.0	1.904152e-006	1.317147e+001
thr	 150.0	-100.0	2.347114e-006	1.296232e+001
thr	 160.0	-100.0	3.747445e-006	1.249444e+001
thr	 170.0	-100.0	6.983020e-006	1.187203e+001
thr	-180.0	 -90.0	1.486587e-005	1.111644e+001
thr	-170.0	 -90.0	3.033419e-005	1.040324e+001
thr	-160.0	 -90.0	5.806711e-005	9.753911e+000
thr	-150.0	 -90.0	1.002438e-004	9.207905e+000
thr	-140.0	 -90.0	1.513609e-004	8.795844e+000
thr	-130.0	 -90.0	1.957457e-004	8.538694e+000
thr	-120.0	 -90.0	2.147195e-004	8.446178e+000
thr	-110.0	 -90.0	2.005210e-004	8.514592e+000
thr	-100.0	 -90.0	1.625377e-004	8.724600e+000
thr	 -90.0	 -90.0	1.184260e-004	9.041222e+000
thr	 -80.0	 -90.0	8.122626e-005	9.418272e+000
thr	 -70.0	 -90.0	5.514987e-005	9.805456e+000
thr	 -60.0	 -90.0	3.836600e-005	1.016834e+001
thr	 -50.0	 -90.0	2.647774e-005	1.053921e+001
thr	 -40.0	 -90.0	1.661489e-005	1.100521e+001
thr	 -30.0	 -90.0	9.414816e-006	1.157323e+001
thr	 -20.0	 -90.0	5.745992e-006	1.206701e+001
thr	 -10.0	 -90.0	4.756012e-006	1.225610e+001
thr	   0.0	 -90.0	5.205581e-006	1.216578e+001
thr	  10.0	 -90.0	6.300242e-006	1.197492e+001
thr	  20.0	 -90.0	7.573055e-006	1.179091e+001
thr	  30.0	 -90.0	8.694526e-006	1.165282e+001
thr	  40.0	 -90.0	9.416821e-006	1.157301e+001
thr	  50.0	 -90.0	9.590637e-006	1.155472e+001
thr	  60.0	 -90.0	9.186425e-006	1.159778e+001
thr	  70.0	 -90.0	8.287712e-006	1.170074e+001
thr	  80.0	 -90.0	7.057793e-006	1.186138e+001
thr	  90.0	 -90.0	5.694213e-006	1.207606e+001
thr	 100.0	 -90.0	4.383380e-006	1.233769e+001
thr	 110.0	 -90.0	3.266264e-006	1.263186e+001
thr	 120.0	 -90.0	2.427290e-006	1.292873e+001
thr	 130.0	 -90.0	1.914241e-006	1.316619e+001
thr	 140.0	 -90.0	1.790768e-006	1.323287e+001
thr	 150.0	 -90.0	2.229581e-006	1.301370e+001
thr	 160.0	 -90.0	3.681228e-006	1.251226e+001
thr	 170.0	 -90.0	7.186354e-006	1.184333e+001
thr	-180.0	 -80.0	1.525435e-005	1.109065e+001
thr	-170.0	 -80.0	3.269174e-005	1.032839e+001
thr	-160.0	 -80.0	6.535166e-005	9.635728e+000
thr	-150.0	 -80.0	1.169732e-004	9.053566e+000
thr	-140.0	 -80.0	1.818342e-004	8.612415e+000
thr	-130.0	 -80.0	2.405989e-004	8.332379e+000
thr	-120.0	 -80.0	2.690036e-004	8.220786e+000
thr	-110.0	 -80.0	2.567889e-004	8.267256e+000
thr	-100.0	 -80.0	2.165980e-004	8.437467e+000
thr	 -90.0	 -80.0	1.716130e-004	8.670269e+000
thr	 -80.0	 -80.0	1.386137e-004	8.883819e+000
thr	 -70.0	 -80.0	1.223193e-004	9.008876e+000
thr	 -60.0	 -80.0	1.135006e-004	9.083702e+000
thr	 -50.0	 -80.0	9.346652e-005	9.277907e+000
thr	 -40.0	 -80.0	5.861052e-005	9.744596e+000
thr	 -30.0	 -80.0	2.723403e-005	1.051104e+001
thr	 -20.0	 -80.0	1.092649e-005	1.142432e+001
thr	 -10.0	 -80.0	5.576618e-006	1.209693e+001
thr	   0.0	 -80.0	4.763187e-006	1.225459e+001
thr	  10.0	 -80.0	5.435199e-006	1.212261e+001
thr	  20.0	 -80.0	6.529440e-006	1.193919e+001
thr	  30.0	 -80.0	7.615616e-006	1.178531e+001
thr	  40.0	 -80.0	8.446649e-006	1.168174e+001
thr	  50.0	 -80.0	8.860970e-006	1.163385e+001
thr	  60.0	 -80.0	8.774315e-006	1.164368e+001
thr	  70.0	 -80.0	8.186073e-006	1.171308e+001
thr	  80.0	 -80.0	7.182714e-006	1.184383e+001
thr	  90.0	 -80.0	5.926237e-006	1.203612e+001
thr	 100.0	 -80.0	4.616519e-006	1.228587e+001
thr	 110.0	 -80.0	3.436766e-006	1.258098e+001
thr	 120.0	 -80.0	2.513117e-006	1.289399e+001
thr	 130.0	 -80.0	1.916206e-006	1.316516e+001
thr	 140.0	 -80.0	1.712298e-006	1.327767e+001
thr	 150.0	 -80.0	2.068614e-006	1.308863e+001
thr	 160.0	 -80.0	3.451679e-006	1.257665e+001
thr	 170.0	 -80.0	7.014219e-006	1.186757e+001
thr	-180.0	 -70.0	1.498325e-005	1.110858e+001
thr	-170.0	 -70.0	3.379327e-005	1.029525e+001
thr	-160.0	 -70.0	7.078508e-005	9.555862e+000
thr	-150.0	 -70.0	1.322296e-004	8.930971e+000
thr	-140.0	 -70.0	2.139024e-004	8.449991e+000
thr	-130.0	 -70.0	2.938611e-004	8.132403e+000
thr	-120.0	 -70.0	3.411564e-004	7.983170e+000
thr	-110.0	 -70.0	3.413363e-004	7.982642e+000
thr	-100.0	 -70.0	3.116833e-004	8.073523e+000
thr	 -90.0	 -70.0	2.879616e-004	8.152683e+000
thr	 -80.0	 -70.0	3.051916e-004	8.094571e+000
thr	 -70.0	 -70.0	3.751069e-004	7.888300e+000
thr	 -60.0	 -70.0	4.366795e-004	7.736311e+000
thr	 -50.0	 -70.0	3.842426e-004	7.864236e+000
thr	 -40.0	 -70.0	2.291422e-004	8.381168e+000
thr	 -30.0	 -70.0	9.226276e-005	9.290870e+000
thr	 -20.0	 -70.0	2.774950e-005	1.049229e+001
thr	 -10.0	 -70.0	8.542234e-006	1.167049e+001
thr	   0.0	 -70.0	4.716159e-006	1.226452e+001
thr	  10.0	 -70.0	4.755672e-006	1.225617e+001
thr	  20.0	 -70.0	5.728604e-006	1.207004e+001
thr	  30.0	 -70.0	6.906970e-006	1.188298e+001
thr	  40.0	 -70.0	8.011472e-006	1.173464e+001
thr	  50.0	 -70.0	8.843084e-006	1.163587e+001
thr	  60.0	 -70.0	9.224163e-006	1.159368e+001
thr	  70.0	 -70.0	9.026870e-006	1.161530e+001
thr	  80.0	 -70.0	8.233397e-006	1.170731e+001
thr	  90.0	 -70.0	6.974121e-006	1.187330e+001
thr	 100.0	 -70.0	5.496179e-006	1.211146e+001
thr	 110.0	 -70.0	4.070458e-006	1.241176e+001
thr	 120.0	 -70.0	2.900727e-006	1.275055e+001
thr	 130.0	 -70.0	2.095731e-006	1.307561e+001
thr	 140.0	 -70.0	1.719442e-006	1.327351e+001
thr	 150.0	 -70.0	1.912874e-006	1.316690e+001
thr	 160.0	 -70.0	3.121622e-006	1.267716e+001
thr	 170.0	 -70.0	6.549384e-006	1.193614e+001
thr	-180.0	 -60.0	1.430841e-005	1.115466e+001
thr	-170.0	 -60.0	3.397105e-005	1.029000e+001
thr	-160.0	 -60.0	7.498113e-005	9.498274e+000
thr	-150.0	 -60.0	1.481777e-004	8.817098e+000
thr	-140.0	 -60.0	2.546879e-004	8.275472e+000
thr	-130.0	 -60.0	3.721303e-004	7.896267e+000
thr	-120.0	 -60.0	4.586825e-004	7.687152e+000
thr	-110.0	 -60.0	4.888013e-004	7.623554e+000
thr	-100.0	 -60.0	4.875237e-004	7.626172e+000
thr	 -90.0	 -60.0	5.317194e-004	7.539395e+000
thr	 -80.0	 -60.0	7.439091e-004	7.203592e+000
thr	 -70.0	 -60.0	1.179305e-003	6.742830e+000
thr	 -60.0	 -60.0	1.524393e-003	6.486159e+000
thr	 -50.0	 -60.0	1.310074e-003	6.637671e+000
thr	 -40.0	 -60.0	7.103439e-004	7.249761e+000
thr	 -30.0	 -60.0	2.506096e-004	8.291614e+000
thr	 -20.0	 -60.0	6.287809e-005	9.674313e+000
thr	 -10.0	 -60.0	1.410403e-005	1.116905e+001
thr	   0.0	 -60.0	5.104948e-006	1.218530e+001
thr	  10.0	 -60.0	4.395442e-006	1.233494e+001
thr	  20.0	 -60.0	5.386695e-006	1.213158e+001
thr	  30.0	 -60.0	6.855610e-006	1.189044e+001
thr	  40.0	 -60.0	8.465543e-006	1.167951e+001
thr	  50.0	 -60.0	9.949479e-006	1.151799e+001
thr	  60.0	 -60.0	1.098601e-005	1.141889e+001
thr	  70.0	 -60.0	1.126495e-005	1.139381e+001
thr	  80.0	 -60.0	1.063119e-005	1.145172e+001
thr	  90.0	 -60.0	9.193043e-006	1.159706e+001
thr	 100.0	 -60.0	7.294290e-006	1.182842e+001
thr	 110.0	 -60.0	5.357530e-006	1.213701e+001
thr	 120.0	 -60.0	3.714185e-006	1.250335e+001
thr	 130.0	 -60.0	2.533101e-006	1.288607e+001
thr	 140.0	 -60.0	1.872884e-006	1.318803e+001
thr	 150.0	 -60.0	1.829455e-006	1.321149e+001
thr	 160.0	 -60.0	2.795127e-006	1.278763e+001
thr	 170.0	 -60.0	5.964904e-006	1.202962e+001
thr	-180.0	 -50.0	1.353504e-005	1.121023e+001
thr	-170.0	 -50.0	3.385517e-005	1.029342e+001
thr	-160.0	 -50.0	7.988539e-005	9.434918e+000
thr	-150.0	 -50.0	1.719328e-004	8.668407e+000
thr	-140.0	 -50.0	3.255758e-004	8.029915e+000
thr	-130.0	 -50.0	5.221443e-004	7.557567e+000
thr	-120.0	 -50.0	6.955917e-004	7.270748e+000
thr	-110.0	 -50.0	7.878928e-004	7.146149e+000
thr	-100.0	 -50.0	8.338354e-004	7.089474e+000
thr	 -90.0	 -50.0	1.012409e-003	6.895422e+000
thr	 -80.0	 -50.0	1.707154e-003	6.372928e+000
thr	 -70.0	 -50.0	3.106565e-003	5.774238e+000
thr	 -60.0	 -50.0	4.071015e-003	5.503863e+000
thr	 -50.0	 -50.0	3.223100e-003	5.737412e+000
thr	 -40.0	 -50.0	1.529472e-003	6.482832e+000
thr	 -30.0	 -50.0	4.657246e-004	7.671916e+000
thr	 -20.0	 -50.0	1.005221e-004	9.205133e+000
thr	 -10.0	 -50.0	1.878408e-005	1.088250e+001
thr	   0.0	 -50.0	5.423738e-006	1.212473e+001
thr	  10.0	 -50.0	4.378207e-006	1.233887e+001
thr	  20.0	 -50.0	5.643680e-006	1.208497e+001
thr	  30.0	 -50.0	7.661727e-006	1.177927e+001
thr	  40.0	 -50.0	1.006151e-005	1.150679e+001
thr	  50.0	 -50.0	1.247665e-005	1.129165e+001
thr	  60.0	 -50.0	1.438250e-005	1.114950e+001
thr	  70.0	 -50.0	1.522337e-005	1.109268e+001
thr	  80.0	 -50.0	1.467158e-005	1.112960e+001
thr	  90.0	 -50.0	1.282876e-005	1.126382e+001
thr	 100.0	 -50.0	1.019662e-005	1.149345e+001
thr	 110.0	 -50.0	7.426443e-006	1.181046e+001
thr	 120.0	 -50.0	5.036649e-006	1.219877e+001
thr	 130.0	 -50.0	3.282520e-006	1.262690e+001
thr	 140.0	 -50.0	2.215893e-006	1.301986e+001
thr	 150.0	 -50.0	1.871702e-006	1.318866e+001
thr	 160.0	 -50.0	2.563909e-006	1.287398e+001
thr	 170.0	 -50.0	5.430033e-006	1.212357e+001
thr	-180.0	 -40.0	1.296203e-005	1.125349e+001
thr	-170.0	 -40.0	3.449678e-005	1.027464e+001
thr	-160.0	 -40.0	8.991370e-005	9.316660e+000
thr	-150.0	 -40.0	2.206992e-004	8.418710e+000
thr	-140.0	 -40.0	4.788729e-004	7.644075e+000
thr	-130.0	 -40.0	8.609041e-004	7.057527e+000
thr	-120.0	 -40.0	1.248139e-003	6.686101e+000
thr	-110.0	 -40.0	1.505995e-003	6.498301e+000
thr	-100.0	 -40.0	1.680567e-003	6.388624e+000
thr	 -90.0	 -40.0	2.131505e-003	6.150927e+000
thr	 -80.0	 -40.0	3.701279e-003	5.599077e+000
thr	 -70.0	 -40.0	6.599560e-003	5.020752e+000
thr	 -60.0	 -40.0	7.867351e-003	4.845034e+000
thr	 -50.0	 -40.0	5.356064e-003	5.229526e+000
thr	 -40.0	 -40.0	2.126801e-003	6.153136e+000
thr	 -30.0	 -40.0	5.466929e-004	7.511623e+000
thr	 -20.0	 -40.0	1.025292e-004	9.185363e+000
thr	 -10.0	 -40.0	1.731372e-005	1.096401e+001
thr	   0.0	 -40.0	5.120901e-006	1.218218e+001
thr	  10.0	 -40.0	4.697339e-006	1.226851e+001
thr	  20.0	 -40.0	6.559076e-006	1.193466e+001
thr	  30.0	 -40.0	9.399331e-006	1.157487e+001
thr	  40.0	 -40.0	1.287191e-005	1.126046e+001
thr	  50.0	 -40.0	1.647764e-005	1.101351e+001
thr	  60.0	 -40.0	1.943116e-005	1.084863e+001
thr	  70.0	 -40.0	2.087847e-005	1.077679e+001
thr	  80.0	 -40.0	2.029798e-005	1.080499e+001
thr	  90.0	 -40.0	1.780921e-005	1.093579e+001
thr	 100.0	 -40.0	1.413343e-005	1.116697e+001
thr	 110.0	 -40.0	1.022126e-005	1.149104e+001
thr	 120.0	 -40.0	6.829803e-006	1.189421e+001
thr	 130.0	 -40.0	4.322406e-006	1.235170e+001
thr	 140.0	 -40.0	2.742369e-006	1.280669e+001
thr	 150.0	 -40.0	2.051797e-006	1.309679e+001
thr	 160.0	 -40.0	2.470797e-006	1.291097e+001
thr	 170.0	 -40.0	5.053936e-006	1.219534e+001
thr	-180.0	 -30.0	1.273427e-005	1.127121e+001
thr	-170.0	 -30.0	3.672454e-005	1.021207e+001
thr	-160.0	 -30.0	1.092713e-004	9.121676e+000
thr	-150.0	 -30.0	3.129996e-004	8.069309e+000
thr	-140.0	 -30.0	7.786745e-004	7.157917e+000
thr	-130.0	 -30.0	1.552642e-003	6.467798e+000
thr	-120.0	 -30.0	2.435553e-003	6.017582e+000
thr	-110.0	 -30.0	3.175712e-003	5.752223e+000
thr	-100.0	 -30.0	3.863904e-003	5.556077e+000
thr	 -90.0	 -30.0	5.084433e-003	5.281572e+000
thr	 -80.0	 -30.0	7.958964e-003	4.833456e+000
thr	 -70.0	 -30.0	1.170546e-002	4.447699e+000
thr	 -60.0	 -30.0	1.115862e-002	4.495543e+000
thr	 -50.0	 -30.0	5.982049e-003	5.118992e+000
thr	 -40.0	 -30.0	1.871144e-003	6.281205e+000
thr	 -30.0	 -30.0	3.923072e-004	7.843465e+000
thr	 -20.0	 -30.0	6.445339e-005	9.649568e+000
thr	 -10.0	 -30.0	1.093494e-005	1.142355e+001
thr	   0.0	 -30.0	4.551417e-006	1.230007e+001
thr	  10.0	 -30.0	5.421492e-006	1.212514e+001
thr	  20.0	 -30.0	8.132322e-006	1.171966e+001
thr	  30.0	 -30.0	1.201675e-005	1.132921e+001
thr	  40.0	 -30.0	1.676100e-005	1.099646e+001
thr	  50.0	 -30.0	2.169045e-005	1.073864e+001
thr	  60.0	 -30.0	2.572235e-005	1.056815e+001
thr	  70.0	 -30.0	2.769564e-005	1.049424e+001
thr	  80.0	 -30.0	2.691766e-005	1.052273e+001
thr	  90.0	 -30.0	2.356845e-005	1.065560e+001
thr	 100.0	 -30.0	1.863326e-005	1.089056e+001
thr	 110.0	 -30.0	1.339458e-005	1.122066e+001
thr	 120.0	 -30.0	8.863772e-006	1.163354e+001
thr	 130.0	 -30.0	5.513675e-006	1.210828e+001
thr	 140.0	 -30.0	3.373530e-006	1.259955e+001
thr	 150.0	 -30.0	2.326648e-006	1.297108e+001
thr	 160.0	 -30.0	2.494384e-006	1.290147e+001
thr	 170.0	 -30.0	4.846556e-006	1.223724e+001
thr	-180.0	 -20.0	1.265701e-005	1.127730e+001
thr	-170.0	 -20.0	3.964964e-005	1.013543e+001
thr	-160.0	 -20.0	1.333445e-004	8.922575e+000
thr	-150.0	 -20.0	4.316655e-004	7.747860e+000
thr	-140.0	 -20.0	1.185821e-003	6.737320e+000
thr	-130.0	 -20.0	2.552422e-003	5.970712e+000
thr	-120.0	 -20.0	4.271540e-003	5.455781e+000
thr	-110.0	 -20.0	6.015703e-003	5.113382e+000
thr	-100.0	 -20.0	7.971781e-003	4.831847e+000
thr	 -90.0	 -20.0	1.057630e-002	4.549140e+000
thr	 -80.0	 -20.0	1.412626e-002	4.259720e+000
thr	 -70.0	 -20.0	1.599791e-002	4.135297e+000
thr	 -60.0	 -20.0	1.147414e-002	4.467659e+000
thr	 -50.0	 -20.0	4.580980e-003	5.385842e+000
thr	 -40.0	 -20.0	1.073185e-003	6.837124e+000
thr	 -30.0	 -20.0	1.767682e-004	8.640671e+000
thr	 -20.0	 -20.0	2.606595e-005	1.055488e+001
thr	 -10.0	 -20.0	5.739775e-006	1.206809e+001
thr	   0.0	 -20.0	4.518374e-006	1.230736e+001
thr	  10.0	 -20.0	6.657477e-006	1.191977e+001
thr	  20.0	 -20.0	1.035879e-005	1.147768e+001
thr	  30.0	 -20.0	1.542918e-005	1.107925e+001
thr	  40.0	 -20.0	2.149991e-005	1.074746e+001
thr	  50.0	 -20.0	2.766308e-005	1.049541e+001
thr	  60.0	 -20.0	3.253934e-005	1.033306e+001
thr	  70.0	 -20.0	3.473167e-005	1.026786e+001
thr	  80.0	 -20.0	3.348031e-005	1.030455e+001
thr	  90.0	 -20.0	2.910168e-005	1.044471e+001
thr	 100.0	 -20.0	2.285870e-005	1.068618e+001
thr	 110.0	 -20.0	1.632958e-005	1.102253e+001
thr	 120.0	 -20.0	1.073035e-005	1.144243e+001
thr	 130.0	 -20.0	6.608270e-006	1.192719e+001
thr	 140.0	 -20.0	3.965131e-006	1.243797e+001
thr	 150.0	 -20.0	2.606919e-006	1.285734e+001
thr	 160.0	 -20.0	2.561393e-006	1.287496e+001
thr	 170.0	 -20.0	4.716581e-006	1.226443e+001
thr	-180.0	 -10.0	1.245740e-005	1.129320e+001
thr	-170.0	 -10.0	4.132310e-005	1.009409e+001
thr	-160.0	 -10.0	1.495610e-004	8.807806e+000
thr	-150.0	 -10.0	5.195509e-004	7.562546e+000
thr	-140.0	 -10.0	1.522946e-003	6.487109e+000
thr	-130.0	 -10.0	3.484125e-003	5.659538e+000
thr	-120.0	 -10.0	6.174435e-003	5.087338e+000
thr	-110.0	 -10.0	9.229959e-003	4.685301e+000
thr	-100.0	 -10.0	1.265619e-002	4.369609e+000
thr	 -90.0	 -10.0	1.557736e-002	4.161937e+000
thr	 -80.0	 -10.0	1.673473e-002	4.090269e+000
thr	 -70.0	 -10.0	1.431944e-002	4.246137e+000
thr	 -60.0	 -10.0	7.781740e-003	4.855975e+000
thr	 -50.0	 -10.0	2.341617e-003	6.056914e+000
thr	 -40.0	 -10.0	4.119692e-004	7.794562e+000
thr	 -30.0	 -10.0	5.369024e-005	9.832279e+000
thr	 -20.0	 -10.0	8.315981e-006	1.169733e+001
thr	 -10.0	 -10.0	3.944055e-006	1.244330e+001
thr	   0.0	 -10.0	5.301164e-006	1.214758e+001
thr	  10.0	 -10.0	8.513512e-006	1.167386e+001
thr	  20.0	 -10.0	1.334763e-005	1.122417e+001
thr	  30.0	 -10.0	1.972320e-005	1.083371e+001
thr	  40.0	 -10.0	2.706377e-005	1.051731e+001
thr	  50.0	 -10.0	3.414327e-005	1.028494e+001
thr	  60.0	 -10.0	3.932080e-005	1.014376e+001
thr	  70.0	 -10.0	4.113007e-005	1.009877e+001
thr	  80.0	 -10.0	3.895526e-005	1.015310e+001
thr	  90.0	 -10.0	3.337852e-005	1.030760e+001
thr	 100.0	 -10.0	2.592821e-005	1.056018e+001
thr	 110.0	 -10.0	1.836634e-005	1.090499e+001
thr	 120.0	 -10.0	1.198826e-005	1.133158e+001
thr	 130.0	 -10.0	7.336108e-006	1.182270e+001
thr	 140.0	 -10.0	4.359354e-006	1.234319e+001
thr	 150.0	 -10.0	2.795212e-006	1.278760e+001
thr	 160.0	 -10.0	2.595583e-006	1.286170e+001
thr	 170.0	 -10.0	4.574285e-006	1.229506e+001
thr	-180.0	   0.0	1.226520e-005	1.130874e+001
thr	-170.0	   0.0	4.183432e-005	1.008179e+001
thr	-160.0	   0.0	1.556745e-004	8.767744e+000
thr	-150.0	   0.0	5.597168e-004	7.488080e+000
thr	-140.0	   0.0	1.716358e-003	6.367550e+000
thr	-130.0	   0.0	4.113890e-003	5.493386e+000
thr	-120.0	   0.0	7.497838e-003	4.893141e+000
thr	-110.0	   0.0	1.105888e-002	4.504521e+000
thr	-100.0	   0.0	1.405786e-002	4.264573e+000
thr	 -90.0	   0.0	1.462096e-002	4.225299e+000
thr	 -80.0	   0.0	1.200563e-002	4.422380e+000
thr	 -70.0	   0.0	7.662142e-003	4.871464e+000
thr	 -60.0	   0.0	3.224000e-003	5.737132e+000
thr	 -50.0	   0.0	7.685047e-004	7.171064e+000
thr	 -40.0	   0.0	1.089787e-004	9.124358e+000
thr	 -30.0	   0.0	1.338305e-005	1.122152e+001
thr	 -20.0	   0.0	3.897921e-006	1.245507e+001
thr	 -10.0	   0.0	4.242685e-006	1.237031e+001
thr	   0.0	   0.0	6.828633e-006	1.189439e+001
thr	  10.0	   0.0	1.118006e-005	1.140138e+001
thr	  20.0	   0.0	1.743322e-005	1.095713e+001
thr	  30.0	   0.0	2.534541e-005	1.058291e+001
thr	  40.0	   0.0	3.393238e-005	1.029114e+001
thr	  50.0	   0.0	4.151276e-005	1.008951e+001
thr	  60.0	   0.0	4.622169e-005	9.982061e+000
thr	  70.0	   0.0	4.676497e-005	9.970376e+000
thr	  80.0	   0.0	4.298664e-005	1.005462e+001
thr	  90.0	   0.0	3.593343e-005	1.023384e+001
thr	 100.0	   0.0	2.738914e-005	1.050536e+001
thr	 110.0	   0.0	1.914099e-005	1.086368e+001
thr	 120.0	   0.0	1.238320e-005	1.129917e+001
thr	 130.0	   0.0	7.536825e-006	1.179571e+001
thr	 140.0	   0.0	4.460902e-006	1.232016e+001
thr	 150.0	   0.0	2.835250e-006	1.277338e+001
thr	 160.0	   0.0	2.568308e-006	1.287226e+001
thr	 170.0	   0.0	4.440180e-006	1.232482e+001
thr	-180.0	  10.0	1.239532e-005	1.129819e+001
thr	-170.0	  10.0	4.275954e-005	1.005992e+001
thr	-160.0	  10.0	1.593560e-004	8.744370e+000
thr	-150.0	  10.0	5.743255e-004	7.462314e+000
thr	-140.0	  10.0	1.769294e-003	6.337175e+000
thr	-130.0	  10.0	4.216445e-003	5.468763e+000
thr	-120.0	  10.0	7.360821e-003	4.911584e+000
thr	-110.0	  10.0	9.688012e-003	4.636866e+000
thr	-100.0	  10.0	1.025062e-002	4.580417e+000
thr	 -90.0	  10.0	8.502354e-003	4.767412e+000
thr	 -80.0	  10.0	5.302337e-003	5.239608e+000
thr	 -70.0	  10.0	2.545858e-003	5.973287e+000
thr	 -60.0	  10.0	8.597706e-004	7.058845e+000
thr	 -50.0	  10.0	1.795770e-004	8.624906e+000
thr	 -40.0	  10.0	2.663141e-005	1.053342e+001
thr	 -30.0	  10.0	5.766467e-006	1.206345e+001
thr	 -20.0	  10.0	3.906279e-006	1.245293e+001
thr	 -10.0	  10.0	5.474950e-006	1.211533e+001
thr	   0.0	  10.0	9.088589e-006	1.160849e+001
thr	  10.0	  10.0	1.491838e-005	1.111292e+001
thr	  20.0	  10.0	2.308503e-005	1.067633e+001
thr	  30.0	  10.0	3.298782e-005	1.031937e+001
thr	  40.0	  10.0	4.298985e-005	1.005455e+001
thr	  50.0	  10.0	5.075037e-005	9.888592e+000
thr	  60.0	  10.0	5.418199e-005	9.823162e+000
thr	  70.0	  10.0	5.242475e-005	9.856132e+000
thr	  80.0	  10.0	4.615931e-005	9.983412e+000
thr	  90.0	  10.0	3.715646e-005	1.020037e+001
thr	 100.0	  10.0	2.747908e-005	1.050209e+001
thr	 110.0	  10.0	1.878728e-005	1.088233e+001
thr	 120.0	  10.0	1.198502e-005	1.133185e+001
thr	 130.0	  10.0	7.244041e-006	1.183533e+001
thr	 140.0	  10.0	4.284842e-006	1.236043e+001
thr	 150.0	  10.0	2.736579e-006	1.280880e+001
thr	 160.0	  10.0	2.502370e-006	1.289827e+001
thr	 170.0	  10.0	4.397196e-006	1.233454e+001
thr	-180.0	  20.0	1.299512e-005	1.125094e+001
thr	-170.0	  20.0	4.406655e-005	1.002981e+001
thr	-160.0	  20.0	1.574544e-004	8.756375e+000
thr	-150.0	  20.0	5.360041e-004	7.531369e+000
thr	-140.0	  20.0	1.544164e-003	6.473273e+000
thr	-130.0	  20.0	3.403999e-003	5.682804e+000
thr	-120.0	  20.0	5.365855e-003	5.227699e+000
thr	-110.0	  20.0	6.047308e-003	5.108142e+000
thr	-100.0	  20.0	5.156135e-003	5.267568e+000
thr	 -90.0	  20.0	3.369178e-003	5.693086e+000
thr	 -80.0	  20.0	1.652420e-003	6.405514e+000
thr	 -70.0	  20.0	6.378312e-004	7.357437e+000
thr	 -60.0	  20.0	1.940479e-004	8.547405e+000
thr	 -50.0	  20.0	4.714665e-005	9.962247e+000
thr	 -40.0	  20.0	1.264540e-005	1.127822e+001
thr	 -30.0	  20.0	5.639665e-006	1.208569e+001
thr	 -20.0	  20.0	4.978209e-006	1.221044e+001
thr	 -10.0	  20.0	7.222646e-006	1.183829e+001
thr	   0.0	  20.0	1.205565e-005	1.132598e+001
thr	  10.0	  20.0	1.980147e-005	1.082975e+001
thr	  20.0	  20.0	3.047084e-005	1.039874e+001
thr	  30.0	  20.0	4.295402e-005	1.005538e+001
thr	  40.0	  20.0	5.471768e-005	9.813324e+000
thr	  50.0	  20.0	6.253551e-005	9.679776e+000
thr	  60.0	  20.0	6.405858e-005	9.655713e+000
thr	  70.0	  20.0	5.907588e-005	9.736688e+000
thr	  80.0	  20.0	4.944660e-005	9.914617e+000
thr	  90.0	  20.0	3.792159e-005	1.017999e+001
thr	 100.0	  20.0	2.689822e-005	1.052345e+001
thr	 110.0	  20.0	1.780778e-005	1.093588e+001
thr	 120.0	  20.0	1.111955e-005	1.140681e+001
thr	 130.0	  20.0	6.650990e-006	1.192074e+001
thr	 140.0	  20.0	3.938669e-006	1.244467e+001
thr	 150.0	  20.0	2.561233e-006	1.287502e+001
thr	 160.0	  20.0	2.451238e-006	1.291892e+001
thr	 170.0	  20.0	4.531916e-006	1.230437e+001
thr	-180.0	  30.0	1.442056e-005	1.114686e+001
thr	-170.0	  30.0	4.597012e-005	9.987519e+000
thr	-160.0	  30.0	1.469666e-004	8.825305e+000
thr	-150.0	  30.0	4.370705e-004	7.735416e+000
thr	-140.0	  30.0	1.095551e-003	6.816498e+000
thr	-130.0	  30.0	2.108208e-003	6.161917e+000
thr	-120.0	  30.0	2.910615e-003	5.839391e+000
thr	-110.0	  30.0	2.838816e-003	5.864368e+000
thr	-100.0	  30.0	2.044425e-003	6.192639e+000
thr	 -90.0	  30.0	1.130188e-003	6.785371e+000
thr	 -80.0	  30.0	4.905114e-004	7.620062e+000
thr	 -70.0	  30.0	1.849386e-004	8.595487e+000
thr	 -60.0	  30.0	6.846291e-005	9.589218e+000
thr	 -50.0	  30.0	2.706116e-005	1.051741e+001
thr	 -40.0	  30.0	1.212919e-005	1.131990e+001
thr	 -30.0	  30.0	6.871426e-006	1.188814e+001
thr	 -20.0	  30.0	6.377575e-006	1.196272e+001
thr	 -10.0	  30.0	9.242893e-006	1.159166e+001
thr	   0.0	  30.0	1.541993e-005	1.107985e+001
thr	  10.0	  30.0	2.532658e-005	1.058366e+001
thr	  20.0	  30.0	3.883239e-005	1.015626e+001
thr	  30.0	  30.0	5.423977e-005	9.822096e+000
thr	  40.0	  30.0	6.799034e-005	9.596145e+000
thr	  50.0	  30.0	7.585234e-005	9.486722e+000
thr	  60.0	  30.0	7.519043e-005	9.495487e+000
thr	  70.0	  30.0	6.654413e-005	9.617645e+000
thr	  80.0	  30.0	5.311442e-005	9.843062e+000
thr	  90.0	  30.0	3.875466e-005	1.015826e+001
thr	 100.0	  30.0	2.622764e-005	1.054870e+001
thr	 110.0	  30.0	1.669776e-005	1.100024e+001
thr	 120.0	  30.0	1.014278e-005	1.149875e+001
thr	 130.0	  30.0	5.983775e-006	1.202646e+001
thr	 140.0	  30.0	3.555135e-006	1.254712e+001
thr	 150.0	  30.0	2.390440e-006	1.294403e+001
thr	 160.0	  30.0	2.492347e-006	1.290229e+001
thr	 170.0	  30.0	4.998506e-006	1.220637e+001
thr	-180.0	  40.0	1.732572e-005	1.096332e+001
thr	-170.0	  40.0	5.097853e-005	9.884106e+000
thr	-160.0	  40.0	1.404170e-004	8.870894e+000
thr	-150.0	  40.0	3.449905e-004	7.971994e+000
thr	-140.0	  40.0	7.109868e-004	7.248857e+000
thr	-130.0	  40.0	1.145681e-003	6.771756e+000
thr	-120.0	  40.0	1.365552e-003	6.596197e+000
thr	-110.0	  40.0	1.188929e-003	6.734702e+000
thr	-100.0	  40.0	7.918309e-004	7.141163e+000
thr	 -90.0	  40.0	4.342256e-004	7.741946e+000
thr	 -80.0	  40.0	2.138706e-004	8.450139e+000
thr	 -70.0	  40.0	1.059173e-004	9.152852e+000
thr	 -60.0	  40.0	5.479821e-005	9.811853e+000
thr	 -50.0	  40.0	2.832535e-005	1.047175e+001
thr	 -40.0	  40.0	1.454231e-005	1.113845e+001
thr	 -30.0	  40.0	8.584414e-006	1.166556e+001
thr	 -20.0	  40.0	7.838628e-006	1.175645e+001
thr	 -10.0	  40.0	1.113011e-005	1.140586e+001
thr	   0.0	  40.0	1.845230e-005	1.090032e+001
thr	  10.0	  40.0	3.024368e-005	1.040622e+001
thr	  20.0	  40.0	4.621472e-005	9.982212e+000
thr	  30.0	  40.0	6.413073e-005	9.654587e+000
thr	  40.0	  40.0	7.953115e-005	9.439362e+000
thr	  50.0	  40.0	8.732313e-005	9.345895e+000
thr	  60.0	  40.0	8.465734e-005	9.376899e+000
thr	  70.0	  40.0	7.276388e-005	9.528291e+000
thr	  80.0	  40.0	5.602760e-005	9.789666e+000
thr	  90.0	  40.0	3.924895e-005	1.014559e+001
thr	 100.0	  40.0	2.548112e-005	1.057757e+001
thr	 110.0	  40.0	1.563223e-005	1.106618e+001
thr	 120.0	  40.0	9.241029e-006	1.159186e+001
thr	 130.0	  40.0	5.383960e-006	1.213209e+001
thr	 140.0	  40.0	3.228177e-006	1.264359e+001
thr	 150.0	  40.0	2.291381e-006	1.298636e+001
thr	 160.0	  40.0	2.707111e-006	1.281963e+001
thr	 170.0	  40.0	5.995974e-006	1.202442e+001
thr	-180.0	  50.0	2.186758e-005	1.073051e+001
thr	-170.0	  50.0	6.070195e-005	9.709535e+000
thr	-160.0	  50.0	1.491033e-004	8.810871e+000
thr	-150.0	  50.0	3.108736e-004	8.076124e+000
thr	-140.0	  50.0	5.307949e-004	7.541135e+000
thr	-130.0	  50.0	7.159183e-004	7.241945e+000
thr	-120.0	  50.0	7.439506e-004	7.203536e+000
thr	-110.0	  50.0	6.025353e-004	7.414364e+000
thr	-100.0	  50.0	4.077543e-004	7.804846e+000
thr	 -90.0	  50.0	2.562961e-004	8.269177e+000
thr	 -80.0	  50.0	1.614604e-004	8.731250e+000
thr	 -70.0	  50.0	1.018452e-004	9.192056e+000
thr	 -60.0	  50.0	6.114736e-005	9.702224e+000
thr	 -50.0	  50.0	3.385292e-005	1.029349e+001
thr	 -40.0	  50.0	1.778881e-005	1.093694e+001
thr	 -30.0	  50.0	1.034722e-005	1.147879e+001
thr	 -20.0	  50.0	8.997935e-006	1.161852e+001
thr	 -10.0	  50.0	1.233605e-005	1.130298e+001
thr	   0.0	  50.0	2.020111e-005	1.080977e+001
thr	  10.0	  50.0	3.293617e-005	1.032094e+001
thr	  20.0	  50.0	5.009362e-005	9.901617e+000
thr	  30.0	  50.0	6.910916e-005	9.579823e+000
thr	  40.0	  50.0	8.504709e-005	9.372305e+000
thr	  50.0	  50.0	9.242230e-005	9.289142e+000
thr	  60.0	  50.0	8.837809e-005	9.333886e+000
thr	  70.0	  50.0	7.460819e-005	9.503260e+000
thr	  80.0	  50.0	5.616433e-005	9.787229e+000
thr	  90.0	  50.0	3.831483e-005	1.016967e+001
thr	 100.0	  50.0	2.418546e-005	1.062976e+001
thr	 110.0	  50.0	1.446439e-005	1.114382e+001
thr	 120.0	  50.0	8.403507e-006	1.168686e+001
thr	 130.0	  50.0	4.880773e-006	1.223021e+001
thr	 140.0	  50.0	2.990912e-006	1.271993e+001
thr	 150.0	  50.0	2.293239e-006	1.298555e+001
thr	 160.0	  50.0	3.121152e-006	1.267731e+001
thr	 170.0	  50.0	7.551420e-006	1.179377e+001
thr	-180.0	  60.0	2.697760e-005	1.052050e+001
thr	-170.0	  60.0	7.269190e-005	9.529281e+000
thr	-160.0	  60.0	1.688698e-004	8.686382e+000
thr	-150.0	  60.0	3.242223e-004	8.034081e+000
thr	-140.0	  60.0	4.999046e-004	7.601093e+000
thr	-130.0	  60.0	6.084262e-004	7.404635e+000
thr	-120.0	  60.0	5.856457e-004	7.442796e+000
thr	-110.0	  60.0	4.634144e-004	7.676889e+000
thr	-100.0	  60.0	3.293469e-004	8.018399e+000
thr	 -90.0	  60.0	2.320757e-004	8.368447e+000
thr	 -80.0	  60.0	1.658170e-004	8.704626e+000
thr	 -70.0	  60.0	1.136844e-004	9.082085e+000
thr	 -60.0	  60.0	7.090450e-005	9.554177e+000
thr	 -50.0	  60.0	3.970086e-005	1.013414e+001
thr	 -40.0	  60.0	2.071887e-005	1.078447e+001
thr	 -30.0	  60.0	1.163697e-005	1.136132e+001
thr	 -20.0	  60.0	9.487644e-006	1.156552e+001
thr	 -10.0	  60.0	1.242444e-005	1.129584e+001
thr	   0.0	  60.0	1.997674e-005	1.082094e+001
thr	  10.0	  60.0	3.227975e-005	1.034107e+001
thr	  20.0	  60.0	4.875951e-005	9.928610e+000
thr	  30.0	  60.0	6.683809e-005	9.613237e+000
thr	  40.0	  60.0	8.172110e-005	9.412198e+000
thr	  50.0	  60.0	8.819235e-005	9.335990e+000
thr	  60.0	  60.0	8.366747e-005	9.388660e+000
thr	  70.0	  60.0	6.997279e-005	9.567404e+000
thr	  80.0	  60.0	5.209730e-005	9.862397e+000
thr	  90.0	  60.0	3.510892e-005	1.025706e+001
thr	 100.0	  60.0	2.190309e-005	1.072888e+001
thr	 110.0	  60.0	1.299388e-005	1.125103e+001
thr	 120.0	  60.0	7.549918e-006	1.179397e+001
thr	 130.0	  60.0	4.447678e-006	1.232313e+001
thr	 140.0	  60.0	2.836734e-006	1.277286e+001
thr	 150.0	  60.0	2.383475e-006	1.294695e+001
thr	 160.0	  60.0	3.655158e-006	1.251937e+001
thr	 170.0	  60.0	9.326087e-006	1.158269e+001
thr	-180.0	  70.0	3.074761e-005	1.038970e+001
thr	-170.0	  70.0	8.154946e-005	9.414301e+000
thr	-160.0	  70.0	1.858819e-004	8.590399e+000
thr	-150.0	  70.0	3.488803e-004	7.960782e+000
thr	-140.0	  70.0	5.252889e-004	7.551562e+000
thr	-130.0	  70.0	6.281361e-004	7.372754e+000
thr	-120.0	  70.0	6.041573e-004	7.411676e+000
thr	-110.0	  70.0	4.899717e-004	7.621163e+000
thr	-100.0	  70.0	3.643080e-004	7.917511e+000
thr	 -90.0	  70.0	2.679770e-004	8.224610e+000
thr	 -80.0	  70.0	1.954200e-004	8.540359e+000
thr	 -70.0	  70.0	1.336958e-004	8.919944e+000
thr	 -60.0	  70.0	8.210639e-005	9.407495e+000
thr	 -50.0	  70.0	4.501197e-005	1.000858e+001
thr	 -40.0	  70.0	2.285740e-005	1.068624e+001
thr	 -30.0	  70.0	1.220871e-005	1.131336e+001
thr	 -20.0	  70.0	9.186474e-006	1.159778e+001
thr	 -10.0	  70.0	1.134293e-005	1.138692e+001
thr	   0.0	  70.0	1.778682e-005	1.093705e+001
thr	  10.0	  70.0	2.837102e-005	1.047014e+001
thr	  20.0	  70.0	4.245226e-005	1.006713e+001
thr	  30.0	  70.0	5.774853e-005	9.759413e+000
thr	  40.0	  70.0	7.017236e-005	9.564556e+000
thr	  50.0	  70.0	7.536147e-005	9.493214e+000
thr	  60.0	  70.0	7.123183e-005	9.549571e+000
thr	  70.0	  70.0	5.942280e-005	9.730833e+000
thr	  80.0	  70.0	4.419660e-005	1.002686e+001
thr	  90.0	  70.0	2.982465e-005	1.042018e+001
thr	 100.0	  70.0	1.870846e-005	1.088653e+001
thr	 110.0	  70.0	1.123483e-005	1.139649e+001
thr	 120.0	  70.0	6.673584e-006	1.191735e+001
thr	 130.0	  70.0	4.076160e-006	1.241036e+001
thr	 140.0	  70.0	2.758223e-006	1.280092e+001
thr	 150.0	  70.0	2.536215e-006	1.288484e+001
thr	 160.0	  70.0	4.174759e-006	1.238645e+001
thr	 170.0	  70.0	1.075739e-005	1.143992e+001
thr	-180.0	  80.0	3.204295e-005	1.034843e+001
thr	-170.0	  80.0	8.362484e-005	9.389170e+000
thr	-160.0	  80.0	1.902521e-004	8.567160e+000
thr	-150.0	  80.0	3.610144e-004	7.926593e+000
thr	-140.0	  80.0	5.573804e-004	7.492263e+000
thr	-130.0	  80.0	6.953528e-004	7.271091e+000
thr	-120.0	  80.0	7.110727e-004	7.248736e+000
thr	-110.0	  80.0	6.210399e-004	7.384115e+000
thr	-100.0	  80.0	4.932170e-004	7.614561e+000
thr	 -90.0	  80.0	3.741376e-004	7.890887e+000
thr	 -80.0	  80.0	2.703428e-004	8.215820e+000
thr	 -70.0	  80.0	1.787560e-004	8.629489e+000
thr	 -60.0	  80.0	1.050711e-004	9.160873e+000
thr	 -50.0	  80.0	5.529098e-005	9.802901e+000
thr	 -40.0	  80.0	2.686724e-005	1.052460e+001
thr	 -30.0	  80.0	1.315286e-005	1.123887e+001
thr	 -20.0	  80.0	8.559397e-006	1.166848e+001
thr	 -10.0	  80.0	9.523054e-006	1.156179e+001
thr	   0.0	  80.0	1.436178e-005	1.115094e+001
thr	  10.0	  80.0	2.250079e-005	1.070196e+001
thr	  20.0	  80.0	3.325777e-005	1.031122e+001
thr	  30.0	  80.0	4.483215e-005	1.001259e+001
thr	  40.0	  80.0	5.414758e-005	9.823797e+000
thr	  50.0	  80.0	5.798202e-005	9.755378e+000
thr	  60.0	  80.0	5.483252e-005	9.811227e+000
thr	  70.0	  80.0	4.594872e-005	9.987985e+000
thr	  80.0	  80.0	3.450234e-005	1.027448e+001
thr	  90.0	  80.0	2.366141e-005	1.065166e+001
thr	 100.0	  80.0	1.521274e-005	1.109338e+001
thr	 110.0	  80.0	9.459100e-006	1.156853e+001
thr	 120.0	  80.0	5.882096e-006	1.204360e+001
thr	 130.0	  80.0	3.807894e-006	1.247843e+001
thr	 140.0	  80.0	2.776957e-006	1.279415e+001
thr	 150.0	  80.0	2.764140e-006	1.279878e+001
thr	 160.0	  80.0	4.645423e-006	1.227963e+001
thr	 170.0	  80.0	1.157501e-005	1.136666e+001
thr	-180.0	  90.0	3.211268e-005	1.034626e+001
thr	-170.0	  90.0	8.158353e-005	9.413883e+000
thr	-160.0	  90.0	1.871133e-004	8.583796e+000
thr	-150.0	  90.0	3.690732e-004	7.904515e+000
thr	-140.0	  90.0	6.083275e-004	7.404797e+000
thr	-130.0	  90.0	8.285325e-004	7.095855e+000
thr	-120.0	  90.0	9.392287e-004	6.970452e+000
thr	-110.0	  90.0	9.124799e-004	6.999344e+000
thr	-100.0	  90.0	7.949144e-004	7.137276e+000
thr	 -90.0	  90.0	6.427220e-004	7.349798e+000
thr	 -80.0	  90.0	4.821928e-004	7.637167e+000
thr	 -70.0	  90.0	3.266638e-004	8.026579e+000
thr	 -60.0	  90.0	1.967163e-004	8.533748e+000
thr	 -50.0	  90.0	1.062143e-004	9.150052e+000
thr	 -40.0	  90.0	5.050812e-005	9.893376e+000
thr	 -30.0	  90.0	2.098107e-005	1.077189e+001
thr	 -20.0	  90.0	9.520791e-006	1.156203e+001
thr	 -10.0	  90.0	7.829582e-006	1.175760e+001
thr	   0.0	  90.0	1.075904e-005	1.143976e+001
thr	  10.0	  90.0	1.639719e-005	1.101840e+001
thr	  20.0	  90.0	2.386426e-005	1.064313e+001
thr	  30.0	  90.0	3.184150e-005	1.035474e+001
thr	  40.0	  90.0	3.825430e-005	1.017125e+001
thr	  50.0	  90.0	4.097073e-005	1.010265e+001
thr	  60.0	  90.0	3.899896e-005	1.015198e+001
thr	  70.0	  90.0	3.314645e-005	1.031457e+001
thr	  80.0	  90.0	2.548173e-005	1.057755e+001
thr	  90.0	  90.0	1.809218e-005	1.092003e+001
thr	 100.0	  90.0	1.218924e-005	1.131496e+001
thr	 110.0	  90.0	8.029779e-006	1.173235e+001
thr	 120.0	  90.0	5.334402e-006	1.214133e+001
thr	 130.0	  90.0	3.719141e-006	1.250202e+001
thr	 140.0	  90.0	2.955393e-006	1.273188e+001
thr	 150.0	  90.0	3.171292e-006	1.266137e+001
thr	 160.0	  90.0	5.300604e-006	1.214769e+001
thr	 170.0	  90.0	1.232810e-005	1.130363e+001
thr	-180.0	 100.0	3.543114e-005	1.024792e+001
thr	-170.0	 100.0	8.639609e-005	9.356568e+000
thr	-160.0	 100.0	2.008119e-004	8.513142e+000
thr	-150.0	 100.0	4.193411e-004	7.776826e+000
thr	-140.0	 100.0	7.504238e-004	7.194872e+000
thr	-130.0	 100.0	1.119000e-003	6.795320e+000
thr	-120.0	 100.0	1.387405e-003	6.580320e+000
thr	-110.0	 100.0	1.472194e-003	6.521002e+000
thr	-100.0	 100.0	1.404767e-003	6.567884e+000
thr	 -90.0	 100.0	1.257469e-003	6.678654e+000
thr	 -80.0	 100.0	1.066962e-003	6.842940e+000
thr	 -70.0	 100.0	8.387712e-004	7.083573e+000
thr	 -60.0	 100.0	5.932973e-004	7.429815e+000
thr	 -50.0	 100.0	3.588696e-004	7.932551e+000
thr	 -40.0	 100.0	1.700989e-004	8.679131e+000
thr	 -30.0	 100.0	5.993455e-005	9.722257e+000
thr	 -20.0	 100.0	1.744306e-005	1.095657e+001
thr	 -10.0	 100.0	7.502783e-006	1.180024e+001
thr	   0.0	 100.0	7.874755e-006	1.175185e+001
thr	  10.0	 100.0	1.137840e-005	1.138379e+001
thr	  20.0	 100.0	1.624181e-005	1.102792e+001
thr	  30.0	 100.0	2.144787e-005	1.074989e+001
thr	  40.0	 100.0	2.570078e-005	1.056899e+001
thr	  50.0	 100.0	2.769783e-005	1.049416e+001
thr	  60.0	 100.0	2.680552e-005	1.052690e+001
thr	  70.0	 100.0	2.344627e-005	1.066080e+001
thr	  80.0	 100.0	1.880424e-005	1.088143e+001
thr	  90.0	 100.0	1.412105e-005	1.116784e+001
thr	 100.0	 100.0	1.017352e-005	1.149572e+001
thr	 110.0	 100.0	7.206601e-006	1.184051e+001
thr	 120.0	 100.0	5.154616e-006	1.217562e+001
thr	 130.0	 100.0	3.889023e-006	1.245735e+001
thr	 140.0	 100.0	3.400199e-006	1.259168e+001
thr	 150.0	 100.0	4.002825e-006	1.242851e+001
thr	 160.0	 100.0	6.788790e-006	1.190024e+001
thr	 170.0	 100.0	1.474563e-005	1.112456e+001
thr	-180.0	 110.0	5.150404e-005	9.873850e+000
thr	-170.0	 110.0	1.216722e-004	9.014180e+000
thr	-160.0	 110.0	2.818091e-004	8.174281e+000
thr	-150.0	 110.0	6.007618e-004	7.417312e+000
thr	-140.0	 110.0	1.109338e-003	6.803992e+000
thr	-130.0	 110.0	1.700453e-003	6.376861e+000
thr	-120.0	 110.0	2.153907e-003	6.140472e+000
thr	-110.0	 110.0	2.354134e-003	6.051583e+000
thr	-100.0	 110.0	2.389315e-003	6.036749e+000
thr	 -90.0	 110.0	2.401838e-003	6.031521e+000
thr	 -80.0	 110.0	2.418615e-003	6.024560e+000
thr	 -70.0	 110.0	2.328036e-003	6.062730e+000
thr	 -60.0	 110.0	1.962651e-003	6.233459e+000
thr	 -50.0	 110.0	1.280095e-003	6.660821e+000
thr	 -40.0	 110.0	5.863070e-004	7.441667e+000
thr	 -30.0	 110.0	1.833312e-004	8.604216e+000
thr	 -20.0	 110.0	4.124743e-005	1.009592e+001
thr	 -10.0	 110.0	9.685927e-006	1.154484e+001
thr	   0.0	 110.0	6.128095e-006	1.200263e+001
thr	  10.0	 110.0	7.977547e-006	1.173888e+001
thr	  20.0	 110.0	1.112450e-005	1.140636e+001
thr	  30.0	 110.0	1.457492e-005	1.113621e+001
thr	  40.0	 110.0	1.752770e-005	1.095173e+001
thr	  50.0	 110.0	1.920201e-005	1.086050e+001
thr	  60.0	 110.0	1.916394e-005	1.086248e+001
thr	  70.0	 110.0	1.754921e-005	1.095050e+001
thr	  80.0	 110.0	1.494174e-005	1.111135e+001
thr	  90.0	 110.0	1.202688e-005	1.132837e+001
thr	 100.0	 110.0	9.311655e-006	1.158424e+001
thr	 110.0	 110.0	7.060676e-006	1.186097e+001
thr	 120.0	 110.0	5.384826e-006	1.213193e+001
thr	 130.0	 110.0	4.373748e-006	1.233989e+001
thr	 140.0	 110.0	4.254345e-006	1.236757e+001
thr	 150.0	 110.0	5.677085e-006	1.207907e+001
thr	 160.0	 110.0	1.033973e-005	1.147952e+001
thr	 170.0	 110.0	2.233286e-005	1.070945e+001
thr	-180.0	 120.0	9.997726e-005	9.210568e+000
thr	-170.0	 120.0	2.372267e-004	8.346494e+000
thr	-160.0	 120.0	5.250735e-004	7.551972e+000
thr	-150.0	 120.0	1.042286e-003	6.866339e+000
thr	-140.0	 120.0	1.804233e-003	6.317620e+000
thr	-130.0	 120.0	2.622886e-003	5.943480e+000
thr	-120.0	 120.0	3.168664e-003	5.754445e+000
thr	-110.0	 120.0	3.359329e-003	5.696014e+000
thr	-100.0	 120.0	3.480464e-003	5.660590e+000
thr	 -90.0	 120.0	3.869560e-003	5.554615e+000
thr	 -80.0	 120.0	4.579620e-003	5.386139e+000
thr	 -70.0	 120.0	5.216955e-003	5.255841e+000
thr	 -60.0	 120.0	4.906040e-003	5.317288e+000
thr	 -50.0	 120.0	3.265452e-003	5.724357e+000
thr	 -40.0	 120.0	1.426063e-003	6.552838e+000
thr	 -30.0	 120.0	4.080167e-004	7.804202e+000
thr	 -20.0	 120.0	7.981467e-005	9.435803e+000
thr	 -10.0	 120.0	1.357793e-005	1.120707e+001
thr	   0.0	 120.0	5.338097e-006	1.214064e+001
thr	  10.0	 120.0	6.076705e-006	1.201105e+001
thr	  20.0	 120.0	8.290951e-006	1.170035e+001
thr	  30.0	 120.0	1.084290e-005	1.143200e+001
thr	  40.0	 120.0	1.319813e-005	1.123544e+001
thr	  50.0	 120.0	1.484981e-005	1.111752e+001
thr	  60.0	 120.0	1.544266e-005	1.107838e+001
thr	  70.0	 120.0	1.491548e-005	1.111311e+001
thr	  80.0	 120.0	1.349120e-005	1.121347e+001
thr	  90.0	 120.0	1.154002e-005	1.136969e+001
thr	 100.0	 120.0	9.437005e-006	1.157087e+001
thr	 110.0	 120.0	7.494923e-006	1.180128e+001
thr	 120.0	 120.0	5.976164e-006	1.202773e+001
thr	 130.0	 120.0	5.176634e-006	1.217136e+001
thr	 140.0	 120.0	5.640858e-006	1.208547e+001
thr	 150.0	 120.0	8.713671e-006	1.165062e+001
thr	 160.0	 120.0	1.785177e-005	1.093341e+001
thr	 170.0	 120.0	4.151923e-005	1.008935e+001
thr	-180.0	 130.0	2.118485e-004	8.459639e+000
thr	-170.0	 130.0	5.154127e-004	7.570543e+000
thr	-160.0	 130.0	1.080359e-003	6.830462e+000
thr	-150.0	 130.0	1.921562e-003	6.254617e+000
thr	-140.0	 130.0	2.947931e-003	5.826652e+000
thr	-130.0	 130.0	3.830131e-003	5.564856e+000
thr	-120.0	 130.0	4.169398e-003	5.479984e+000
thr	-110.0	 130.0	4.066427e-003	5.504990e+000
thr	-100.0	 130.0	4.095841e-003	5.497783e+000
thr	 -90.0	 130.0	4.814116e-003	5.336203e+000
thr	 -80.0	 130.0	6.341251e-003	5.060679e+000
thr	 -70.0	 130.0	7.926577e-003	4.837534e+000
thr	 -60.0	 130.0	7.729468e-003	4.862715e+000
thr	 -50.0	 130.0	5.063265e-003	5.285744e+000
thr	 -40.0	 130.0	2.108585e-003	6.161738e+000
thr	 -30.0	 130.0	5.659073e-004	7.477080e+000
thr	 -20.0	 130.0	1.022097e-004	9.188484e+000
thr	 -10.0	 130.0	1.525030e-005	1.109091e+001
thr	   0.0	 130.0	4.927306e-006	1.222072e+001
thr	  10.0	 130.0	5.258571e-006	1.215565e+001
thr	  20.0	 130.0	7.109987e-006	1.185401e+001
thr	  30.0	 130.0	9.342292e-006	1.158096e+001
thr	  40.0	 130.0	1.155819e-005	1.136812e+001
thr	  50.0	 130.0	1.336600e-005	1.122280e+001
thr	  60.0	 130.0	1.441507e-005	1.114724e+001
thr	  70.0	 130.0	1.451170e-005	1.114056e+001
thr	  80.0	 130.0	1.367916e-005	1.119964e+001
thr	  90.0	 130.0	1.213437e-005	1.131947e+001
thr	 100.0	 130.0	1.021389e-005	1.149176e+001
thr	 110.0	 130.0	8.299396e-006	1.169933e+001
thr	 120.0	 130.0	6.791722e-006	1.189981e+001
thr	 130.0	 130.0	6.201340e-006	1.199075e+001
thr	 140.0	 130.0	7.521812e-006	1.179770e+001
thr	 150.0	 130.0	1.337867e-005	1.122185e+001
thr	 160.0	 130.0	3.116468e-005	1.037623e+001
thr	 170.0	 130.0	8.087251e-005	9.422637e+000
thr	-180.0	 140.0	3.943494e-004	7.838273e+000
thr	-170.0	 140.0	9.851307e-004	6.922736e+000
thr	-160.0	 140.0	2.028928e-003	6.200247e+000
thr	-150.0	 140.0	3.456370e-003	5.667536e+000
thr	-140.0	 140.0	4.969608e-003	5.304414e+000
thr	-130.0	 140.0	5.816272e-003	5.147096e+000
thr	-120.0	 140.0	5.484645e-003	5.205803e+000
thr	-110.0	 140.0	4.632162e-003	5.374732e+000
thr	-100.0	 140.0	4.243801e-003	5.462296e+000
thr	 -90.0	 140.0	4.887233e-003	5.321129e+000
thr	 -80.0	 140.0	6.531899e-003	5.031058e+000
thr	 -70.0	 140.0	8.091659e-003	4.816922e+000
thr	 -60.0	 140.0	7.553179e-003	4.885787e+000
thr	 -50.0	 140.0	4.670780e-003	5.366429e+000
thr	 -40.0	 140.0	1.836722e-003	6.299773e+000
thr	 -30.0	 140.0	4.681685e-004	7.666682e+000
thr	 -20.0	 140.0	8.129882e-005	9.417379e+000
thr	 -10.0	 140.0	1.224698e-005	1.131023e+001
thr	   0.0	 140.0	4.530092e-006	1.230477e+001
thr	  10.0	 140.0	5.103652e-006	1.218555e+001
thr	  20.0	 140.0	6.934814e-006	1.187896e+001
thr	  30.0	 140.0	9.166578e-006	1.159995e+001
thr	  40.0	 140.0	1.147829e-005	1.137505e+001
thr	  50.0	 140.0	1.350827e-005	1.121221e+001
thr	  60.0	 140.0	1.487589e-005	1.111577e+001
thr	  70.0	 140.0	1.529891e-005	1.108773e+001
thr	  80.0	 140.0	1.469780e-005	1.112781e+001
thr	  90.0	 140.0	1.323034e-005	1.123300e+001
thr	 100.0	 140.0	1.124616e-005	1.139548e+001
thr	 110.0	 140.0	9.201947e-006	1.159610e+001
thr	 120.0	 140.0	7.619600e-006	1.178479e+001
thr	 130.0	 140.0	7.215940e-006	1.183922e+001
thr	 140.0	 140.0	9.509405e-006	1.156323e+001
thr	 150.0	 140.0	1.888452e-005	1.087717e+001
thr	 160.0	 140.0	4.892501e-005	9.925222e+000
thr	 170.0	 140.0	1.399437e-004	8.874270e+000
thr	-180.0	 150.0	5.617334e-004	7.484483e+000
thr	-170.0	 150.0	1.433195e-003	6.547849e+000
thr	-160.0	 150.0	3.022766e-003	5.801583e+000
thr	-150.0	 150.0	5.397752e-003	5.221773e+000
thr	-140.0	 150.0	8.070902e-003	4.819490e+000
thr	-130.0	 150.0	9.242350e-003	4.683959e+000
thr	-120.0	 150.0	7.938595e-003	4.836019e+000
thr	-110.0	 150.0	5.876070e-003	5.136867e+000
thr	-100.0	 150.0	4.791785e-003	5.340852e+000
thr	 -90.0	 150.0	5.100550e-003	5.278407e+000
thr	 -80.0	 150.0	6.212689e-003	5.081161e+000
thr	 -70.0	 150.0	6.687935e-003	5.007450e+000
thr	 -60.0	 150.0	5.320997e-003	5.236095e+000
thr	 -50.0	 150.0	2.860888e-003	5.856623e+000
thr	 -40.0	 150.0	1.015857e-003	6.892022e+000
thr	 -30.0	 150.0	2.434334e-004	8.320667e+000
thr	 -20.0	 150.0	4.212667e-005	1.007483e+001
thr	 -10.0	 150.0	7.664431e-006	1.177892e+001
thr	   0.0	 150.0	4.253306e-006	1.236781e+001
thr	  10.0	 150.0	5.305311e-006	1.214680e+001
thr	  20.0	 150.0	7.260637e-006	1.183304e+001
thr	  30.0	 150.0	9.615066e-006	1.155218e+001
thr	  40.0	 150.0	1.208800e-005	1.132330e+001
thr	  50.0	 150.0	1.431098e-005	1.115448e+001
thr	  60.0	 150.0	1.586770e-005	1.105122e+001
thr	  70.0	 150.0	1.642233e-005	1.101687e+001
thr	  80.0	 150.0	1.585021e-005	1.105233e+001
thr	  90.0	 150.0	1.429892e-005	1.115533e+001
thr	 100.0	 150.0	1.214989e-005	1.131819e+001
thr	 110.0	 150.0	9.921583e-006	1.152080e+001
thr	 120.0	 150.0	8.218919e-006	1.170907e+001
thr	 130.0	 150.0	7.897455e-006	1.174897e+001
thr	 140.0	 150.0	1.085617e-005	1.143078e+001
thr	 150.0	 150.0	2.288354e-005	1.068509e+001
thr	 160.0	 150.0	6.304859e-005	9.671605e+000
thr	 170.0	 150.0	1.911969e-004	8.562207e+000
thr	-180.0	 160.0	5.824335e-004	7.448295e+000
thr	-170.0	 160.0	1.509554e-003	6.495941e+000
thr	-160.0	 160.0	3.340443e-003	5.701652e+000
thr	-150.0	 160.0	6.495983e-003	5.036571e+000
thr	-140.0	 160.0	1.040024e-002	4.565927e+000
thr	-130.0	 160.0	1.205575e-002	4.418214e+000
thr	-120.0	 160.0	1.001860e-002	4.603312e+000
thr	-110.0	 160.0	7.078286e-003	4.950724e+000
thr	-100.0	 160.0	5.555443e-003	5.192977e+000
thr	 -90.0	 160.0	5.606283e-003	5.183867e+000
thr	 -80.0	 160.0	6.077576e-003	5.103149e+000
thr	 -70.0	 160.0	5.415912e-003	5.218414e+000
thr	 -60.0	 160.0	3.424863e-003	5.676694e+000
thr	 -50.0	 160.0	1.469866e-003	6.522584e+000
thr	 -40.0	 160.0	4.364502e-004	7.736836e+000
thr	 -30.0	 160.0	9.470680e-005	9.264725e+000
thr	 -20.0	 160.0	1.721355e-005	1.096981e+001
thr	 -10.0	 160.0	4.853086e-006	1.223590e+001
thr	   0.0	 160.0	4.231908e-006	1.237286e+001
thr	  10.0	 160.0	5.656267e-006	1.208275e+001
thr	  20.0	 160.0	7.745494e-006	1.176840e+001
thr	  30.0	 160.0	1.021547e-005	1.149161e+001
thr	  40.0	 160.0	1.279873e-005	1.126616e+001
thr	  50.0	 160.0	1.511273e-005	1.109997e+001
thr	  60.0	 160.0	1.671980e-005	1.099892e+001
thr	  70.0	 160.0	1.726437e-005	1.096687e+001
thr	  80.0	 160.0	1.661463e-005	1.100523e+001
thr	  90.0	 160.0	1.493029e-005	1.111212e+001
thr	 100.0	 160.0	1.262045e-005	1.128019e+001
thr	 110.0	 160.0	1.023494e-005	1.148970e+001
thr	 120.0	 160.0	8.402854e-006	1.168694e+001
thr	 130.0	 160.0	7.993456e-006	1.173689e+001
thr	 140.0	 160.0	1.091549e-005	1.142533e+001
thr	 150.0	 160.0	2.302667e-005	1.067886e+001
thr	 160.0	 160.0	6.397079e-005	9.657084e+000
thr	 170.0	 160.0	1.963195e-004	8.535767e+000
thr	-180.0	 170.0	4.563328e-004	7.692288e+000
thr	-170.0	 170.0	1.189291e-003	6.734398e+000
thr	-160.0	 170.0	2.740698e-003	5.899543e+000
thr	-150.0	 170.0	5.646234e-003	5.176767e+000
thr	-140.0	 170.0	9.321774e-003	4.675402e+000
thr	-130.0	 170.0	1.077328e-002	4.530686e+000
thr	-120.0	 170.0	8.842033e-003	4.728238e+000
thr	-110.0	 170.0	6.325526e-003	5.063162e+000
thr	-100.0	 170.0	5.116152e-003	5.275353e+000
thr	 -90.0	 170.0	5.049194e-003	5.288527e+000
thr	 -80.0	 170.0	5.012436e-003	5.295833e+000
thr	 -70.0	 170.0	3.911964e-003	5.543716e+000
thr	 -60.0	 170.0	2.095993e-003	6.167728e+000
thr	 -50.0	 170.0	7.471465e-004	7.199249e+000
thr	 -40.0	 170.0	1.859842e-004	8.589849e+000
thr	 -30.0	 170.0	3.654830e-005	1.021688e+001
thr	 -20.0	 170.0	7.765752e-006	1.176579e+001
thr	 -10.0	 170.0	3.849007e-006	1.246770e+001
thr	   0.0	 170.0	4.400743e-006	1.233374e+001
thr	  10.0	 170.0	6.028704e-006	1.201898e+001
thr	  20.0	 170.0	8.194354e-006	1.171207e+001
thr	  30.0	 170.0	1.070031e-005	1.144524e+001
thr	  40.0	 170.0	1.327751e-005	1.122944e+001
thr	  50.0	 170.0	1.553859e-005	1.107218e+001
thr	  60.0	 170.0	1.705068e-005	1.097932e+001
thr	  70.0	 170.0	1.747312e-005	1.095485e+001
thr	  80.0	 170.0	1.669501e-005	1.100040e+001
thr	  90.0	 170.0	1.489603e-005	1.111442e+001
thr	 100.0	 170.0	1.249599e-005	1.129010e+001
thr	 110.0	 170.0	1.003792e-005	1.150914e+001
thr	 120.0	 170.0	8.113791e-006	1.172195e+001
thr	 130.0	 170.0	7.485304e-006	1.180257e+001
thr	 140.0	 170.0	9.723107e-006	1.154101e+001
thr	 150.0	 170.0	1.950457e-005	1.084486e+001
thr	 160.0	 170.0	5.228069e-005	9.858884e+000
thr	 170.0	 170.0	1.563557e-004	8.763377e+000
