trp	-180.0	-180.0	5.688640e-004	7.471869e+000
trp	-170.0	-180.0	1.004312e-003	6.903452e+000
trp	-160.0	-180.0	1.367239e-003	6.594962e+000
trp	-150.0	-180.0	1.454308e-003	6.533225e+000
trp	-140.0	-180.0	1.290265e-003	6.652908e+000
trp	-130.0	-180.0	1.062889e-003	6.846764e+000
trp	-120.0	-180.0	9.011507e-004	7.011838e+000
trp	-110.0	-180.0	8.524400e-004	7.067408e+000
trp	-100.0	-180.0	9.174822e-004	6.993877e+000
trp	 -90.0	-180.0	1.031658e-003	6.876588e+000
trp	 -80.0	-180.0	1.044557e-003	6.864162e+000
trp	 -70.0	-180.0	8.291924e-004	7.095058e+000
trp	 -60.0	-180.0	4.764030e-004	7.649246e+000
trp	 -50.0	-180.0	1.913533e-004	8.561389e+000
trp	 -40.0	-180.0	5.400172e-005	9.826495e+000
trp	 -30.0	-180.0	1.193633e-005	1.133592e+001
trp	 -20.0	-180.0	3.061766e-006	1.269652e+001
trp	 -10.0	-180.0	1.590697e-006	1.335134e+001
trp	   0.0	-180.0	1.704272e-006	1.328237e+001
trp	  10.0	-180.0	2.737835e-006	1.280834e+001
trp	  20.0	-180.0	4.815753e-006	1.224362e+001
trp	  30.0	-180.0	7.817868e-006	1.175910e+001
trp	  40.0	-180.0	1.095011e-005	1.142216e+001
trp	  50.0	-180.0	1.293775e-005	1.125536e+001
trp	  60.0	-180.0	1.290735e-005	1.125771e+001
trp	  70.0	-180.0	1.109146e-005	1.140933e+001
trp	  80.0	-180.0	8.522730e-006	1.167277e+001
trp	  90.0	-180.0	6.152120e-006	1.199871e+001
trp	 100.0	-180.0	4.388784e-006	1.233646e+001
trp	 110.0	-180.0	3.290162e-006	1.262457e+001
trp	 120.0	-180.0	3.010025e-006	1.271356e+001
trp	 130.0	-180.0	4.408242e-006	1.233203e+001
trp	 140.0	-180.0	1.056966e-005	1.145752e+001
trp	 150.0	-180.0	3.141724e-005	1.036815e+001
trp	 160.0	-180.0	9.433018e-005	9.268709e+000
trp	 170.0	-180.0	2.542961e-004	8.277011e+000
trp	-180.0	-170.0	3.506963e-004	7.955590e+000
trp	-170.0	-170.0	5.819305e-004	7.449160e+000
trp	-160.0	-170.0	7.450511e-004	7.202058e+000
trp	-150.0	-170.0	7.362968e-004	7.213877e+000
trp	-140.0	-170.0	5.914443e-004	7.432943e+000
trp	-130.0	-170.0	4.392038e-004	7.730547e+000
trp	-120.0	-170.0	3.536596e-004	7.947176e+000
trp	-110.0	-170.0	3.291315e-004	8.019053e+000
trp	-100.0	-170.0	3.419149e-004	7.980949e+000
trp	 -90.0	-170.0	3.683972e-004	7.906349e+000
trp	 -80.0	-170.0	3.613554e-004	7.925649e+000
trp	 -70.0	-170.0	2.798757e-004	8.181165e+000
trp	 -60.0	-170.0	1.585579e-004	8.749390e+000
trp	 -50.0	-170.0	6.503471e-005	9.640589e+000
trp	 -40.0	-170.0	2.047032e-005	1.079653e+001
trp	 -30.0	-170.0	6.156761e-006	1.199796e+001
trp	 -20.0	-170.0	2.669675e-006	1.283355e+001
trp	 -10.0	-170.0	2.129684e-006	1.305954e+001
trp	   0.0	-170.0	2.988574e-006	1.272071e+001
trp	  10.0	-170.0	5.570413e-006	1.209804e+001
trp	  20.0	-170.0	1.045417e-005	1.146851e+001
trp	  30.0	-170.0	1.739689e-005	1.095922e+001
trp	  40.0	-170.0	2.446789e-005	1.061815e+001
trp	  50.0	-170.0	2.859565e-005	1.046226e+001
trp	  60.0	-170.0	2.778528e-005	1.049100e+001
trp	  70.0	-170.0	2.281850e-005	1.068794e+001
trp	  80.0	-170.0	1.639025e-005	1.101882e+001
trp	  90.0	-170.0	1.084679e-005	1.143164e+001
trp	 100.0	-170.0	7.040379e-006	1.186385e+001
trp	 110.0	-170.0	4.800844e-006	1.224672e+001
trp	 120.0	-170.0	3.878846e-006	1.245997e+001
trp	 130.0	-170.0	4.701314e-006	1.226767e+001
trp	 140.0	-170.0	9.432039e-006	1.157140e+001
trp	 150.0	-170.0	2.473707e-005	1.060721e+001
trp	 160.0	-170.0	6.746232e-005	9.603941e+000
trp	 170.0	-170.0	1.679228e-004	8.692006e+000
trp	-180.0	-160.0	1.777940e-004	8.634885e+000
trp	-170.0	-160.0	2.754180e-004	8.197221e+000
trp	-160.0	-160.0	3.338092e-004	8.004941e+000
trp	-150.0	-160.0	3.165922e-004	8.057896e+000
trp	-140.0	-160.0	2.471207e-004	8.305634e+000
trp	-130.0	-160.0	1.800587e-004	8.622228e+000
trp	-120.0	-160.0	1.419539e-004	8.860008e+000
trp	-110.0	-160.0	1.260488e-004	8.978841e+000
trp	-100.0	-160.0	1.212387e-004	9.017749e+000
trp	 -90.0	-160.0	1.203609e-004	9.025016e+000
trp	 -80.0	-160.0	1.117328e-004	9.099401e+000
trp	 -70.0	-160.0	8.538177e-005	9.368378e+000
trp	 -60.0	-160.0	5.003274e-005	9.902833e+000
trp	 -50.0	-160.0	2.293661e-005	1.068278e+001
trp	 -40.0	-160.0	9.382715e-006	1.157664e+001
trp	 -30.0	-160.0	4.345329e-006	1.234641e+001
trp	 -20.0	-160.0	2.815230e-006	1.278047e+001
trp	 -10.0	-160.0	3.008183e-006	1.271417e+001
trp	   0.0	-160.0	5.203916e-006	1.216610e+001
trp	  10.0	-160.0	1.070323e-005	1.144497e+001
trp	  20.0	-160.0	2.084769e-005	1.077827e+001
trp	  30.0	-160.0	3.514018e-005	1.025617e+001
trp	  40.0	-160.0	4.948510e-005	9.913839e+000
trp	  50.0	-160.0	5.742776e-005	9.764983e+000
trp	  60.0	-160.0	5.491382e-005	9.809745e+000
trp	  70.0	-160.0	4.384017e-005	1.003496e+001
trp	  80.0	-160.0	3.008656e-005	1.041143e+001
trp	  90.0	-160.0	1.862748e-005	1.089087e+001
trp	 100.0	-160.0	1.111144e-005	1.140753e+001
trp	 110.0	-160.0	6.889524e-006	1.188551e+001
trp	 120.0	-160.0	4.918539e-006	1.222250e+001
trp	 130.0	-160.0	4.874924e-006	1.223141e+001
trp	 140.0	-160.0	7.785518e-006	1.176325e+001
trp	 150.0	-160.0	1.718765e-005	1.097132e+001
trp	 160.0	-160.0	4.122101e-005	1.009656e+001
trp	 170.0	-160.0	9.258494e-005	9.287384e+000
trp	-180.0	-150.0	8.151114e-005	9.414771e+000
trp	-170.0	-150.0	1.178930e-004	9.045733e+000
trp	-160.0	-150.0	1.372242e-004	8.893894e+000
trp	-150.0	-150.0	1.294827e-004	8.951963e+000
trp	-140.0	-150.0	1.048566e-004	9.162917e+000
trp	-130.0	-150.0	8.112684e-005	9.419497e+000
trp	-120.0	-150.0	6.576587e-005	9.629410e+000
trp	-110.0	-150.0	5.658032e-005	9.779849e+000
trp	-100.0	-150.0	5.063691e-005	9.890830e+000
trp	 -90.0	-150.0	4.597073e-005	9.987506e+000
trp	 -80.0	-150.0	3.974863e-005	1.013294e+001
trp	 -70.0	-150.0	3.012880e-005	1.041003e+001
trp	 -60.0	-150.0	1.930948e-005	1.085491e+001
trp	 -50.0	-150.0	1.097303e-005	1.142007e+001
trp	 -40.0	-150.0	6.172619e-006	1.199539e+001
trp	 -30.0	-150.0	3.857528e-006	1.246548e+001
trp	 -20.0	-150.0	3.143477e-006	1.267018e+001
trp	 -10.0	-150.0	4.198206e-006	1.238085e+001
trp	   0.0	-150.0	8.388318e-006	1.168867e+001
trp	  10.0	-150.0	1.823133e-005	1.091237e+001
trp	  20.0	-150.0	3.616844e-005	1.022732e+001
trp	  30.0	-150.0	6.130060e-005	9.699721e+000
trp	  40.0	-150.0	8.630444e-005	9.357629e+000
trp	  50.0	-150.0	9.973222e-005	9.213022e+000
trp	  60.0	-150.0	9.453958e-005	9.266492e+000
trp	  70.0	-150.0	7.433027e-005	9.506992e+000
trp	  80.0	-150.0	4.971189e-005	9.909266e+000
trp	  90.0	-150.0	2.953164e-005	1.043005e+001
trp	 100.0	-150.0	1.659694e-005	1.100629e+001
trp	 110.0	-150.0	9.539891e-006	1.156003e+001
trp	 120.0	-150.0	6.156505e-006	1.199800e+001
trp	 130.0	-150.0	5.140719e-006	1.217832e+001
trp	 140.0	-150.0	6.461666e-006	1.194962e+001
trp	 150.0	-150.0	1.153079e-005	1.137049e+001
trp	 160.0	-150.0	2.353970e-005	1.065682e+001
trp	 170.0	-150.0	4.668565e-005	9.972074e+000
trp	-180.0	-140.0	3.904631e-005	1.015076e+001
trp	-170.0	-140.0	5.334259e-005	9.838776e+000
trp	-160.0	-140.0	6.141537e-005	9.697850e+000
trp	-150.0	-140.0	6.047417e-005	9.713294e+000
trp	-140.0	-140.0	5.380615e-005	9.830123e+000
trp	-130.0	-140.0	4.649622e-005	9.976140e+000
trp	-120.0	-140.0	4.062828e-005	1.011105e+001
trp	-110.0	-140.0	3.581872e-005	1.023704e+001
trp	-100.0	-140.0	3.151504e-005	1.036505e+001
trp	 -90.0	-140.0	2.729070e-005	1.050896e+001
trp	 -80.0	-140.0	2.258283e-005	1.069832e+001
trp	 -70.0	-140.0	1.728699e-005	1.096556e+001
trp	 -60.0	-140.0	1.215453e-005	1.131781e+001
trp	 -50.0	-140.0	8.063388e-006	1.172818e+001
trp	 -40.0	-140.0	5.290274e-006	1.214964e+001
trp	 -30.0	-140.0	3.733809e-006	1.249808e+001
trp	 -20.0	-140.0	3.507693e-006	1.256055e+001
trp	 -10.0	-140.0	5.478021e-006	1.211477e+001
trp	   0.0	-140.0	1.186222e-005	1.134215e+001
trp	  10.0	-140.0	2.644262e-005	1.054053e+001
trp	  20.0	-140.0	5.282546e-005	9.848517e+000
trp	  30.0	-140.0	8.965183e-005	9.319577e+000
trp	  40.0	-140.0	1.261158e-004	8.978310e+000
trp	  50.0	-140.0	1.454289e-004	8.835823e+000
trp	  60.0	-140.0	1.373677e-004	8.892849e+000
trp	  70.0	-140.0	1.073585e-004	9.139337e+000
trp	  80.0	-140.0	7.104330e-005	9.552221e+000
trp	  90.0	-140.0	4.141528e-005	1.009186e+001
trp	 100.0	-140.0	2.256305e-005	1.069920e+001
trp	 110.0	-140.0	1.239493e-005	1.129822e+001
trp	 120.0	-140.0	7.498049e-006	1.180087e+001
trp	 130.0	-140.0	5.587313e-006	1.209501e+001
trp	 140.0	-140.0	5.800368e-006	1.205759e+001
trp	 150.0	-140.0	8.364015e-006	1.169157e+001
trp	 160.0	-140.0	1.428185e-005	1.115652e+001
trp	 170.0	-140.0	2.467622e-005	1.060967e+001
trp	-180.0	-130.0	2.294899e-005	1.068224e+001
trp	-170.0	-130.0	3.028781e-005	1.040477e+001
trp	-160.0	-130.0	3.567924e-005	1.024094e+001
trp	-150.0	-130.0	3.805350e-005	1.017652e+001
trp	-140.0	-130.0	3.809575e-005	1.017541e+001
trp	-130.0	-130.0	3.701642e-005	1.020415e+001
trp	-120.0	-130.0	3.525489e-005	1.025291e+001
trp	-110.0	-130.0	3.264795e-005	1.032973e+001
trp	-100.0	-130.0	2.910985e-005	1.044443e+001
trp	 -90.0	-130.0	2.478841e-005	1.060513e+001
trp	 -80.0	-130.0	1.998362e-005	1.082060e+001
trp	 -70.0	-130.0	1.515764e-005	1.109701e+001
trp	 -60.0	-130.0	1.084956e-005	1.143139e+001
trp	 -50.0	-130.0	7.442907e-006	1.180825e+001
trp	 -40.0	-130.0	5.066273e-006	1.219291e+001
trp	 -30.0	-130.0	3.760857e-006	1.249086e+001
trp	 -20.0	-130.0	3.836739e-006	1.247089e+001
trp	 -10.0	-130.0	6.437460e-006	1.195338e+001
trp	   0.0	-130.0	1.430199e-005	1.115511e+001
trp	  10.0	-130.0	3.202494e-005	1.034900e+001
trp	  20.0	-130.0	6.394144e-005	9.657543e+000
trp	  30.0	-130.0	1.083789e-004	9.129877e+000
trp	  40.0	-130.0	1.523265e-004	8.789484e+000
trp	  50.0	-130.0	1.756350e-004	8.647102e+000
trp	  60.0	-130.0	1.660333e-004	8.703322e+000
trp	  70.0	-130.0	1.299715e-004	8.948195e+000
trp	  80.0	-130.0	8.616006e-005	9.359304e+000
trp	  90.0	-130.0	5.023884e-005	9.898722e+000
trp	 100.0	-130.0	2.725021e-005	1.051045e+001
trp	 110.0	-130.0	1.478264e-005	1.112206e+001
trp	 120.0	-130.0	8.718092e-006	1.165011e+001
trp	 130.0	-130.0	6.154706e-006	1.199829e+001
trp	 140.0	-130.0	5.723715e-006	1.207089e+001
trp	 150.0	-130.0	7.069797e-006	1.185968e+001
trp	 160.0	-130.0	1.035578e-005	1.147797e+001
trp	 170.0	-130.0	1.578664e-005	1.105635e+001
trp	-180.0	-120.0	1.777042e-005	1.093798e+001
trp	-170.0	-120.0	2.320862e-005	1.067099e+001
trp	-160.0	-120.0	2.839811e-005	1.046919e+001
trp	-150.0	-120.0	3.275609e-005	1.032642e+001
trp	-140.0	-120.0	3.606667e-005	1.023014e+001
trp	-130.0	-120.0	3.813182e-005	1.017446e+001
trp	-120.0	-120.0	3.851585e-005	1.016444e+001
trp	-110.0	-120.0	3.680550e-005	1.020986e+001
trp	-100.0	-120.0	3.301928e-005	1.031842e+001
trp	 -90.0	-120.0	2.771105e-005	1.049368e+001
trp	 -80.0	-120.0	2.176551e-005	1.073518e+001
trp	 -70.0	-120.0	1.608161e-005	1.103783e+001
trp	 -60.0	-120.0	1.130679e-005	1.139011e+001
trp	 -50.0	-120.0	7.728928e-006	1.177054e+001
trp	 -40.0	-120.0	5.348536e-006	1.213869e+001
trp	 -30.0	-120.0	4.098349e-006	1.240493e+001
trp	 -20.0	-120.0	4.214786e-006	1.237691e+001
trp	 -10.0	-120.0	6.823725e-006	1.189510e+001
trp	   0.0	-120.0	1.467663e-005	1.112925e+001
trp	  10.0	-120.0	3.234229e-005	1.033913e+001
trp	  20.0	-120.0	6.408377e-005	9.655319e+000
trp	  30.0	-120.0	1.082404e-004	9.131156e+000
trp	  40.0	-120.0	1.520498e-004	8.791302e+000
trp	  50.0	-120.0	1.757278e-004	8.646575e+000
trp	  60.0	-120.0	1.670583e-004	8.697168e+000
trp	  70.0	-120.0	1.320290e-004	8.932489e+000
trp	  80.0	-120.0	8.876168e-005	9.329556e+000
trp	  90.0	-120.0	5.271130e-005	9.850681e+000
trp	 100.0	-120.0	2.917920e-005	1.044205e+001
trp	 110.0	-120.0	1.611347e-005	1.103585e+001
trp	 120.0	-120.0	9.593688e-006	1.155441e+001
trp	 130.0	-120.0	6.723443e-006	1.190991e+001
trp	 140.0	-120.0	6.008975e-006	1.202226e+001
trp	 150.0	-120.0	6.873293e-006	1.188787e+001
trp	 160.0	-120.0	9.180822e-006	1.159839e+001
trp	 170.0	-120.0	1.289220e-005	1.125889e+001
trp	-180.0	-110.0	1.700652e-005	1.098191e+001
trp	-170.0	-110.0	2.239666e-005	1.070660e+001
trp	-160.0	-110.0	2.849173e-005	1.046590e+001
trp	-150.0	-110.0	3.491248e-005	1.026267e+001
trp	-140.0	-110.0	4.099235e-005	1.010213e+001
trp	-130.0	-110.0	4.564283e-005	9.994664e+000
trp	-120.0	-110.0	4.760618e-005	9.952548e+000
trp	-110.0	-110.0	4.607832e-005	9.985168e+000
trp	-100.0	-110.0	4.120214e-005	1.009702e+001
trp	 -90.0	-110.0	3.406036e-005	1.028738e+001
trp	 -80.0	-110.0	2.621526e-005	1.054917e+001
trp	 -70.0	-110.0	1.906340e-005	1.086774e+001
trp	 -60.0	-110.0	1.338968e-005	1.122103e+001
trp	 -50.0	-110.0	9.348231e-006	1.158032e+001
trp	 -40.0	-110.0	6.734374e-006	1.190829e+001
trp	 -30.0	-110.0	5.296940e-006	1.214838e+001
trp	 -20.0	-110.0	5.077046e-006	1.219078e+001
trp	 -10.0	-110.0	6.949127e-006	1.187689e+001
trp	   0.0	-110.0	1.323433e-005	1.123270e+001
trp	  10.0	-110.0	2.774325e-005	1.049252e+001
trp	  20.0	-110.0	5.396656e-005	9.827146e+000
trp	  30.0	-110.0	9.056949e-005	9.309393e+000
trp	  40.0	-110.0	1.272579e-004	8.969295e+000
trp	  50.0	-110.0	1.479590e-004	8.818575e+000
trp	  60.0	-110.0	1.424041e-004	8.856842e+000
trp	  70.0	-110.0	1.148100e-004	9.072232e+000
trp	  80.0	-110.0	7.944492e-005	9.440447e+000
trp	  90.0	-110.0	4.899991e-005	9.923692e+000
trp	 100.0	-110.0	2.834138e-005	1.047119e+001
trp	 110.0	-110.0	1.633812e-005	1.102201e+001
trp	 120.0	-110.0	1.006874e-005	1.150608e+001
trp	 130.0	-110.0	7.205604e-006	1.184065e+001
trp	 140.0	-110.0	6.448678e-006	1.195164e+001
trp	 150.0	-110.0	7.213946e-006	1.183949e+001
trp	 160.0	-110.0	9.284648e-006	1.158715e+001
trp	 170.0	-110.0	1.257900e-005	1.128348e+001
trp	-180.0	-100.0	1.815467e-005	1.091658e+001
trp	-170.0	-100.0	2.451908e-005	1.061606e+001
trp	-160.0	-100.0	3.259315e-005	1.033141e+001
trp	-150.0	-100.0	4.214959e-005	1.007429e+001
trp	-140.0	-100.0	5.205051e-005	9.863296e+000
trp	-130.0	-100.0	6.012360e-005	9.719108e+000
trp	-120.0	-100.0	6.395531e-005	9.657326e+000
trp	-110.0	-100.0	6.220443e-005	9.685084e+000
trp	-100.0	-100.0	5.538173e-005	9.801261e+000
trp	 -90.0	-100.0	4.562536e-005	9.995047e+000
trp	 -80.0	-100.0	3.567526e-005	1.024105e+001
trp	 -70.0	-100.0	2.745939e-005	1.050280e+001
trp	 -60.0	-100.0	2.124792e-005	1.075925e+001
trp	 -50.0	-100.0	1.624902e-005	1.102748e+001
trp	 -40.0	-100.0	1.206874e-005	1.132489e+001
trp	 -30.0	-100.0	9.044340e-006	1.161337e+001
trp	 -20.0	-100.0	7.452717e-006	1.180693e+001
trp	 -10.0	-100.0	7.720395e-006	1.177165e+001
trp	   0.0	-100.0	1.138755e-005	1.138299e+001
trp	  10.0	-100.0	2.118255e-005	1.076233e+001
trp	  20.0	-100.0	3.956345e-005	1.013760e+001
trp	  30.0	-100.0	6.564094e-005	9.631311e+000
trp	  40.0	-100.0	9.241957e-005	9.289172e+000
trp	  50.0	-100.0	1.087909e-004	9.126083e+000
trp	  60.0	-100.0	1.071590e-004	9.141197e+000
trp	  70.0	-100.0	8.950625e-005	9.321202e+000
trp	  80.0	-100.0	6.500975e-005	9.640973e+000
trp	  90.0	-100.0	4.255580e-005	1.006469e+001
trp	 100.0	-100.0	2.623561e-005	1.054839e+001
trp	 110.0	-100.0	1.602049e-005	1.104164e+001
trp	 120.0	-100.0	1.030867e-005	1.148253e+001
trp	 130.0	-100.0	7.585743e-006	1.178924e+001
trp	 140.0	-100.0	6.890024e-006	1.188544e+001
trp	 150.0	-100.0	7.726917e-006	1.177080e+001
trp	 160.0	-100.0	9.889639e-006	1.152402e+001
trp	 170.0	-100.0	1.333857e-005	1.122485e+001
trp	-180.0	 -90.0	2.021464e-005	1.080910e+001
trp	-170.0	 -90.0	2.849591e-005	1.046575e+001
trp	-160.0	 -90.0	4.003888e-005	1.012566e+001
trp	-150.0	 -90.0	5.485231e-005	9.810866e+000
trp	-140.0	 -90.0	7.110539e-005	9.551347e+000
trp	-130.0	 -90.0	8.488866e-005	9.374170e+000
trp	-120.0	 -90.0	9.188074e-005	9.295019e+000
trp	-110.0	 -90.0	9.001921e-005	9.315487e+000
trp	-100.0	 -90.0	8.101210e-005	9.420912e+000
trp	 -90.0	 -90.0	6.978163e-005	9.570140e+000
trp	 -80.0	 -90.0	6.187637e-005	9.690372e+000
trp	 -70.0	 -90.0	5.920016e-005	9.734586e+000
trp	 -60.0	 -90.0	5.698557e-005	9.772713e+000
trp	 -50.0	 -90.0	4.838805e-005	9.936258e+000
trp	 -40.0	 -90.0	3.407721e-005	1.028688e+001
trp	 -30.0	 -90.0	2.115658e-005	1.076356e+001
trp	 -20.0	 -90.0	1.351104e-005	1.121200e+001
trp	 -10.0	 -90.0	1.024667e-005	1.148856e+001
trp	   0.0	 -90.0	1.060966e-005	1.145375e+001
trp	  10.0	 -90.0	1.571890e-005	1.106065e+001
trp	  20.0	 -90.0	2.700081e-005	1.051964e+001
trp	  30.0	 -90.0	4.391101e-005	1.003335e+001
trp	  40.0	 -90.0	6.224132e-005	9.684491e+000
trp	  50.0	 -90.0	7.507880e-005	9.496972e+000
trp	  60.0	 -90.0	7.705180e-005	9.471033e+000
trp	  70.0	 -90.0	6.816247e-005	9.593616e+000
trp	  80.0	 -90.0	5.314985e-005	9.842395e+000
trp	  90.0	 -90.0	3.757694e-005	1.018912e+001
trp	 100.0	 -90.0	2.487178e-005	1.060178e+001
trp	 110.0	 -90.0	1.601894e-005	1.104174e+001
trp	 120.0	 -90.0	1.062655e-005	1.145216e+001
trp	 130.0	 -90.0	7.920721e-006	1.174603e+001
trp	 140.0	 -90.0	7.240757e-006	1.183578e+001
trp	 150.0	 -90.0	8.176441e-006	1.171425e+001
trp	 160.0	 -90.0	1.056009e-005	1.145843e+001
trp	 170.0	 -90.0	1.445710e-005	1.114432e+001
trp	-180.0	 -80.0	2.279162e-005	1.068912e+001
trp	-170.0	 -80.0	3.407176e-005	1.028704e+001
trp	-160.0	 -80.0	5.109858e-005	9.881754e+000
trp	-150.0	 -80.0	7.435278e-005	9.506689e+000
trp	-140.0	 -80.0	1.010700e-004	9.199697e+000
trp	-130.0	 -80.0	1.246813e-004	8.989750e+000
trp	-120.0	 -80.0	1.378197e-004	8.889564e+000
trp	-110.0	 -80.0	1.376260e-004	8.890971e+000
trp	-100.0	 -80.0	1.294356e-004	8.952327e+000
trp	 -90.0	 -80.0	1.263382e-004	8.976548e+000
trp	 -80.0	 -80.0	1.433558e-004	8.850181e+000
trp	 -70.0	 -80.0	1.817843e-004	8.612690e+000
trp	 -60.0	 -80.0	2.081858e-004	8.477080e+000
trp	 -50.0	 -80.0	1.821993e-004	8.610409e+000
trp	 -40.0	 -80.0	1.168602e-004	9.054533e+000
trp	 -30.0	 -80.0	5.860081e-005	9.744762e+000
trp	 -20.0	 -80.0	2.761731e-005	1.049707e+001
trp	 -10.0	 -80.0	1.531953e-005	1.108638e+001
trp	   0.0	 -80.0	1.141250e-005	1.138080e+001
trp	  10.0	 -80.0	1.266484e-005	1.127668e+001
trp	  20.0	 -80.0	1.906285e-005	1.086777e+001
trp	  30.0	 -80.0	3.016027e-005	1.040899e+001
trp	  40.0	 -80.0	4.350560e-005	1.004262e+001
trp	  50.0	 -80.0	5.479086e-005	9.811987e+000
trp	  60.0	 -80.0	5.986588e-005	9.723404e+000
trp	  70.0	 -80.0	5.716983e-005	9.769484e+000
trp	  80.0	 -80.0	4.835443e-005	9.936953e+000
trp	  90.0	 -80.0	3.681720e-005	1.020955e+001
trp	 100.0	 -80.0	2.575331e-005	1.056695e+001
trp	 110.0	 -80.0	1.707002e-005	1.097819e+001
trp	 120.0	 -80.0	1.133774e-005	1.138737e+001
trp	 130.0	 -80.0	8.305460e-006	1.169860e+001
trp	 140.0	 -80.0	7.469854e-006	1.180464e+001
trp	 150.0	 -80.0	8.433622e-006	1.168328e+001
trp	 160.0	 -80.0	1.106302e-005	1.141190e+001
trp	 170.0	 -80.0	1.559317e-005	1.106868e+001
trp	-180.0	 -70.0	2.581717e-005	1.056447e+001
trp	-170.0	 -70.0	4.133538e-005	1.009379e+001
trp	-160.0	 -70.0	6.628698e-005	9.621517e+000
trp	-150.0	 -70.0	1.021419e-004	9.189148e+000
trp	-140.0	 -70.0	1.453917e-004	8.836079e+000
trp	-130.0	 -70.0	1.860438e-004	8.589529e+000
trp	-120.0	 -70.0	2.119042e-004	8.459376e+000
trp	-110.0	 -70.0	2.189479e-004	8.426677e+000
trp	-100.0	 -70.0	2.215961e-004	8.414654e+000
trp	 -90.0	 -70.0	2.562726e-004	8.269269e+000
trp	 -80.0	 -70.0	3.772287e-004	7.882659e+000
trp	 -70.0	 -70.0	6.016087e-004	7.415903e+000
trp	 -60.0	 -70.0	7.695760e-004	7.169671e+000
trp	 -50.0	 -70.0	6.672485e-004	7.312348e+000
trp	 -40.0	 -70.0	3.828810e-004	7.867786e+000
trp	 -30.0	 -70.0	1.569327e-004	8.759694e+000
trp	 -20.0	 -70.0	5.561374e-005	9.797080e+000
trp	 -10.0	 -70.0	2.267581e-005	1.069421e+001
trp	   0.0	 -70.0	1.303919e-005	1.124755e+001
trp	  10.0	 -70.0	1.154308e-005	1.136942e+001
trp	  20.0	 -70.0	1.538966e-005	1.108181e+001
trp	  30.0	 -70.0	2.394159e-005	1.063989e+001
trp	  40.0	 -70.0	3.565879e-005	1.024151e+001
trp	  50.0	 -70.0	4.746080e-005	9.955606e+000
trp	  60.0	 -70.0	5.546819e-005	9.799701e+000
trp	  70.0	 -70.0	5.680212e-005	9.775937e+000
trp	  80.0	 -70.0	5.115095e-005	9.880729e+000
trp	  90.0	 -70.0	4.082589e-005	1.010619e+001
trp	 100.0	 -70.0	2.930126e-005	1.043788e+001
trp	 110.0	 -70.0	1.943543e-005	1.084841e+001
trp	 120.0	 -70.0	1.257991e-005	1.128341e+001
trp	 130.0	 -70.0	8.798277e-006	1.164095e+001
trp	 140.0	 -70.0	7.584428e-006	1.178941e+001
trp	 150.0	 -70.0	8.464474e-006	1.167963e+001
trp	 160.0	 -70.0	1.132597e-005	1.138841e+001
trp	 170.0	 -70.0	1.664987e-005	1.100311e+001
trp	-180.0	 -60.0	2.954720e-005	1.042952e+001
trp	-170.0	 -60.0	5.085155e-005	9.886600e+000
trp	-160.0	 -60.0	8.691641e-005	9.350564e+000
trp	-150.0	 -60.0	1.414867e-004	8.863305e+000
trp	-140.0	 -60.0	2.118073e-004	8.459833e+000
trp	-130.0	 -60.0	2.840343e-004	8.166416e+000
trp	-120.0	 -60.0	3.368189e-004	7.995965e+000
trp	-110.0	 -60.0	3.619035e-004	7.924133e+000
trp	-100.0	 -60.0	3.918077e-004	7.844739e+000
trp	 -90.0	 -60.0	5.197489e-004	7.562165e+000
trp	 -80.0	 -60.0	9.348058e-004	6.975172e+000
trp	 -70.0	 -60.0	1.798711e-003	6.320685e+000
trp	 -60.0	 -60.0	2.568632e-003	5.964382e+000
trp	 -50.0	 -60.0	2.211079e-003	6.114275e+000
trp	 -40.0	 -60.0	1.109037e-003	6.804264e+000
trp	 -30.0	 -60.0	3.606260e-004	7.927669e+000
trp	 -20.0	 -60.0	9.672149e-005	9.243675e+000
trp	 -10.0	 -60.0	2.966950e-005	1.042539e+001
trp	   0.0	 -60.0	1.390605e-005	1.118319e+001
trp	  10.0	 -60.0	1.106459e-005	1.141176e+001
trp	  20.0	 -60.0	1.422961e-005	1.116019e+001
trp	  30.0	 -60.0	2.247496e-005	1.070311e+001
trp	  40.0	 -60.0	3.476659e-005	1.026685e+001
trp	  50.0	 -60.0	4.848011e-005	9.934357e+000
trp	  60.0	 -60.0	5.943127e-005	9.730690e+000
trp	  70.0	 -60.0	6.352563e-005	9.664067e+000
trp	  80.0	 -60.0	5.913526e-005	9.735683e+000
trp	  90.0	 -60.0	4.816241e-005	9.940932e+000
trp	 100.0	 -60.0	3.473295e-005	1.026782e+001
trp	 110.0	 -60.0	2.272628e-005	1.069199e+001
trp	 120.0	 -60.0	1.418284e-005	1.116348e+001
trp	 130.0	 -60.0	9.344176e-006	1.158076e+001
trp	 140.0	 -60.0	7.587200e-006	1.178905e+001
trp	 150.0	 -60.0	8.301775e-006	1.169904e+001
trp	 160.0	 -60.0	1.140952e-005	1.138106e+001
trp	 170.0	 -60.0	1.774576e-005	1.093936e+001
trp	-180.0	 -50.0	3.461739e-005	1.027115e+001
trp	-170.0	 -50.0	6.406687e-005	9.655583e+000
trp	-160.0	 -50.0	1.163868e-004	9.058592e+000
trp	-150.0	 -50.0	2.003121e-004	8.515634e+000
trp	-140.0	 -50.0	3.171261e-004	8.056211e+000
trp	-130.0	 -50.0	4.480964e-004	7.710502e+000
trp	-120.0	 -50.0	5.530219e-004	7.500113e+000
trp	-110.0	 -50.0	6.107476e-004	7.400827e+000
trp	-100.0	 -50.0	6.817923e-004	7.290785e+000
trp	 -90.0	 -50.0	9.682541e-004	6.940016e+000
trp	 -80.0	 -50.0	2.049603e-003	6.190109e+000
trp	 -70.0	 -50.0	4.808430e-003	5.337385e+000
trp	 -60.0	 -50.0	7.615200e-003	4.877609e+000
trp	 -50.0	 -50.0	6.263483e-003	5.073019e+000
trp	 -40.0	 -50.0	2.619300e-003	5.944848e+000
trp	 -30.0	 -50.0	6.423084e-004	7.350442e+000
trp	 -20.0	 -50.0	1.272692e-004	8.969206e+000
trp	 -10.0	 -50.0	3.077623e-005	1.038877e+001
trp	   0.0	 -50.0	1.267814e-005	1.127563e+001
trp	  10.0	 -50.0	1.019139e-005	1.149397e+001
trp	  20.0	 -50.0	1.383973e-005	1.118797e+001
trp	  30.0	 -50.0	2.281166e-005	1.068824e+001
trp	  40.0	 -50.0	3.656859e-005	1.021632e+001
trp	  50.0	 -50.0	5.273877e-005	9.850160e+000
trp	  60.0	 -50.0	6.664667e-005	9.616106e+000
trp	  70.0	 -50.0	7.298560e-005	9.525248e+000
trp	  80.0	 -50.0	6.903613e-005	9.580881e+000
trp	  90.0	 -50.0	5.660151e-005	9.779475e+000
trp	 100.0	 -50.0	4.066365e-005	1.011018e+001
trp	 110.0	 -50.0	2.615996e-005	1.055128e+001
trp	 120.0	 -50.0	1.575667e-005	1.105825e+001
trp	 130.0	 -50.0	9.789526e-006	1.153420e+001
trp	 140.0	 -50.0	7.460166e-006	1.180593e+001
trp	 150.0	 -50.0	8.012655e-006	1.173449e+001
trp	 160.0	 -50.0	1.146381e-005	1.137632e+001
trp	 170.0	 -50.0	1.917820e-005	1.086174e+001
trp	-180.0	 -40.0	4.151850e-005	1.008937e+001
trp	-170.0	 -40.0	8.217503e-005	9.406659e+000
trp	-160.0	 -40.0	1.575633e-004	8.755684e+000
trp	-150.0	 -40.0	2.847213e-004	8.164000e+000
trp	-140.0	 -40.0	4.725314e-004	7.657406e+000
trp	-130.0	 -40.0	6.963501e-004	7.269658e+000
trp	-120.0	 -40.0	8.891326e-004	7.025264e+000
trp	-110.0	 -40.0	1.015399e-003	6.892473e+000
trp	-100.0	 -40.0	1.190328e-003	6.733526e+000
trp	 -90.0	 -40.0	1.825185e-003	6.306074e+000
trp	 -80.0	 -40.0	4.491978e-003	5.405462e+000
trp	 -70.0	 -40.0	1.186826e-002	4.433888e+000
trp	 -60.0	 -40.0	1.843595e-002	3.993453e+000
trp	 -50.0	 -40.0	1.302456e-002	4.340919e+000
trp	 -40.0	 -40.0	4.256229e-003	5.459372e+000
trp	 -30.0	 -40.0	7.659501e-004	7.174394e+000
trp	 -20.0	 -40.0	1.103665e-004	9.111704e+000
trp	 -10.0	 -40.0	2.272480e-005	1.069205e+001
trp	   0.0	 -40.0	9.498279e-006	1.156440e+001
trp	  10.0	 -40.0	8.703810e-006	1.165175e+001
trp	  20.0	 -40.0	1.321239e-005	1.123436e+001
trp	  30.0	 -40.0	2.310931e-005	1.067527e+001
trp	  40.0	 -40.0	3.866776e-005	1.016050e+001
trp	  50.0	 -40.0	5.797252e-005	9.755541e+000
trp	  60.0	 -40.0	7.562969e-005	9.489662e+000
trp	  70.0	 -40.0	8.448715e-005	9.378911e+000
trp	  80.0	 -40.0	8.045016e-005	9.427873e+000
trp	  90.0	 -40.0	6.567401e-005	9.630807e+000
trp	 100.0	 -40.0	4.657331e-005	9.974483e+000
trp	 110.0	 -40.0	2.930793e-005	1.043765e+001
trp	 120.0	 -40.0	1.703483e-005	1.098025e+001
trp	 130.0	 -40.0	1.001896e-005	1.151103e+001
trp	 140.0	 -40.0	7.199501e-006	1.184150e+001
trp	 150.0	 -40.0	7.671305e-006	1.177802e+001
trp	 160.0	 -40.0	1.162864e-005	1.136204e+001
trp	 170.0	 -40.0	2.118488e-005	1.076222e+001
trp	-180.0	 -30.0	4.928864e-005	9.917817e+000
trp	-170.0	 -30.0	1.025622e-004	9.185041e+000
trp	-160.0	 -30.0	2.038742e-004	8.498007e+000
trp	-150.0	 -30.0	3.791882e-004	7.877478e+000
trp	-140.0	 -30.0	6.470937e-004	7.343019e+000
trp	-130.0	 -30.0	9.861570e-004	6.921695e+000
trp	-120.0	 -30.0	1.328021e-003	6.624065e+000
trp	-110.0	 -30.0	1.685221e-003	6.385859e+000
trp	-100.0	 -30.0	2.346086e-003	6.055007e+000
trp	 -90.0	 -30.0	4.069416e-003	5.504256e+000
trp	 -80.0	 -30.0	9.653397e-003	4.640445e+000
trp	 -70.0	 -30.0	2.256643e-002	3.791292e+000
trp	 -60.0	 -30.0	2.933710e-002	3.528902e+000
trp	 -50.0	 -30.0	1.642821e-002	4.108755e+000
trp	 -40.0	 -30.0	4.021783e-003	5.516030e+000
trp	 -30.0	 -30.0	5.271476e-004	7.548030e+000
trp	 -20.0	 -30.0	5.668698e-005	9.777966e+000
trp	 -10.0	 -30.0	1.147401e-005	1.137543e+001
trp	   0.0	 -30.0	6.036126e-006	1.201775e+001
trp	  10.0	 -30.0	7.040030e-006	1.186390e+001
trp	  20.0	 -30.0	1.234136e-005	1.130255e+001
trp	  30.0	 -30.0	2.362950e-005	1.065301e+001
trp	  40.0	 -30.0	4.295402e-005	1.005538e+001
trp	  50.0	 -30.0	6.938255e-005	9.575875e+000
trp	  60.0	 -30.0	9.515744e-005	9.259978e+000
trp	  70.0	 -30.0	1.080122e-004	9.133266e+000
trp	  80.0	 -30.0	1.013212e-004	9.197215e+000
trp	  90.0	 -30.0	7.992763e-005	9.434389e+000
trp	 100.0	 -30.0	5.438227e-005	9.819472e+000
trp	 110.0	 -30.0	3.277634e-005	1.032580e+001
trp	 120.0	 -30.0	1.816200e-005	1.091618e+001
trp	 130.0	 -30.0	1.007487e-005	1.150547e+001
trp	 140.0	 -30.0	6.851450e-006	1.189105e+001
trp	 150.0	 -30.0	7.329165e-006	1.182365e+001
trp	 160.0	 -30.0	1.188870e-005	1.133992e+001
trp	 170.0	 -30.0	2.349218e-005	1.065884e+001
trp	-180.0	 -20.0	5.515090e-005	9.805437e+000
trp	-170.0	 -20.0	1.176878e-004	9.047475e+000
trp	-160.0	 -20.0	2.370449e-004	8.347261e+000
trp	-150.0	 -20.0	4.449002e-004	7.717661e+000
trp	-140.0	 -20.0	7.742415e-004	7.163627e+000
trp	-130.0	 -20.0	1.243329e-003	6.689963e+000
trp	-120.0	 -20.0	1.878754e-003	6.277147e+000
trp	-110.0	 -20.0	2.898903e-003	5.843423e+000
trp	-100.0	 -20.0	4.850491e-003	5.328675e+000
trp	 -90.0	 -20.0	8.469192e-003	4.771320e+000
trp	 -80.0	 -20.0	1.575416e-002	4.150651e+000
trp	 -70.0	 -20.0	2.686020e-002	3.617109e+000
trp	 -60.0	 -20.0	2.603498e-002	3.648314e+000
trp	 -50.0	 -20.0	1.094485e-002	4.514887e+000
trp	 -40.0	 -20.0	1.978777e-003	6.225276e+000
trp	 -30.0	 -20.0	1.900725e-004	8.568105e+000
trp	 -20.0	 -20.0	1.685980e-005	1.099058e+001
trp	 -10.0	 -20.0	4.501523e-006	1.231109e+001
trp	   0.0	 -20.0	3.682645e-006	1.251188e+001
trp	  10.0	 -20.0	5.796197e-006	1.205831e+001
trp	  20.0	 -20.0	1.226675e-005	1.130862e+001
trp	  30.0	 -20.0	2.771690e-005	1.049347e+001
trp	  40.0	 -20.0	5.874463e-005	9.742311e+000
trp	  50.0	 -20.0	1.060722e-004	9.151390e+000
trp	  60.0	 -20.0	1.530577e-004	8.784696e+000
trp	  70.0	 -20.0	1.721965e-004	8.666874e+000
trp	  80.0	 -20.0	1.526469e-004	8.787383e+000
trp	  90.0	 -20.0	1.105335e-004	9.110192e+000
trp	 100.0	 -20.0	6.851912e-005	9.588398e+000
trp	 110.0	 -20.0	3.793066e-005	1.017975e+001
trp	 120.0	 -20.0	1.950115e-005	1.084504e+001
trp	 130.0	 -20.0	1.007327e-005	1.150562e+001
trp	 140.0	 -20.0	6.480418e-006	1.194673e+001
trp	 150.0	 -20.0	6.997067e-006	1.187002e+001
trp	 160.0	 -20.0	1.204716e-005	1.132668e+001
trp	 170.0	 -20.0	2.522376e-005	1.058772e+001
trp	-180.0	 -10.0	5.654128e-005	9.780540e+000
trp	-170.0	 -10.0	1.208341e-004	9.021092e+000
trp	-160.0	 -10.0	2.425032e-004	8.324496e+000
trp	-150.0	 -10.0	4.571348e-004	7.690532e+000
trp	-140.0	 -10.0	8.261690e-004	7.098711e+000
trp	-130.0	 -10.0	1.469352e-003	6.522934e+000
trp	-120.0	 -10.0	2.650839e-003	5.932879e+000
trp	-110.0	 -10.0	4.873995e-003	5.323841e+000
trp	-100.0	 -10.0	8.403295e-003	4.779131e+000
trp	 -90.0	 -10.0	1.255532e-002	4.377611e+000
trp	 -80.0	 -10.0	1.667118e-002	4.094074e+000
trp	 -70.0	 -10.0	1.876870e-002	3.975565e+000
trp	 -60.0	 -10.0	1.264578e-002	4.370432e+000
trp	 -50.0	 -10.0	3.846261e-003	5.560654e+000
trp	 -40.0	 -10.0	5.084556e-004	7.584133e+000
trp	 -30.0	 -10.0	3.647485e-005	1.021889e+001
trp	 -20.0	 -10.0	3.548571e-006	1.254897e+001
trp	 -10.0	 -10.0	1.900776e-006	1.317325e+001
trp	   0.0	 -10.0	2.565580e-006	1.287333e+001
trp	  10.0	 -10.0	5.544829e-006	1.210264e+001
trp	  20.0	 -10.0	1.517682e-005	1.109574e+001
trp	  30.0	 -10.0	4.290868e-005	1.005644e+001
trp	  40.0	 -10.0	1.061736e-004	9.150435e+000
trp	  50.0	 -10.0	2.064921e-004	8.485249e+000
trp	  60.0	 -10.0	3.000494e-004	8.111563e+000
trp	  70.0	 -10.0	3.228722e-004	8.038254e+000
trp	  80.0	 -10.0	2.629341e-004	8.243607e+000
trp	  90.0	 -10.0	1.696806e-004	8.681593e+000
trp	 100.0	 -10.0	9.238572e-005	9.289538e+000
trp	 110.0	 -10.0	4.521153e-005	1.000416e+001
trp	 120.0	 -10.0	2.095814e-005	1.077298e+001
trp	 130.0	 -10.0	9.959056e-006	1.151703e+001
trp	 140.0	 -10.0	6.091101e-006	1.200868e+001
trp	 150.0	 -10.0	6.661741e-006	1.191913e+001
trp	 160.0	 -10.0	1.191049e-005	1.133809e+001
trp	 170.0	 -10.0	2.556568e-005	1.057426e+001
trp	-180.0	   0.0	5.318750e-005	9.841687e+000
trp	-170.0	   0.0	1.116894e-004	9.099789e+000
trp	-160.0	   0.0	2.216696e-004	8.414323e+000
trp	-150.0	   0.0	4.250702e-004	7.763256e+000
trp	-140.0	   0.0	8.279076e-004	7.096609e+000
trp	-130.0	   0.0	1.685181e-003	6.385882e+000
trp	-120.0	   0.0	3.490063e-003	5.657835e+000
trp	-110.0	   0.0	6.671271e-003	5.009945e+000
trp	-100.0	   0.0	1.029784e-002	4.575821e+000
trp	 -90.0	   0.0	1.201596e-002	4.421520e+000
trp	 -80.0	   0.0	1.098771e-002	4.510978e+000
trp	 -70.0	   0.0	7.999499e-003	4.828376e+000
trp	 -60.0	   0.0	3.658293e-003	5.610759e+000
trp	 -50.0	   0.0	8.052403e-004	7.124370e+000
trp	 -40.0	   0.0	8.112894e-005	9.419471e+000
trp	 -30.0	   0.0	5.095803e-006	1.218709e+001
trp	 -20.0	   0.0	1.041834e-006	1.377453e+001
trp	 -10.0	   0.0	1.207835e-006	1.362668e+001
trp	   0.0	   0.0	2.431988e-006	1.292680e+001
trp	  10.0	   0.0	7.072514e-006	1.185929e+001
trp	  20.0	   0.0	2.472370e-005	1.060775e+001
trp	  30.0	   0.0	8.172336e-005	9.412171e+000
trp	  40.0	   0.0	2.164039e-004	8.438364e+000
trp	  50.0	   0.0	4.229498e-004	7.768257e+000
trp	  60.0	   0.0	5.918154e-004	7.432316e+000
trp	  70.0	   0.0	5.944807e-004	7.427822e+000
trp	  80.0	   0.0	4.408842e-004	7.726728e+000
trp	  90.0	   0.0	2.536554e-004	8.279534e+000
trp	 100.0	   0.0	1.211882e-004	9.018165e+000
trp	 110.0	   0.0	5.196127e-005	9.865012e+000
trp	 120.0	   0.0	2.148908e-005	1.074797e+001
trp	 130.0	   0.0	9.414894e-006	1.157322e+001
trp	 140.0	   0.0	5.614123e-006	1.209023e+001
trp	 150.0	   0.0	6.317128e-006	1.197225e+001
trp	 160.0	   0.0	1.146605e-005	1.137612e+001
trp	 170.0	   0.0	2.442952e-005	1.061972e+001
trp	-180.0	  10.0	4.698156e-005	9.965755e+000
trp	-170.0	  10.0	9.525194e-005	9.258985e+000
trp	-160.0	  10.0	1.858464e-004	8.590590e+000
trp	-150.0	  10.0	3.672454e-004	7.909480e+000
trp	-140.0	  10.0	7.848188e-004	7.150058e+000
trp	-130.0	  10.0	1.766346e-003	6.338842e+000
trp	-120.0	  10.0	3.738540e-003	5.589060e+000
trp	-110.0	  10.0	6.545200e-003	5.029023e+000
trp	-100.0	  10.0	8.467214e-003	4.771554e+000
trp	 -90.0	  10.0	7.638473e-003	4.874558e+000
trp	 -80.0	  10.0	4.913769e-003	5.315714e+000
trp	 -70.0	  10.0	2.377843e-003	6.041561e+000
trp	 -60.0	  10.0	7.754221e-004	7.162103e+000
trp	 -50.0	  10.0	1.390332e-004	8.880798e+000
trp	 -40.0	  10.0	1.395486e-005	1.117968e+001
trp	 -30.0	  10.0	1.434020e-006	1.345503e+001
trp	 -20.0	  10.0	7.656124e-007	1.408259e+001
trp	 -10.0	  10.0	1.316389e-006	1.354062e+001
trp	   0.0	  10.0	3.326101e-006	1.261371e+001
trp	  10.0	  10.0	1.159806e-005	1.136467e+001
trp	  20.0	  10.0	4.564685e-005	9.994576e+000
trp	  30.0	  10.0	1.579128e-004	8.753468e+000
trp	  40.0	  10.0	4.164796e-004	7.783673e+000
trp	  50.0	  10.0	7.851678e-004	7.149613e+000
trp	  60.0	  10.0	1.033950e-003	6.874369e+000
trp	  70.0	  10.0	9.568786e-004	6.951834e+000
trp	  80.0	  10.0	6.423010e-004	7.350454e+000
trp	  90.0	  10.0	3.299887e-004	8.016452e+000
trp	 100.0	  10.0	1.395270e-004	8.877252e+000
trp	 110.0	  10.0	5.292985e-005	9.846543e+000
trp	 120.0	  10.0	1.972102e-005	1.083383e+001
trp	 130.0	  10.0	8.161248e-006	1.171611e+001
trp	 140.0	  10.0	5.012471e-006	1.220358e+001
trp	 150.0	  10.0	5.996461e-006	1.202434e+001
trp	 160.0	  10.0	1.089167e-005	1.142751e+001
trp	 170.0	  10.0	2.244883e-005	1.070427e+001
trp	-180.0	  20.0	4.117757e-005	1.009762e+001
trp	-170.0	  20.0	7.933827e-005	9.441790e+000
trp	-160.0	  20.0	1.501353e-004	8.803974e+000
trp	-150.0	  20.0	3.009197e-004	8.108667e+000
trp	-140.0	  20.0	6.771962e-004	7.297550e+000
trp	-130.0	  20.0	1.553701e-003	6.467116e+000
trp	-120.0	  20.0	3.069074e-003	5.786379e+000
trp	-110.0	  20.0	4.627979e-003	5.375635e+000
trp	-100.0	  20.0	4.950264e-003	5.308314e+000
trp	 -90.0	  20.0	3.599663e-003	5.626915e+000
trp	 -80.0	  20.0	1.796058e-003	6.322161e+000
trp	 -70.0	  20.0	6.522528e-004	7.335078e+000
trp	 -60.0	  20.0	1.746987e-004	8.652448e+000
trp	 -50.0	  20.0	3.346871e-005	1.030490e+001
trp	 -40.0	  20.0	5.310528e-006	1.214582e+001
trp	 -30.0	  20.0	1.209899e-006	1.362497e+001
trp	 -20.0	  20.0	1.027961e-006	1.378793e+001
trp	 -10.0	  20.0	2.021497e-006	1.311167e+001
trp	   0.0	  20.0	5.532323e-006	1.210490e+001
trp	  10.0	  20.0	2.019475e-005	1.081009e+001
trp	  20.0	  20.0	7.982997e-005	9.435612e+000
trp	  30.0	  20.0	2.696656e-004	8.218328e+000
trp	  40.0	  20.0	6.833005e-004	7.288576e+000
trp	  50.0	  20.0	1.221750e-003	6.707471e+000
trp	  60.0	  20.0	1.504353e-003	6.499392e+000
trp	  70.0	  20.0	1.280277e-003	6.660679e+000
trp	  80.0	  20.0	7.768613e-004	7.160249e+000
trp	  90.0	  20.0	3.560739e-004	7.940372e+000
trp	 100.0	  20.0	1.336557e-004	8.920243e+000
trp	 110.0	  20.0	4.533409e-005	1.000145e+001
trp	 120.0	  20.0	1.554719e-005	1.107163e+001
trp	 130.0	  20.0	6.389702e-006	1.196082e+001
trp	 140.0	  20.0	4.399166e-006	1.233410e+001
trp	 150.0	  20.0	5.811644e-006	1.205565e+001
trp	 160.0	  20.0	1.053996e-005	1.146034e+001
trp	 170.0	  20.0	2.078245e-005	1.078140e+001
trp	-180.0	  30.0	3.975327e-005	1.013282e+001
trp	-170.0	  30.0	7.316426e-005	9.522803e+000
trp	-160.0	  30.0	1.325435e-004	8.928600e+000
trp	-150.0	  30.0	2.535111e-004	8.280103e+000
trp	-140.0	  30.0	5.359376e-004	7.531493e+000
trp	-130.0	  30.0	1.126909e-003	6.788277e+000
trp	-120.0	  30.0	1.970921e-003	6.229254e+000
trp	-110.0	  30.0	2.544231e-003	5.973927e+000
trp	-100.0	  30.0	2.318276e-003	6.066931e+000
trp	 -90.0	  30.0	1.481848e-003	6.514465e+000
trp	 -80.0	  30.0	6.775647e-004	7.297006e+000
trp	 -70.0	  30.0	2.352450e-004	8.354883e+000
trp	 -60.0	  30.0	6.817344e-005	9.593455e+000
trp	 -50.0	  30.0	1.811458e-005	1.091879e+001
trp	 -40.0	  30.0	4.787970e-006	1.224940e+001
trp	 -30.0	  30.0	1.700424e-006	1.328463e+001
trp	 -20.0	  30.0	1.633416e-006	1.332484e+001
trp	 -10.0	  30.0	3.289588e-006	1.262475e+001
trp	   0.0	  30.0	9.069263e-006	1.161062e+001
trp	  10.0	  30.0	3.197557e-005	1.035054e+001
trp	  20.0	  30.0	1.192394e-004	9.034377e+000
trp	  30.0	  30.0	3.791883e-004	7.877478e+000
trp	  40.0	  30.0	9.060721e-004	7.006392e+000
trp	  50.0	  30.0	1.526273e-003	6.484926e+000
trp	  60.0	  30.0	1.761114e-003	6.341809e+000
trp	  70.0	  30.0	1.389959e-003	6.578481e+000
trp	  80.0	  30.0	7.706579e-004	7.168266e+000
trp	  90.0	  30.0	3.179202e-004	8.053710e+000
trp	 100.0	  30.0	1.066516e-004	9.145943e+000
trp	 110.0	  30.0	3.273106e-005	1.032719e+001
trp	 120.0	  30.0	1.067887e-005	1.144724e+001
trp	 130.0	  30.0	4.731097e-006	1.226135e+001
trp	 140.0	  30.0	3.995937e-006	1.243023e+001
trp	 150.0	  30.0	5.947778e-006	1.203249e+001
trp	 160.0	  30.0	1.091309e-005	1.142555e+001
trp	 170.0	  30.0	2.093011e-005	1.077432e+001
trp	-180.0	  40.0	4.603732e-005	9.986058e+000
trp	-170.0	  40.0	8.460471e-005	9.377521e+000
trp	-160.0	  40.0	1.499933e-004	8.804920e+000
trp	-150.0	  40.0	2.621661e-004	8.246532e+000
trp	-140.0	  40.0	4.608789e-004	7.682375e+000
trp	-130.0	  40.0	7.808182e-004	7.155168e+000
trp	-120.0	  40.0	1.134983e-003	6.781137e+000
trp	-110.0	  40.0	1.269031e-003	6.669501e+000
trp	-100.0	  40.0	1.055534e-003	6.853709e+000
trp	 -90.0	  40.0	6.779457e-004	7.296443e+000
trp	 -80.0	  40.0	3.568416e-004	7.938219e+000
trp	 -70.0	  40.0	1.625561e-004	8.724487e+000
trp	 -60.0	  40.0	6.646535e-005	9.618830e+000
trp	 -50.0	  40.0	2.423061e-005	1.062789e+001
trp	 -40.0	  40.0	7.892836e-006	1.174956e+001
trp	 -30.0	  40.0	2.904995e-006	1.274908e+001
trp	 -20.0	  40.0	2.498174e-006	1.289995e+001
trp	 -10.0	  40.0	4.863989e-006	1.223365e+001
trp	   0.0	  40.0	1.301886e-005	1.124911e+001
trp	  10.0	  40.0	4.264225e-005	1.006267e+001
trp	  20.0	  40.0	1.454253e-004	8.835848e+000
trp	  30.0	  40.0	4.265852e-004	7.759698e+000
trp	  40.0	  40.0	9.506544e-004	6.958360e+000
trp	  50.0	  40.0	1.504687e-003	6.499170e+000
trp	  60.0	  40.0	1.636836e-003	6.414990e+000
trp	  70.0	  40.0	1.216276e-003	6.711962e+000
trp	  80.0	  40.0	6.307114e-004	7.368662e+000
trp	  90.0	  40.0	2.408560e-004	8.331311e+000
trp	 100.0	  40.0	7.433580e-005	9.506918e+000
trp	 110.0	  40.0	2.135074e-005	1.075442e+001
trp	 120.0	  40.0	7.037410e-006	1.186427e+001
trp	 130.0	  40.0	3.703647e-006	1.250619e+001
trp	 140.0	  40.0	3.953924e-006	1.244080e+001
trp	 150.0	  40.0	6.558311e-006	1.193478e+001
trp	 160.0	  40.0	1.245095e-005	1.129371e+001
trp	 170.0	  40.0	2.416032e-005	1.063080e+001
trp	-180.0	  50.0	6.070937e-005	9.709412e+000
trp	-170.0	  50.0	1.160521e-004	9.061471e+000
trp	-160.0	  50.0	2.095096e-004	8.470741e+000
trp	-150.0	  50.0	3.482361e-004	7.962630e+000
trp	-140.0	  50.0	5.212770e-004	7.559229e+000
trp	-130.0	  50.0	6.925023e-004	7.275199e+000
trp	-120.0	  50.0	8.011782e-004	7.129427e+000
trp	-110.0	  50.0	7.908266e-004	7.142432e+000
trp	-100.0	  50.0	6.778896e-004	7.296526e+000
trp	 -90.0	  50.0	5.306169e-004	7.541470e+000
trp	 -80.0	  50.0	3.777460e-004	7.881289e+000
trp	 -70.0	  50.0	2.294126e-004	8.379988e+000
trp	 -60.0	  50.0	1.128647e-004	9.089321e+000
trp	 -50.0	  50.0	4.436304e-005	1.002310e+001
trp	 -40.0	  50.0	1.441371e-005	1.114733e+001
trp	 -30.0	  50.0	4.779121e-006	1.225125e+001
trp	 -20.0	  50.0	3.393081e-006	1.259377e+001
trp	 -10.0	  50.0	6.142337e-006	1.200031e+001
trp	   0.0	  50.0	1.554405e-005	1.107183e+001
trp	  10.0	  50.0	4.630014e-005	9.980366e+000
trp	  20.0	  50.0	1.421280e-004	8.858783e+000
trp	  30.0	  50.0	3.804513e-004	7.874153e+000
trp	  40.0	  50.0	7.865712e-004	7.147827e+000
trp	  50.0	  50.0	1.170975e-003	6.749918e+000
trp	  60.0	  50.0	1.211500e-003	6.715896e+000
trp	  70.0	  50.0	8.636498e-004	7.054343e+000
trp	  80.0	  50.0	4.322449e-004	7.746518e+000
trp	  90.0	  50.0	1.600006e-004	8.740333e+000
trp	 100.0	  50.0	4.831671e-005	9.937733e+000
trp	 110.0	  50.0	1.405417e-005	1.117259e+001
trp	 120.0	  50.0	5.130184e-006	1.218037e+001
trp	 130.0	  50.0	3.334073e-006	1.261132e+001
trp	 140.0	  50.0	4.235866e-006	1.237192e+001
trp	 150.0	  50.0	7.618329e-006	1.178495e+001
trp	 160.0	  50.0	1.516571e-005	1.109647e+001
trp	 170.0	  50.0	3.061621e-005	1.039398e+001
trp	-180.0	  60.0	8.012762e-005	9.431890e+000
trp	-170.0	  60.0	1.597812e-004	8.741705e+000
trp	-160.0	  60.0	2.961933e-004	8.124498e+000
trp	-150.0	  60.0	4.870412e-004	7.627162e+000
trp	-140.0	  60.0	6.820450e-004	7.290415e+000
trp	-130.0	  60.0	8.005904e-004	7.130161e+000
trp	-120.0	  60.0	8.087285e-004	7.120047e+000
trp	-110.0	  60.0	7.628486e-004	7.178451e+000
trp	-100.0	  60.0	7.359629e-004	7.214331e+000
trp	 -90.0	  60.0	7.058739e-004	7.256074e+000
trp	 -80.0	  60.0	5.885073e-004	7.437921e+000
trp	 -70.0	  60.0	3.858773e-004	7.859991e+000
trp	 -60.0	  60.0	1.928113e-004	8.553798e+000
trp	 -50.0	  60.0	7.420500e-005	9.508679e+000
trp	 -40.0	  60.0	2.299861e-005	1.068008e+001
trp	 -30.0	  60.0	6.848952e-006	1.189141e+001
trp	 -20.0	  60.0	3.980498e-006	1.243410e+001
trp	 -10.0	  60.0	6.507179e-006	1.194260e+001
trp	   0.0	  60.0	1.524713e-005	1.109112e+001
trp	  10.0	  60.0	4.063478e-005	1.011089e+001
trp	  20.0	  60.0	1.108922e-004	9.106952e+000
trp	  30.0	  60.0	2.688576e-004	8.221329e+000
trp	  40.0	  60.0	5.147300e-004	7.571868e+000
trp	  50.0	  60.0	7.235567e-004	7.231332e+000
trp	  60.0	  60.0	7.195956e-004	7.236821e+000
trp	  70.0	  60.0	5.019348e-004	7.597040e+000
trp	  80.0	  60.0	2.505429e-004	8.291881e+000
trp	  90.0	  60.0	9.474006e-005	9.264374e+000
trp	 100.0	  60.0	3.034226e-005	1.040297e+001
trp	 110.0	  60.0	9.929008e-006	1.152005e+001
trp	 120.0	  60.0	4.316122e-006	1.235315e+001
trp	 130.0	  60.0	3.317008e-006	1.261645e+001
trp	 140.0	  60.0	4.656551e-006	1.227724e+001
trp	 150.0	  60.0	8.866500e-006	1.163323e+001
trp	 160.0	  60.0	1.842683e-005	1.090170e+001
trp	 170.0	  60.0	3.871923e-005	1.015917e+001
trp	-180.0	  70.0	9.694732e-005	9.241343e+000
trp	-170.0	  70.0	1.980081e-004	8.527203e+000
trp	-160.0	  70.0	3.716664e-004	7.897514e+000
trp	-150.0	  70.0	6.081098e-004	7.405155e+000
trp	-140.0	  70.0	8.328779e-004	7.090624e+000
trp	-130.0	  70.0	9.463133e-004	6.962937e+000
trp	-120.0	  70.0	9.378881e-004	6.971880e+000
trp	-110.0	  70.0	9.212567e-004	6.989772e+000
trp	-100.0	  70.0	9.827011e-004	6.925206e+000
trp	 -90.0	  70.0	1.025018e-003	6.883045e+000
trp	 -80.0	  70.0	8.834726e-004	7.031650e+000
trp	 -70.0	  70.0	5.769222e-004	7.457803e+000
trp	 -60.0	  70.0	2.806975e-004	8.178233e+000
trp	 -50.0	  70.0	1.038404e-004	9.172656e+000
trp	 -40.0	  70.0	3.069364e-005	1.039145e+001
trp	 -30.0	  70.0	8.439609e-006	1.168257e+001
trp	 -20.0	  70.0	4.076202e-006	1.241034e+001
trp	 -10.0	  70.0	5.840886e-006	1.205063e+001
trp	   0.0	  70.0	1.249145e-005	1.129047e+001
trp	  10.0	  70.0	2.945388e-005	1.043268e+001
trp	  20.0	  70.0	7.049409e-005	9.559982e+000
trp	  30.0	  70.0	1.531100e-004	8.784354e+000
trp	  40.0	  70.0	2.702876e-004	8.216024e+000
trp	  50.0	  70.0	3.598025e-004	7.929955e+000
trp	  60.0	  70.0	3.474703e-004	7.964831e+000
trp	  70.0	  70.0	2.417070e-004	8.327785e+000
trp	  80.0	  70.0	1.243102e-004	8.992731e+000
trp	  90.0	  70.0	5.070041e-005	9.889577e+000
trp	 100.0	  70.0	1.866195e-005	1.088902e+001
trp	 110.0	  70.0	7.416173e-006	1.181185e+001
trp	 120.0	  70.0	3.871728e-006	1.246181e+001
trp	 130.0	  70.0	3.344201e-006	1.260828e+001
trp	 140.0	  70.0	5.007648e-006	1.220454e+001
trp	 150.0	  70.0	9.921186e-006	1.152084e+001
trp	 160.0	  70.0	2.119658e-005	1.076167e+001
trp	 170.0	  70.0	4.563972e-005	9.994732e+000
trp	-180.0	  80.0	1.053002e-004	9.158695e+000
trp	-170.0	  80.0	2.159384e-004	8.440517e+000
trp	-160.0	  80.0	4.035085e-004	7.815313e+000
trp	-150.0	  80.0	6.527673e-004	7.334290e+000
trp	-140.0	  80.0	8.875614e-004	7.027033e+000
trp	-130.0	  80.0	1.024259e-003	6.883786e+000
trp	-120.0	  80.0	1.076193e-003	6.834325e+000
trp	-110.0	  80.0	1.155265e-003	6.763426e+000
trp	-100.0	  80.0	1.305708e-003	6.641010e+000
trp	 -90.0	  80.0	1.371106e-003	6.592138e+000
trp	 -80.0	  80.0	1.161035e-003	6.758444e+000
trp	 -70.0	  80.0	7.384554e-004	7.210950e+000
trp	 -60.0	  80.0	3.488819e-004	7.960777e+000
trp	 -50.0	  80.0	1.264092e-004	8.975986e+000
trp	 -40.0	  80.0	3.775544e-005	1.018438e+001
trp	 -30.0	  80.0	1.065307e-005	1.144966e+001
trp	 -20.0	  80.0	4.315483e-006	1.235330e+001
trp	 -10.0	  80.0	4.702927e-006	1.226733e+001
trp	   0.0	  80.0	8.860711e-006	1.163388e+001
trp	  10.0	  80.0	1.846135e-005	1.089983e+001
trp	  20.0	  80.0	3.847214e-005	1.016558e+001
trp	  30.0	  80.0	7.391740e-005	9.512562e+000
trp	  40.0	  80.0	1.192617e-004	9.034190e+000
trp	  50.0	  80.0	1.502755e-004	8.803040e+000
trp	  60.0	  80.0	1.422831e-004	8.857692e+000
trp	  70.0	  80.0	1.009283e-004	9.201101e+000
trp	  80.0	  80.0	5.566051e-005	9.796240e+000
trp	  90.0	  80.0	2.598495e-005	1.055799e+001
trp	 100.0	  80.0	1.164007e-005	1.136106e+001
trp	 110.0	  80.0	5.662885e-006	1.208158e+001
trp	 120.0	  80.0	3.426995e-006	1.258383e+001
trp	 130.0	  80.0	3.258066e-006	1.263438e+001
trp	 140.0	  80.0	5.169301e-006	1.217277e+001
trp	 150.0	  80.0	1.051911e-005	1.146232e+001
trp	 160.0	  80.0	2.271346e-005	1.069255e+001
trp	 170.0	  80.0	4.922190e-005	9.919172e+000
trp	-180.0	  90.0	1.081048e-004	9.132409e+000
trp	-170.0	  90.0	2.215443e-004	8.414888e+000
trp	-160.0	  90.0	4.090512e-004	7.801670e+000
trp	-150.0	  90.0	6.503112e-004	7.338059e+000
trp	-140.0	  90.0	8.827658e-004	7.032451e+000
trp	-130.0	  90.0	1.066446e-003	6.843424e+000
trp	-120.0	  90.0	1.242029e-003	6.691009e+000
trp	-110.0	  90.0	1.468413e-003	6.523573e+000
trp	-100.0	  90.0	1.690706e-003	6.382609e+000
trp	 -90.0	  90.0	1.715519e-003	6.368040e+000
trp	 -80.0	  90.0	1.401445e-003	6.570251e+000
trp	 -70.0	  90.0	8.778513e-004	7.038033e+000
trp	 -60.0	  90.0	4.255722e-004	7.762076e+000
trp	 -50.0	  90.0	1.729413e-004	8.662558e+000
trp	 -40.0	  90.0	6.520300e-005	9.638005e+000
trp	 -30.0	  90.0	2.319500e-005	1.067157e+001
trp	 -20.0	  90.0	8.061045e-006	1.172847e+001
trp	 -10.0	  90.0	4.392911e-006	1.233552e+001
trp	   0.0	  90.0	5.796079e-006	1.205833e+001
trp	  10.0	  90.0	1.053846e-005	1.146048e+001
trp	  20.0	  90.0	1.932712e-005	1.085400e+001
trp	  30.0	  90.0	3.286896e-005	1.032298e+001
trp	  40.0	  90.0	4.831206e-005	9.937829e+000
trp	  50.0	  90.0	5.777037e-005	9.759035e+000
trp	  60.0	  90.0	5.441531e-005	9.818865e+000
trp	  70.0	  90.0	4.057207e-005	1.011243e+001
trp	  80.0	  90.0	2.507082e-005	1.059381e+001
trp	  90.0	  90.0	1.390576e-005	1.118321e+001
trp	 100.0	  90.0	7.525917e-006	1.179716e+001
trp	 110.0	  90.0	4.261851e-006	1.236581e+001
trp	 120.0	  90.0	2.889207e-006	1.275453e+001
trp	 130.0	  90.0	3.042176e-006	1.270294e+001
trp	 140.0	  90.0	5.143015e-006	1.217787e+001
trp	 150.0	  90.0	1.068296e-005	1.144686e+001
trp	 160.0	  90.0	2.315160e-005	1.067345e+001
trp	 170.0	  90.0	5.030312e-005	9.897443e+000
trp	-180.0	 100.0	1.183097e-004	9.042205e+000
trp	-170.0	 100.0	2.477938e-004	8.302914e+000
trp	-160.0	 100.0	4.559600e-004	7.693106e+000
trp	-150.0	 100.0	7.103766e-004	7.249715e+000
trp	-140.0	 100.0	9.524358e-004	6.956488e+000
trp	-130.0	 100.0	1.183585e-003	6.739207e+000
trp	-120.0	 100.0	1.478109e-003	6.516992e+000
trp	-110.0	 100.0	1.844436e-003	6.295582e+000
trp	-100.0	 100.0	2.131368e-003	6.150991e+000
trp	 -90.0	 100.0	2.135385e-003	6.149108e+000
trp	 -80.0	 100.0	1.780662e-003	6.330770e+000
trp	 -70.0	 100.0	1.227138e-003	6.703070e+000
trp	 -60.0	 100.0	7.417454e-004	7.206505e+000
trp	 -50.0	 100.0	4.176879e-004	7.780776e+000
trp	 -40.0	 100.0	2.066719e-004	8.484378e+000
trp	 -30.0	 100.0	8.135209e-005	9.416724e+000
trp	 -20.0	 100.0	2.515341e-005	1.059052e+001
trp	 -10.0	 100.0	7.311499e-006	1.182606e+001
trp	   0.0	 100.0	4.151359e-006	1.239207e+001
trp	  10.0	 100.0	5.738891e-006	1.206824e+001
trp	  20.0	 100.0	9.427753e-006	1.157185e+001
trp	  30.0	 100.0	1.455551e-005	1.113754e+001
trp	  40.0	 100.0	1.984528e-005	1.082754e+001
trp	  50.0	 100.0	2.290814e-005	1.068402e+001
trp	  60.0	 100.0	2.194488e-005	1.072698e+001
trp	  70.0	 100.0	1.763632e-005	1.094555e+001
trp	  80.0	 100.0	1.236469e-005	1.130067e+001
trp	  90.0	 100.0	7.951113e-006	1.174220e+001
trp	 100.0	 100.0	4.897060e-006	1.222688e+001
trp	 110.0	 100.0	3.064807e-006	1.269553e+001
trp	 120.0	 100.0	2.310069e-006	1.297823e+001
trp	 130.0	 100.0	2.746789e-006	1.280508e+001
trp	 140.0	 100.0	4.989291e-006	1.220822e+001
trp	 150.0	 100.0	1.065521e-005	1.144946e+001
trp	 160.0	 100.0	2.361187e-005	1.065376e+001
trp	 170.0	 100.0	5.304200e-005	9.844426e+000
trp	-180.0	 110.0	1.502289e-004	8.803351e+000
trp	-170.0	 110.0	3.268902e-004	8.025886e+000
trp	-160.0	 110.0	6.029420e-004	7.413690e+000
trp	-150.0	 110.0	9.217036e-004	6.989287e+000
trp	-140.0	 110.0	1.202791e-003	6.723111e+000
trp	-130.0	 110.0	1.456182e-003	6.531938e+000
trp	-120.0	 110.0	1.781362e-003	6.330377e+000
trp	-110.0	 110.0	2.194370e-003	6.121860e+000
trp	-100.0	 110.0	2.564869e-003	5.965848e+000
trp	 -90.0	 110.0	2.760554e-003	5.892324e+000
trp	 -80.0	 110.0	2.708580e-003	5.911331e+000
trp	 -70.0	 110.0	2.444504e-003	6.013913e+000
trp	 -60.0	 110.0	2.027951e-003	6.200729e+000
trp	 -50.0	 110.0	1.388229e-003	6.579726e+000
trp	 -40.0	 110.0	6.998593e-004	7.264631e+000
trp	 -30.0	 110.0	2.534699e-004	8.280265e+000
trp	 -20.0	 110.0	6.917769e-005	9.578832e+000
trp	 -10.0	 110.0	1.566370e-005	1.106416e+001
trp	   0.0	 110.0	4.182730e-006	1.238455e+001
trp	  10.0	 110.0	3.178096e-006	1.265923e+001
trp	  20.0	 110.0	4.561491e-006	1.229786e+001
trp	  30.0	 110.0	6.622456e-006	1.192504e+001
trp	  40.0	 110.0	8.669694e-006	1.165568e+001
trp	  50.0	 110.0	9.927166e-006	1.152024e+001
trp	  60.0	 110.0	9.837199e-006	1.152934e+001
trp	  70.0	 110.0	8.510457e-006	1.167421e+001
trp	  80.0	 110.0	6.572495e-006	1.193262e+001
trp	  90.0	 110.0	4.646382e-006	1.227942e+001
trp	 100.0	 110.0	3.097186e-006	1.268502e+001
trp	 110.0	 110.0	2.097542e-006	1.307474e+001
trp	 120.0	 110.0	1.779700e-006	1.323907e+001
trp	 130.0	 110.0	2.420702e-006	1.293145e+001
trp	 140.0	 110.0	4.757885e-006	1.225571e+001
trp	 150.0	 110.0	1.071881e-005	1.144351e+001
trp	 160.0	 110.0	2.547264e-005	1.057791e+001
trp	 170.0	 110.0	6.246867e-005	9.680845e+000
trp	-180.0	 120.0	2.102330e-004	8.467294e+000
trp	-170.0	 120.0	4.638865e-004	7.675871e+000
trp	-160.0	 120.0	8.498450e-004	7.070457e+000
trp	-150.0	 120.0	1.292478e-003	6.651194e+000
trp	-140.0	 120.0	1.682013e-003	6.387764e+000
trp	-130.0	 120.0	1.987126e-003	6.221066e+000
trp	-120.0	 120.0	2.278493e-003	6.084241e+000
trp	-110.0	 120.0	2.613914e-003	5.946907e+000
trp	-100.0	 120.0	3.046771e-003	5.793673e+000
trp	 -90.0	 120.0	3.723860e-003	5.592995e+000
trp	 -80.0	 120.0	4.656650e-003	5.369459e+000
trp	 -70.0	 120.0	5.493603e-003	5.204171e+000
trp	 -60.0	 120.0	5.369886e-003	5.226949e+000
trp	 -50.0	 120.0	3.718035e-003	5.594560e+000
trp	 -40.0	 120.0	1.712484e-003	6.369810e+000
trp	 -30.0	 120.0	5.431334e-004	7.518156e+000
trp	 -20.0	 120.0	1.295878e-004	8.951152e+000
trp	 -10.0	 120.0	2.582877e-005	1.056402e+001
trp	   0.0	 120.0	4.974863e-006	1.221111e+001
trp	  10.0	 120.0	1.937788e-006	1.315396e+001
trp	  20.0	 120.0	2.220734e-006	1.301767e+001
trp	  30.0	 120.0	3.096076e-006	1.268537e+001
trp	  40.0	 120.0	4.007933e-006	1.242724e+001
trp	  50.0	 120.0	4.646134e-006	1.227948e+001
trp	  60.0	 120.0	4.782602e-006	1.225053e+001
trp	  70.0	 120.0	4.384168e-006	1.233751e+001
trp	  80.0	 120.0	3.614574e-006	1.253054e+001
trp	  90.0	 120.0	2.720206e-006	1.281480e+001
trp	 100.0	 120.0	1.927971e-006	1.315904e+001
trp	 110.0	 120.0	1.416246e-006	1.346750e+001
trp	 120.0	 120.0	1.364619e-006	1.350464e+001
trp	 130.0	 120.0	2.109872e-006	1.306888e+001
trp	 140.0	 120.0	4.537412e-006	1.230315e+001
trp	 150.0	 120.0	1.124861e-005	1.139527e+001
trp	 160.0	 120.0	3.010991e-005	1.041066e+001
trp	 170.0	 120.0	8.228529e-005	9.405318e+000
trp	-180.0	 130.0	3.012377e-004	8.107611e+000
trp	-170.0	 130.0	6.516211e-004	7.336047e+000
trp	-160.0	 130.0	1.176712e-003	6.745031e+000
trp	-150.0	 130.0	1.821342e-003	6.308182e+000
trp	-140.0	 130.0	2.461183e-003	6.007113e+000
trp	-130.0	 130.0	2.934501e-003	5.831218e+000
trp	-120.0	 130.0	3.179666e-003	5.750979e+000
trp	-110.0	 130.0	3.319920e-003	5.707815e+000
trp	-100.0	 130.0	3.711194e-003	5.596402e+000
trp	 -90.0	 130.0	4.989821e-003	5.300355e+000
trp	 -80.0	 130.0	7.470593e-003	4.896781e+000
trp	 -70.0	 130.0	1.003677e-002	4.601500e+000
trp	 -60.0	 130.0	9.998522e-003	4.605318e+000
trp	 -50.0	 130.0	6.458036e-003	5.042430e+000
trp	 -40.0	 130.0	2.632361e-003	5.939874e+000
trp	 -30.0	 130.0	7.250735e-004	7.229238e+000
trp	 -20.0	 130.0	1.519829e-004	8.791742e+000
trp	 -10.0	 130.0	2.760039e-005	1.049768e+001
trp	   0.0	 130.0	4.740600e-006	1.225935e+001
trp	  10.0	 130.0	1.270381e-006	1.357619e+001
trp	  20.0	 130.0	1.144801e-006	1.368028e+001
trp	  30.0	 130.0	1.546853e-006	1.337929e+001
trp	  40.0	 130.0	2.014054e-006	1.311536e+001
trp	  50.0	 130.0	2.389283e-006	1.294452e+001
trp	  60.0	 130.0	2.555044e-006	1.287744e+001
trp	  70.0	 130.0	2.459214e-006	1.291567e+001
trp	  80.0	 130.0	2.140302e-006	1.305456e+001
trp	  90.0	 130.0	1.706165e-006	1.328126e+001
trp	 100.0	 130.0	1.291201e-006	1.355994e+001
trp	 110.0	 130.0	1.032794e-006	1.378324e+001
trp	 120.0	 130.0	1.108883e-006	1.371216e+001
trp	 130.0	 130.0	1.907790e-006	1.316956e+001
trp	 140.0	 130.0	4.587664e-006	1.229214e+001
trp	 150.0	 130.0	1.300775e-005	1.124997e+001
trp	 160.0	 130.0	3.952507e-005	1.013858e+001
trp	 170.0	 130.0	1.163215e-004	9.059152e+000
trp	-180.0	 140.0	4.312679e-004	7.748781e+000
trp	-170.0	 140.0	9.016151e-004	7.011323e+000
trp	-160.0	 140.0	1.590960e-003	6.443418e+000
trp	-150.0	 140.0	2.490860e-003	5.995127e+000
trp	-140.0	 140.0	3.468959e-003	5.663901e+000
trp	-130.0	 140.0	4.132616e-003	5.488845e+000
trp	-120.0	 140.0	4.221975e-003	5.467452e+000
trp	-110.0	 140.0	4.059176e-003	5.506775e+000
trp	-100.0	 140.0	4.320898e-003	5.444292e+000
trp	 -90.0	 140.0	5.868185e-003	5.138210e+000
trp	 -80.0	 140.0	9.098879e-003	4.699604e+000
trp	 -70.0	 140.0	1.220030e-002	4.406294e+000
trp	 -60.0	 140.0	1.149407e-002	4.465924e+000
trp	 -50.0	 140.0	6.743338e-003	4.999200e+000
trp	 -40.0	 140.0	2.418688e-003	6.024530e+000
trp	 -30.0	 140.0	5.796452e-004	7.453094e+000
trp	 -20.0	 140.0	1.081959e-004	9.131567e+000
trp	 -10.0	 140.0	1.842160e-005	1.090199e+001
trp	   0.0	 140.0	3.119101e-006	1.267797e+001
trp	  10.0	 140.0	8.298014e-007	1.400208e+001
trp	  20.0	 140.0	7.254109e-007	1.413653e+001
trp	  30.0	 140.0	9.772644e-007	1.383851e+001
trp	  40.0	 140.0	1.292841e-006	1.355867e+001
trp	  50.0	 140.0	1.574521e-006	1.336156e+001
trp	  60.0	 140.0	1.742515e-006	1.326018e+001
trp	  70.0	 140.0	1.748863e-006	1.325654e+001
trp	  80.0	 140.0	1.599518e-006	1.334581e+001
trp	  90.0	 140.0	1.350903e-006	1.351474e+001
trp	 100.0	 140.0	1.090419e-006	1.372895e+001
trp	 110.0	 140.0	9.294117e-007	1.388871e+001
trp	 120.0	 140.0	1.055076e-006	1.376190e+001
trp	 130.0	 140.0	1.960145e-006	1.314249e+001
trp	 140.0	 140.0	5.301167e-006	1.214758e+001
trp	 150.0	 140.0	1.697905e-005	1.098353e+001
trp	 160.0	 140.0	5.596523e-005	9.790780e+000
trp	 170.0	 140.0	1.691115e-004	8.684952e+000
trp	-180.0	 150.0	5.925407e-004	7.431091e+000
trp	-170.0	 150.0	1.197022e-003	6.727918e+000
trp	-160.0	 150.0	2.017328e-003	6.205981e+000
trp	-150.0	 150.0	3.022833e-003	5.801561e+000
trp	-140.0	 150.0	4.082439e-003	5.501061e+000
trp	-130.0	 150.0	4.694972e-003	5.361263e+000
trp	-120.0	 150.0	4.532635e-003	5.396452e+000
trp	-110.0	 150.0	4.141873e-003	5.486607e+000
trp	-100.0	 150.0	4.278586e-003	5.454133e+000
trp	 -90.0	 150.0	5.418937e-003	5.217856e+000
trp	 -80.0	 150.0	7.610506e-003	4.878226e+000
trp	 -70.0	 150.0	9.268535e-003	4.681130e+000
trp	 -60.0	 150.0	7.906735e-003	4.840040e+000
trp	 -50.0	 150.0	4.183659e-003	5.476569e+000
trp	 -40.0	 150.0	1.340747e-003	6.614528e+000
trp	 -30.0	 150.0	2.850876e-004	8.162714e+000
trp	 -20.0	 150.0	4.838862e-005	9.936246e+000
trp	 -10.0	 150.0	8.027238e-006	1.173267e+001
trp	   0.0	 150.0	1.549012e-006	1.337789e+001
trp	  10.0	 150.0	6.424930e-007	1.425791e+001
trp	  20.0	 150.0	7.145208e-007	1.415165e+001
trp	  30.0	 150.0	1.002087e-006	1.381343e+001
trp	  40.0	 150.0	1.351561e-006	1.351425e+001
trp	  50.0	 150.0	1.665631e-006	1.330531e+001
trp	  60.0	 150.0	1.856047e-006	1.319706e+001
trp	  70.0	 150.0	1.878171e-006	1.318521e+001
trp	  80.0	 150.0	1.745296e-006	1.325859e+001
trp	  90.0	 150.0	1.512382e-006	1.340182e+001
trp	 100.0	 150.0	1.257573e-006	1.358633e+001
trp	 110.0	 150.0	1.090967e-006	1.372845e+001
trp	 120.0	 150.0	1.237828e-006	1.360215e+001
trp	 130.0	 150.0	2.369171e-006	1.295297e+001
trp	 140.0	 150.0	6.860607e-006	1.188971e+001
trp	 150.0	 150.0	2.327123e-005	1.066829e+001
trp	 160.0	 150.0	7.864340e-005	9.450587e+000
trp	 170.0	 150.0	2.370729e-004	8.347143e+000
trp	-180.0	 160.0	7.227126e-004	7.232499e+000
trp	-170.0	 160.0	1.406768e-003	6.566461e+000
trp	-160.0	 160.0	2.211920e-003	6.113894e+000
trp	-150.0	 160.0	2.981751e-003	5.815244e+000
trp	-140.0	 160.0	3.621779e-003	5.620790e+000
trp	-130.0	 160.0	3.868049e-003	5.555005e+000
trp	-120.0	 160.0	3.579847e-003	5.632435e+000
trp	-110.0	 160.0	3.248083e-003	5.729690e+000
trp	-100.0	 160.0	3.367763e-003	5.693506e+000
trp	 -90.0	 160.0	3.957854e-003	5.532053e+000
trp	 -80.0	 160.0	4.745389e-003	5.350582e+000
trp	 -70.0	 160.0	4.895662e-003	5.319406e+000
trp	 -60.0	 160.0	3.619383e-003	5.621452e+000
trp	 -50.0	 160.0	1.707500e-003	6.372725e+000
trp	 -40.0	 160.0	5.001259e-004	7.600651e+000
trp	 -30.0	 160.0	9.833421e-005	9.227139e+000
trp	 -20.0	 160.0	1.583228e-005	1.105346e+001
trp	 -10.0	 160.0	2.859168e-006	1.276498e+001
trp	   0.0	 160.0	9.251392e-007	1.389332e+001
trp	  10.0	 160.0	7.914160e-007	1.404944e+001
trp	  20.0	 160.0	1.108342e-006	1.371265e+001
trp	  30.0	 160.0	1.641712e-006	1.331977e+001
trp	  40.0	 160.0	2.250988e-006	1.300414e+001
trp	  50.0	 160.0	2.747562e-006	1.280480e+001
trp	  60.0	 160.0	2.972599e-006	1.272607e+001
trp	  70.0	 160.0	2.891993e-006	1.275356e+001
trp	  80.0	 160.0	2.589326e-006	1.286411e+001
trp	  90.0	 160.0	2.185001e-006	1.303389e+001
trp	 100.0	 160.0	1.786556e-006	1.323522e+001
trp	 110.0	 160.0	1.518261e-006	1.339794e+001
trp	 120.0	 160.0	1.656455e-006	1.331083e+001
trp	 130.0	 160.0	3.074789e-006	1.269227e+001
trp	 140.0	 160.0	8.869999e-006	1.163284e+001
trp	 150.0	 160.0	2.998933e-005	1.041467e+001
trp	 160.0	 160.0	1.000827e-004	9.209513e+000
trp	 170.0	 160.0	2.960802e-004	8.124880e+000
trp	-180.0	 170.0	7.238833e-004	7.230880e+000
trp	-170.0	 170.0	1.347710e-003	6.609348e+000
trp	-160.0	 170.0	1.965280e-003	6.232121e+000
trp	-150.0	 170.0	2.330115e-003	6.061838e+000
trp	-140.0	 170.0	2.414925e-003	6.026087e+000
trp	-130.0	 170.0	2.291897e-003	6.078375e+000
trp	-120.0	 170.0	2.041856e-003	6.193896e+000
trp	-110.0	 170.0	1.895954e-003	6.268033e+000
trp	-100.0	 170.0	2.019014e-003	6.205146e+000
trp	 -90.0	 170.0	2.303725e-003	6.073228e+000
trp	 -80.0	 170.0	2.455038e-003	6.009613e+000
trp	 -70.0	 170.0	2.136233e-003	6.148711e+000
trp	 -60.0	 170.0	1.349646e-003	6.607913e+000
trp	 -50.0	 170.0	5.715976e-004	7.467075e+000
trp	 -40.0	 170.0	1.589497e-004	8.746923e+000
trp	 -30.0	 170.0	3.106142e-005	1.037954e+001
trp	 -20.0	 170.0	5.457057e-006	1.211860e+001
trp	 -10.0	 170.0	1.525056e-006	1.339348e+001
trp	   0.0	 170.0	1.056908e-006	1.376016e+001
trp	  10.0	 170.0	1.377865e-006	1.349498e+001
trp	  20.0	 170.0	2.203549e-006	1.302544e+001
trp	  30.0	 170.0	3.436966e-006	1.258092e+001
trp	  40.0	 170.0	4.773571e-006	1.225242e+001
trp	  50.0	 170.0	5.727163e-006	1.207029e+001
trp	  60.0	 170.0	5.934865e-006	1.203467e+001
trp	  70.0	 170.0	5.420965e-006	1.212524e+001
trp	  80.0	 170.0	4.515691e-006	1.230795e+001
trp	  90.0	 170.0	3.562772e-006	1.254497e+001
trp	 100.0	 170.0	2.759840e-006	1.280034e+001
trp	 110.0	 170.0	2.232487e-006	1.301239e+001
trp	 120.0	 170.0	2.265775e-006	1.299759e+001
trp	 130.0	 170.0	3.841221e-006	1.246972e+001
trp	 140.0	 170.0	1.038744e-005	1.147491e+001
trp	 150.0	 170.0	3.355780e-005	1.030224e+001
trp	 160.0	 170.0	1.076712e-004	9.136428e+000
trp	 170.0	 170.0	3.072645e-004	8.087802e+000
