tyr	-180.0	-180.0	4.816143e-004	7.638367e+000
tyr	-170.0	-180.0	1.057948e-003	6.851424e+000
tyr	-160.0	-180.0	1.684357e-003	6.386371e+000
tyr	-150.0	-180.0	1.969716e-003	6.229866e+000
tyr	-140.0	-180.0	1.879489e-003	6.276755e+000
tyr	-130.0	-180.0	1.654384e-003	6.404327e+000
tyr	-120.0	-180.0	1.389760e-003	6.578624e+000
tyr	-110.0	-180.0	1.149543e-003	6.768391e+000
tyr	-100.0	-180.0	1.045973e-003	6.862807e+000
tyr	 -90.0	-180.0	1.071325e-003	6.838859e+000
tyr	 -80.0	-180.0	1.071303e-003	6.838880e+000
tyr	 -70.0	-180.0	8.851564e-004	7.029746e+000
tyr	 -60.0	-180.0	5.343228e-004	7.534510e+000
tyr	 -50.0	-180.0	2.227929e-004	8.409268e+000
tyr	 -40.0	-180.0	6.627422e-005	9.621710e+000
tyr	 -30.0	-180.0	1.608815e-005	1.103743e+001
tyr	 -20.0	-180.0	4.478012e-006	1.231633e+001
tyr	 -10.0	-180.0	2.597022e-006	1.286115e+001
tyr	   0.0	-180.0	2.894896e-006	1.275256e+001
tyr	  10.0	-180.0	3.806978e-006	1.247867e+001
tyr	  20.0	-180.0	5.006002e-006	1.220487e+001
tyr	  30.0	-180.0	6.331063e-006	1.197004e+001
tyr	  40.0	-180.0	7.588705e-006	1.178885e+001
tyr	  50.0	-180.0	8.555585e-006	1.166893e+001
tyr	  60.0	-180.0	9.037059e-006	1.161418e+001
tyr	  70.0	-180.0	8.933917e-006	1.162566e+001
tyr	  80.0	-180.0	8.280039e-006	1.170166e+001
tyr	  90.0	-180.0	7.229014e-006	1.183741e+001
tyr	 100.0	-180.0	5.998750e-006	1.202396e+001
tyr	 110.0	-180.0	4.811621e-006	1.224448e+001
tyr	 120.0	-180.0	3.885927e-006	1.245815e+001
tyr	 130.0	-180.0	3.588179e-006	1.253787e+001
tyr	 140.0	-180.0	5.153678e-006	1.217580e+001
tyr	 150.0	-180.0	1.369173e-005	1.119872e+001
tyr	 160.0	-180.0	4.866097e-005	9.930633e+000
tyr	 170.0	-180.0	1.676734e-004	8.693492e+000
tyr	-180.0	-170.0	2.195665e-004	8.423855e+000
tyr	-170.0	-170.0	4.366672e-004	7.736339e+000
tyr	-160.0	-170.0	6.463836e-004	7.344117e+000
tyr	-150.0	-170.0	7.294082e-004	7.223277e+000
tyr	-140.0	-170.0	6.942497e-004	7.272679e+000
tyr	-130.0	-170.0	6.204631e-004	7.385044e+000
tyr	-120.0	-170.0	5.376910e-004	7.528226e+000
tyr	-110.0	-170.0	4.660151e-004	7.671293e+000
tyr	-100.0	-170.0	4.301483e-004	7.751380e+000
tyr	 -90.0	-170.0	4.135464e-004	7.790741e+000
tyr	 -80.0	-170.0	3.725260e-004	7.895204e+000
tyr	 -70.0	-170.0	2.811953e-004	8.176461e+000
tyr	 -60.0	-170.0	1.618976e-004	8.728547e+000
tyr	 -50.0	-170.0	6.785969e-005	9.598068e+000
tyr	 -40.0	-170.0	2.166781e-005	1.073968e+001
tyr	 -30.0	-170.0	6.524766e-006	1.193991e+001
tyr	 -20.0	-170.0	2.992044e-006	1.271955e+001
tyr	 -10.0	-170.0	2.698543e-006	1.282280e+001
tyr	   0.0	-170.0	3.363398e-006	1.260256e+001
tyr	  10.0	-170.0	4.473924e-006	1.231724e+001
tyr	  20.0	-170.0	5.866740e-006	1.204621e+001
tyr	  30.0	-170.0	7.378537e-006	1.181694e+001
tyr	  40.0	-170.0	8.784233e-006	1.164255e+001
tyr	  50.0	-170.0	9.827689e-006	1.153031e+001
tyr	  60.0	-170.0	1.029352e-005	1.148400e+001
tyr	  70.0	-170.0	1.008256e-005	1.150470e+001
tyr	  80.0	-170.0	9.250736e-006	1.159081e+001
tyr	  90.0	-170.0	7.988132e-006	1.173755e+001
tyr	 100.0	-170.0	6.550837e-006	1.193592e+001
tyr	 110.0	-170.0	5.187338e-006	1.216929e+001
tyr	 120.0	-170.0	4.112084e-006	1.240158e+001
tyr	 130.0	-170.0	3.598682e-006	1.253494e+001
tyr	 140.0	-170.0	4.410539e-006	1.233151e+001
tyr	 150.0	-170.0	9.378630e-006	1.157708e+001
tyr	 160.0	-170.0	2.814751e-005	1.047805e+001
tyr	 170.0	-170.0	8.551777e-005	9.366786e+000
tyr	-180.0	-160.0	8.782613e-005	9.340151e+000
tyr	-170.0	-160.0	1.579383e-004	8.753306e+000
tyr	-160.0	-160.0	2.207277e-004	8.418581e+000
tyr	-150.0	-160.0	2.490399e-004	8.297898e+000
tyr	-140.0	-160.0	2.475455e-004	8.303916e+000
tyr	-130.0	-160.0	2.326758e-004	8.365864e+000
tyr	-120.0	-160.0	2.112937e-004	8.462261e+000
tyr	-110.0	-160.0	1.893508e-004	8.571909e+000
tyr	-100.0	-160.0	1.705787e-004	8.676314e+000
tyr	 -90.0	-160.0	1.494122e-004	8.808802e+000
tyr	 -80.0	-160.0	1.194922e-004	9.032259e+000
tyr	 -70.0	-160.0	8.203998e-005	9.408304e+000
tyr	 -60.0	-160.0	4.577777e-005	9.991712e+000
tyr	 -50.0	-160.0	2.049684e-005	1.079524e+001
tyr	 -40.0	-160.0	8.168729e-006	1.171520e+001
tyr	 -30.0	-160.0	3.841970e-006	1.246953e+001
tyr	 -20.0	-160.0	2.817057e-006	1.277982e+001
tyr	 -10.0	-160.0	3.022111e-006	1.270955e+001
tyr	   0.0	-160.0	3.836768e-006	1.247088e+001
tyr	  10.0	-160.0	5.077736e-006	1.219065e+001
tyr	  20.0	-160.0	6.619440e-006	1.192550e+001
tyr	  30.0	-160.0	8.279765e-006	1.170170e+001
tyr	  40.0	-160.0	9.804136e-006	1.153271e+001
tyr	  50.0	-160.0	1.090788e-005	1.142602e+001
tyr	  60.0	-160.0	1.135663e-005	1.138571e+001
tyr	  70.0	-160.0	1.104922e-005	1.141315e+001
tyr	  80.0	-160.0	1.005936e-005	1.150701e+001
tyr	  90.0	-160.0	8.609895e-006	1.166260e+001
tyr	 100.0	-160.0	6.992831e-006	1.187063e+001
tyr	 110.0	-160.0	5.481846e-006	1.211407e+001
tyr	 120.0	-160.0	4.290044e-006	1.235921e+001
tyr	 130.0	-160.0	3.619834e-006	1.252908e+001
tyr	 140.0	-160.0	3.895293e-006	1.245574e+001
tyr	 150.0	-160.0	6.459557e-006	1.194995e+001
tyr	 160.0	-160.0	1.527589e-005	1.108923e+001
tyr	 170.0	-160.0	3.901596e-005	1.015154e+001
tyr	-180.0	-150.0	3.588790e-005	1.023511e+001
tyr	-170.0	-150.0	5.918961e-005	9.734764e+000
tyr	-160.0	-150.0	8.037401e-005	9.428820e+000
tyr	-150.0	-150.0	9.341472e-005	9.278462e+000
tyr	-140.0	-150.0	9.927584e-005	9.217608e+000
tyr	-130.0	-150.0	1.003237e-004	9.207108e+000
tyr	-120.0	-150.0	9.713038e-005	9.239456e+000
tyr	-110.0	-150.0	9.029912e-005	9.312383e+000
tyr	-100.0	-150.0	7.987100e-005	9.435098e+000
tyr	 -90.0	-150.0	6.539966e-005	9.634994e+000
tyr	 -80.0	-150.0	4.835318e-005	9.936978e+000
tyr	 -70.0	-150.0	3.189245e-005	1.035314e+001
tyr	 -60.0	-150.0	1.877406e-005	1.088303e+001
tyr	 -50.0	-150.0	1.021384e-005	1.149177e+001
tyr	 -40.0	-150.0	5.670999e-006	1.208015e+001
tyr	 -30.0	-150.0	3.699009e-006	1.250745e+001
tyr	 -20.0	-150.0	3.129728e-006	1.267456e+001
tyr	 -10.0	-150.0	3.384381e-006	1.259634e+001
tyr	   0.0	-150.0	4.226774e-006	1.237407e+001
tyr	  10.0	-150.0	5.532542e-006	1.210486e+001
tyr	  20.0	-150.0	7.167390e-006	1.184597e+001
tyr	  30.0	-150.0	8.930100e-006	1.162608e+001
tyr	  40.0	-150.0	1.054517e-005	1.145984e+001
tyr	  50.0	-150.0	1.170607e-005	1.135540e+001
tyr	  60.0	-150.0	1.215847e-005	1.131748e+001
tyr	  70.0	-150.0	1.179035e-005	1.134823e+001
tyr	  80.0	-150.0	1.068185e-005	1.144696e+001
tyr	  90.0	-150.0	9.081153e-006	1.160931e+001
tyr	 100.0	-150.0	7.314698e-006	1.182562e+001
tyr	 110.0	-150.0	5.683409e-006	1.207796e+001
tyr	 120.0	-150.0	4.404221e-006	1.233295e+001
tyr	 130.0	-150.0	3.632192e-006	1.252567e+001
tyr	 140.0	-150.0	3.587174e-006	1.253815e+001
tyr	 150.0	-150.0	4.847018e-006	1.223715e+001
tyr	 160.0	-150.0	8.878097e-006	1.163192e+001
tyr	 170.0	-150.0	1.840450e-005	1.090292e+001
tyr	-180.0	-140.0	1.752146e-005	1.095208e+001
tyr	-170.0	-140.0	2.690825e-005	1.052308e+001
tyr	-160.0	-140.0	3.651867e-005	1.021769e+001
tyr	-150.0	-140.0	4.483235e-005	1.001258e+001
tyr	-140.0	-140.0	5.170111e-005	9.870031e+000
tyr	-130.0	-140.0	5.692206e-005	9.773828e+000
tyr	-120.0	-140.0	5.958048e-005	9.728183e+000
tyr	-110.0	-140.0	5.868781e-005	9.743279e+000
tyr	-100.0	-140.0	5.365683e-005	9.832902e+000
tyr	 -90.0	-140.0	4.492848e-005	1.001044e+001
tyr	 -80.0	-140.0	3.431815e-005	1.027984e+001
tyr	 -70.0	-140.0	2.408592e-005	1.063388e+001
tyr	 -60.0	-140.0	1.577009e-005	1.105740e+001
tyr	 -50.0	-140.0	9.892509e-006	1.152373e+001
tyr	 -40.0	-140.0	6.243273e-006	1.198401e+001
tyr	 -30.0	-140.0	4.298797e-006	1.235718e+001
tyr	 -20.0	-140.0	3.561094e-006	1.254544e+001
tyr	 -10.0	-140.0	3.689391e-006	1.251005e+001
tyr	   0.0	-140.0	4.478538e-006	1.231621e+001
tyr	  10.0	-140.0	5.786949e-006	1.205991e+001
tyr	  20.0	-140.0	7.464386e-006	1.180537e+001
tyr	  30.0	-140.0	9.301036e-006	1.158538e+001
tyr	  40.0	-140.0	1.101314e-005	1.141642e+001
tyr	  50.0	-140.0	1.227592e-005	1.130787e+001
tyr	  60.0	-140.0	1.280261e-005	1.126586e+001
tyr	  70.0	-140.0	1.244538e-005	1.129416e+001
tyr	  80.0	-140.0	1.126776e-005	1.139356e+001
tyr	  90.0	-140.0	9.535433e-006	1.156050e+001
tyr	 100.0	-140.0	7.617669e-006	1.178504e+001
tyr	 110.0	-140.0	5.857552e-006	1.204778e+001
tyr	 120.0	-140.0	4.489724e-006	1.231372e+001
tyr	 130.0	-140.0	3.644524e-006	1.252228e+001
tyr	 140.0	-140.0	3.430415e-006	1.258283e+001
tyr	 150.0	-140.0	4.076837e-006	1.241019e+001
tyr	 160.0	-140.0	6.107298e-006	1.200603e+001
tyr	 170.0	-140.0	1.037259e-005	1.147634e+001
tyr	-180.0	-130.0	1.173459e-005	1.135297e+001
tyr	-170.0	-130.0	1.732139e-005	1.096357e+001
tyr	-160.0	-130.0	2.403889e-005	1.063584e+001
tyr	-150.0	-130.0	3.145882e-005	1.036683e+001
tyr	-140.0	-130.0	3.914793e-005	1.014816e+001
tyr	-130.0	-130.0	4.626853e-005	9.981048e+000
tyr	-120.0	-130.0	5.147833e-005	9.874350e+000
tyr	-110.0	-130.0	5.338028e-005	9.838069e+000
tyr	-100.0	-130.0	5.113934e-005	9.880957e+000
tyr	 -90.0	-130.0	4.498142e-005	1.000926e+001
tyr	 -80.0	-130.0	3.624831e-005	1.022512e+001
tyr	 -70.0	-130.0	2.683406e-005	1.052584e+001
tyr	 -60.0	-130.0	1.840854e-005	1.090270e+001
tyr	 -50.0	-130.0	1.193003e-005	1.133645e+001
tyr	 -40.0	-130.0	7.594000e-006	1.178815e+001
tyr	 -30.0	-130.0	5.100541e-006	1.218616e+001
tyr	 -20.0	-130.0	3.999288e-006	1.242939e+001
tyr	 -10.0	-130.0	3.910832e-006	1.245176e+001
tyr	   0.0	-130.0	4.582502e-006	1.229327e+001
tyr	  10.0	-130.0	5.845231e-006	1.204988e+001
tyr	  20.0	-130.0	7.544108e-006	1.179474e+001
tyr	  30.0	-130.0	9.479612e-006	1.156637e+001
tyr	  40.0	-130.0	1.137410e-005	1.138417e+001
tyr	  50.0	-130.0	1.287834e-005	1.125996e+001
tyr	  60.0	-130.0	1.363709e-005	1.120272e+001
tyr	  70.0	-130.0	1.341279e-005	1.121930e+001
tyr	  80.0	-130.0	1.221101e-005	1.131317e+001
tyr	  90.0	-130.0	1.031115e-005	1.148228e+001
tyr	 100.0	-130.0	8.156694e-006	1.171667e+001
tyr	 110.0	-130.0	6.174636e-006	1.199506e+001
tyr	 120.0	-130.0	4.648033e-006	1.227907e+001
tyr	 130.0	-130.0	3.704733e-006	1.250590e+001
tyr	 140.0	-130.0	3.394608e-006	1.259332e+001
tyr	 150.0	-130.0	3.796663e-006	1.248139e+001
tyr	 160.0	-130.0	5.108725e-006	1.218456e+001
tyr	 170.0	-130.0	7.656929e-006	1.177990e+001
tyr	-180.0	-120.0	1.054394e-005	1.145996e+001
tyr	-170.0	-120.0	1.556342e-005	1.107059e+001
tyr	-160.0	-120.0	2.225108e-005	1.071312e+001
tyr	-150.0	-120.0	3.046350e-005	1.039898e+001
tyr	-140.0	-120.0	3.961747e-005	1.013624e+001
tyr	-130.0	-120.0	4.853293e-005	9.933268e+000
tyr	-120.0	-120.0	5.556948e-005	9.797876e+000
tyr	-110.0	-120.0	5.910006e-005	9.736279e+000
tyr	-100.0	-120.0	5.806925e-005	9.753874e+000
tyr	 -90.0	-120.0	5.241544e-005	9.856309e+000
tyr	 -80.0	-120.0	4.324299e-005	1.004868e+001
tyr	 -70.0	-120.0	3.255966e-005	1.033244e+001
tyr	 -60.0	-120.0	2.252070e-005	1.070108e+001
tyr	 -50.0	-120.0	1.458852e-005	1.113528e+001
tyr	 -40.0	-120.0	9.191800e-006	1.159720e+001
tyr	 -30.0	-120.0	6.006322e-006	1.202270e+001
tyr	 -20.0	-120.0	4.464110e-006	1.231944e+001
tyr	 -10.0	-120.0	4.091034e-006	1.240671e+001
tyr	   0.0	-120.0	4.588967e-006	1.229186e+001
tyr	  10.0	-120.0	5.781330e-006	1.206088e+001
tyr	  20.0	-120.0	7.533976e-006	1.179609e+001
tyr	  30.0	-120.0	9.684503e-006	1.154498e+001
tyr	  40.0	-120.0	1.197530e-005	1.133266e+001
tyr	  50.0	-120.0	1.400928e-005	1.117579e+001
tyr	  60.0	-120.0	1.528951e-005	1.108834e+001
tyr	  70.0	-120.0	1.538966e-005	1.108181e+001
tyr	  80.0	-120.0	1.418814e-005	1.116310e+001
tyr	  90.0	-120.0	1.198276e-005	1.133204e+001
tyr	 100.0	-120.0	9.361620e-006	1.157889e+001
tyr	 110.0	-120.0	6.921677e-006	1.188085e+001
tyr	 120.0	-120.0	5.052075e-006	1.219571e+001
tyr	 130.0	-120.0	3.901371e-006	1.245418e+001
tyr	 140.0	-120.0	3.480210e-006	1.256842e+001
tyr	 150.0	-120.0	3.791675e-006	1.248270e+001
tyr	 160.0	-120.0	4.923745e-006	1.222144e+001
tyr	 170.0	-120.0	7.081198e-006	1.185807e+001
tyr	-180.0	-110.0	1.099706e-005	1.141788e+001
tyr	-170.0	-110.0	1.654084e-005	1.100968e+001
tyr	-160.0	-110.0	2.429290e-005	1.062533e+001
tyr	-150.0	-110.0	3.421181e-005	1.028294e+001
tyr	-140.0	-110.0	4.555745e-005	9.996536e+000
tyr	-130.0	-110.0	5.676706e-005	9.776554e+000
tyr	-120.0	-110.0	6.576920e-005	9.629359e+000
tyr	-110.0	-110.0	7.063567e-005	9.557975e+000
tyr	-100.0	-110.0	7.011571e-005	9.565364e+000
tyr	 -90.0	-110.0	6.392020e-005	9.657875e+000
tyr	 -80.0	-110.0	5.305832e-005	9.844119e+000
tyr	 -70.0	-110.0	3.993123e-005	1.012835e+001
tyr	 -60.0	-110.0	2.746612e-005	1.050256e+001
tyr	 -50.0	-110.0	1.770386e-005	1.094173e+001
tyr	 -40.0	-110.0	1.113720e-005	1.140522e+001
tyr	 -30.0	-110.0	7.205365e-006	1.184068e+001
tyr	 -20.0	-110.0	5.133817e-006	1.217966e+001
tyr	 -10.0	-110.0	4.371148e-006	1.234048e+001
tyr	   0.0	-110.0	4.619151e-006	1.228530e+001
tyr	  10.0	-110.0	5.733219e-006	1.206923e+001
tyr	  20.0	-110.0	7.634518e-006	1.178283e+001
tyr	  30.0	-110.0	1.022971e-005	1.149021e+001
tyr	  40.0	-110.0	1.329263e-005	1.122830e+001
tyr	  50.0	-110.0	1.633356e-005	1.102229e+001
tyr	  60.0	-110.0	1.859350e-005	1.089270e+001
tyr	  70.0	-110.0	1.929900e-005	1.085546e+001
tyr	  80.0	-110.0	1.809390e-005	1.091994e+001
tyr	  90.0	-110.0	1.530863e-005	1.108709e+001
tyr	 100.0	-110.0	1.179775e-005	1.134760e+001
tyr	 110.0	-110.0	8.474236e-006	1.167848e+001
tyr	 120.0	-110.0	5.927980e-006	1.203583e+001
tyr	 130.0	-110.0	4.355538e-006	1.234406e+001
tyr	 140.0	-110.0	3.720921e-006	1.250154e+001
tyr	 150.0	-110.0	3.955875e-006	1.244031e+001
tyr	 160.0	-110.0	5.093108e-006	1.218762e+001
tyr	 170.0	-110.0	7.324304e-006	1.182431e+001
tyr	-180.0	-100.0	1.206001e-005	1.132562e+001
tyr	-170.0	-100.0	1.860069e-005	1.089231e+001
tyr	-160.0	-100.0	2.810564e-005	1.047954e+001
tyr	-150.0	-100.0	4.072285e-005	1.010872e+001
tyr	-140.0	-100.0	5.561055e-005	9.797138e+000
tyr	-130.0	-100.0	7.065959e-005	9.557637e+000
tyr	-120.0	-100.0	8.299779e-005	9.396697e+000
tyr	-110.0	-100.0	9.010401e-005	9.314546e+000
tyr	-100.0	-100.0	9.038710e-005	9.311409e+000
tyr	 -90.0	-100.0	8.311616e-005	9.395271e+000
tyr	 -80.0	-100.0	6.912326e-005	9.579619e+000
tyr	 -70.0	-100.0	5.169950e-005	9.870062e+000
tyr	 -60.0	-100.0	3.533443e-005	1.025065e+001
tyr	 -50.0	-100.0	2.294051e-005	1.068261e+001
tyr	 -40.0	-100.0	1.473094e-005	1.112556e+001
tyr	 -30.0	-100.0	9.579027e-006	1.155593e+001
tyr	 -20.0	-100.0	6.517803e-006	1.194097e+001
tyr	 -10.0	-100.0	5.030511e-006	1.219999e+001
tyr	   0.0	-100.0	4.850994e-006	1.223633e+001
tyr	  10.0	-100.0	5.861471e-006	1.204711e+001
tyr	  20.0	-100.0	8.047938e-006	1.173009e+001
tyr	  30.0	-100.0	1.141066e-005	1.138096e+001
tyr	  40.0	-100.0	1.576242e-005	1.105788e+001
tyr	  50.0	-100.0	2.045939e-005	1.079707e+001
tyr	  60.0	-100.0	2.431922e-005	1.062424e+001
tyr	  70.0	-100.0	2.600569e-005	1.055720e+001
tyr	  80.0	-100.0	2.477784e-005	1.060556e+001
tyr	  90.0	-100.0	2.101550e-005	1.077025e+001
tyr	 100.0	-100.0	1.600895e-005	1.104236e+001
tyr	 110.0	-100.0	1.119322e-005	1.140020e+001
tyr	 120.0	-100.0	7.492698e-006	1.180158e+001
tyr	 130.0	-100.0	5.186512e-006	1.216945e+001
tyr	 140.0	-100.0	4.166517e-006	1.238843e+001
tyr	 150.0	-100.0	4.259031e-006	1.236647e+001
tyr	 160.0	-100.0	5.431124e-006	1.212336e+001
tyr	 170.0	-100.0	7.881663e-006	1.175097e+001
tyr	-180.0	 -90.0	1.348035e-005	1.121428e+001
tyr	-170.0	 -90.0	2.146110e-005	1.074927e+001
tyr	-160.0	 -90.0	3.368687e-005	1.029840e+001
tyr	-150.0	 -90.0	5.090535e-005	9.885542e+000
tyr	-140.0	 -90.0	7.250537e-005	9.531850e+000
tyr	-130.0	 -90.0	9.567463e-005	9.254557e+000
tyr	-120.0	 -90.0	1.160279e-004	9.061680e+000
tyr	-110.0	 -90.0	1.296069e-004	8.951005e+000
tyr	-100.0	 -90.0	1.335575e-004	8.920978e+000
tyr	 -90.0	 -90.0	1.256103e-004	8.982326e+000
tyr	 -80.0	 -90.0	1.062251e-004	9.149951e+000
tyr	 -70.0	 -90.0	8.104465e-005	9.420510e+000
tyr	 -60.0	 -90.0	5.778157e-005	9.758841e+000
tyr	 -50.0	 -90.0	4.001548e-005	1.012624e+001
tyr	 -40.0	 -90.0	2.661344e-005	1.053409e+001
tyr	 -30.0	 -90.0	1.657010e-005	1.100791e+001
tyr	 -20.0	 -90.0	9.991154e-006	1.151381e+001
tyr	 -10.0	 -90.0	6.532015e-006	1.193880e+001
tyr	   0.0	 -90.0	5.453403e-006	1.211927e+001
tyr	  10.0	 -90.0	6.262631e-006	1.198091e+001
tyr	  20.0	 -90.0	8.860366e-006	1.163392e+001
tyr	  30.0	 -90.0	1.332275e-005	1.122604e+001
tyr	  40.0	 -90.0	1.950504e-005	1.084484e+001
tyr	  50.0	 -90.0	2.655229e-005	1.053639e+001
tyr	  60.0	 -90.0	3.269373e-005	1.032833e+001
tyr	  70.0	 -90.0	3.579391e-005	1.023773e+001
tyr	  80.0	 -90.0	3.454810e-005	1.027316e+001
tyr	  90.0	 -90.0	2.938745e-005	1.043494e+001
tyr	 100.0	 -90.0	2.221866e-005	1.071458e+001
tyr	 110.0	 -90.0	1.523139e-005	1.109215e+001
tyr	 120.0	 -90.0	9.840034e-006	1.152905e+001
tyr	 130.0	 -90.0	6.447694e-006	1.195179e+001
tyr	 140.0	 -90.0	4.842626e-006	1.223805e+001
tyr	 150.0	 -90.0	4.697541e-006	1.226847e+001
tyr	 160.0	 -90.0	5.883844e-006	1.204330e+001
tyr	 170.0	 -90.0	8.611002e-006	1.166247e+001
tyr	-180.0	 -80.0	1.527782e-005	1.108911e+001
tyr	-170.0	 -80.0	2.531892e-005	1.058396e+001
tyr	-160.0	 -80.0	4.181592e-005	1.008223e+001
tyr	-150.0	 -80.0	6.702174e-005	9.610493e+000
tyr	-140.0	 -80.0	1.015144e-004	9.195310e+000
tyr	-130.0	 -80.0	1.420282e-004	8.859485e+000
tyr	-120.0	 -80.0	1.817878e-004	8.612671e+000
tyr	-110.0	 -80.0	2.135933e-004	8.451437e+000
tyr	-100.0	 -80.0	2.308308e-004	8.373825e+000
tyr	 -90.0	 -80.0	2.281606e-004	8.385461e+000
tyr	 -80.0	 -80.0	2.076853e-004	8.479486e+000
tyr	 -70.0	 -80.0	1.806382e-004	8.619014e+000
tyr	 -60.0	 -80.0	1.553409e-004	8.769889e+000
tyr	 -50.0	 -80.0	1.238186e-004	8.996693e+000
tyr	 -40.0	 -80.0	8.061555e-005	9.425819e+000
tyr	 -30.0	 -80.0	4.187219e-005	1.008089e+001
tyr	 -20.0	 -80.0	1.937038e-005	1.085177e+001
tyr	 -10.0	 -80.0	9.603833e-006	1.155335e+001
tyr	   0.0	 -80.0	6.472690e-006	1.194792e+001
tyr	  10.0	 -80.0	6.864981e-006	1.188908e+001
tyr	  20.0	 -80.0	9.929483e-006	1.152000e+001
tyr	  30.0	 -80.0	1.569618e-005	1.106209e+001
tyr	  40.0	 -80.0	2.406656e-005	1.063469e+001
tyr	  50.0	 -80.0	3.396046e-005	1.029031e+001
tyr	  60.0	 -80.0	4.291989e-005	1.005618e+001
tyr	  70.0	 -80.0	4.782803e-005	9.947899e+000
tyr	  80.0	 -80.0	4.664553e-005	9.972934e+000
tyr	  90.0	 -80.0	3.981901e-005	1.013117e+001
tyr	 100.0	 -80.0	2.999765e-005	1.041439e+001
tyr	 110.0	 -80.0	2.031552e-005	1.080413e+001
tyr	 120.0	 -80.0	1.281218e-005	1.126511e+001
tyr	 130.0	 -80.0	8.055022e-006	1.172921e+001
tyr	 140.0	 -80.0	5.706123e-006	1.207397e+001
tyr	 150.0	 -80.0	5.246917e-006	1.215787e+001
tyr	 160.0	 -80.0	6.431736e-006	1.195427e+001
tyr	 170.0	 -80.0	9.495766e-006	1.156466e+001
tyr	-180.0	 -70.0	1.744381e-005	1.095653e+001
tyr	-170.0	 -70.0	3.023105e-005	1.040664e+001
tyr	-160.0	 -70.0	5.284726e-005	9.848105e+000
tyr	-150.0	 -70.0	9.046860e-005	9.310508e+000
tyr	-140.0	 -70.0	1.468001e-004	8.826439e+000
tyr	-130.0	 -70.0	2.195454e-004	8.423952e+000
tyr	-120.0	 -70.0	2.989995e-004	8.115069e+000
tyr	-110.0	 -70.0	3.714367e-004	7.898132e+000
tyr	-100.0	 -70.0	4.236294e-004	7.766652e+000
tyr	 -90.0	 -70.0	4.536496e-004	7.698186e+000
tyr	 -80.0	 -70.0	4.829437e-004	7.635611e+000
tyr	 -70.0	 -70.0	5.390849e-004	7.525638e+000
tyr	 -60.0	 -70.0	5.921520e-004	7.431747e+000
tyr	 -50.0	 -70.0	5.204920e-004	7.560736e+000
tyr	 -40.0	 -70.0	3.122338e-004	8.071758e+000
tyr	 -30.0	 -70.0	1.285121e-004	8.959488e+000
tyr	 -20.0	 -70.0	4.276629e-005	1.005976e+001
tyr	 -10.0	 -70.0	1.497231e-005	1.110931e+001
tyr	   0.0	 -70.0	7.685873e-006	1.177613e+001
tyr	  10.0	 -70.0	7.389458e-006	1.181546e+001
tyr	  20.0	 -70.0	1.087831e-005	1.142874e+001
tyr	  30.0	 -70.0	1.789949e-005	1.093074e+001
tyr	  40.0	 -70.0	2.842603e-005	1.046821e+001
tyr	  50.0	 -70.0	4.122581e-005	1.009645e+001
tyr	  60.0	 -70.0	5.319181e-005	9.841606e+000
tyr	  70.0	 -70.0	6.016517e-005	9.718417e+000
tyr	  80.0	 -70.0	5.923816e-005	9.733945e+000
tyr	  90.0	 -70.0	5.078196e-005	9.887969e+000
tyr	 100.0	 -70.0	3.821138e-005	1.017238e+001
tyr	 110.0	 -70.0	2.569260e-005	1.056931e+001
tyr	 120.0	 -70.0	1.595801e-005	1.104555e+001
tyr	 130.0	 -70.0	9.759037e-006	1.153732e+001
tyr	 140.0	 -70.0	6.624304e-006	1.192477e+001
tyr	 150.0	 -70.0	5.835041e-006	1.205163e+001
tyr	 160.0	 -70.0	7.032666e-006	1.186494e+001
tyr	 170.0	 -70.0	1.051008e-005	1.146318e+001
tyr	-180.0	 -60.0	1.976812e-005	1.083144e+001
tyr	-170.0	 -60.0	3.567605e-005	1.024103e+001
tyr	-160.0	 -60.0	6.564085e-005	9.631312e+000
tyr	-150.0	 -60.0	1.194522e-004	9.032594e+000
tyr	-140.0	 -60.0	2.072239e-004	8.481711e+000
tyr	-130.0	 -60.0	3.312074e-004	8.012766e+000
tyr	-120.0	 -60.0	4.781808e-004	7.645522e+000
tyr	-110.0	 -60.0	6.208064e-004	7.384491e+000
tyr	-100.0	 -60.0	7.392209e-004	7.209914e+000
tyr	 -90.0	 -60.0	8.664258e-004	7.051134e+000
tyr	 -80.0	 -60.0	1.114939e-003	6.798956e+000
tyr	 -70.0	 -60.0	1.597966e-003	6.439024e+000
tyr	 -60.0	 -60.0	2.079241e-003	6.175752e+000
tyr	 -50.0	 -60.0	1.863896e-003	6.285087e+000
tyr	 -40.0	 -60.0	1.009960e-003	6.897845e+000
tyr	 -30.0	 -60.0	3.395410e-004	7.987916e+000
tyr	 -20.0	 -60.0	8.452327e-005	9.378484e+000
tyr	 -10.0	 -60.0	2.139635e-005	1.075229e+001
tyr	   0.0	 -60.0	8.427823e-006	1.168397e+001
tyr	  10.0	 -60.0	7.459842e-006	1.180598e+001
tyr	  20.0	 -60.0	1.126992e-005	1.139337e+001
tyr	  30.0	 -60.0	1.922589e-005	1.085925e+001
tyr	  40.0	 -60.0	3.148163e-005	1.036611e+001
tyr	  50.0	 -60.0	4.685004e-005	9.968559e+000
tyr	  60.0	 -60.0	6.175287e-005	9.692370e+000
tyr	  70.0	 -60.0	7.098717e-005	9.553011e+000
tyr	  80.0	 -60.0	7.060237e-005	9.558447e+000
tyr	  90.0	 -60.0	6.075306e-005	9.708693e+000
tyr	 100.0	 -60.0	4.562387e-005	9.995079e+000
tyr	 110.0	 -60.0	3.046379e-005	1.039897e+001
tyr	 120.0	 -60.0	1.869539e-005	1.088723e+001
tyr	 130.0	 -60.0	1.121694e-005	1.139809e+001
tyr	 140.0	 -60.0	7.403851e-006	1.181351e+001
tyr	 150.0	 -60.0	6.347475e-006	1.196745e+001
tyr	 160.0	 -60.0	7.602771e-006	1.178700e+001
tyr	 170.0	 -60.0	1.155316e-005	1.136855e+001
tyr	-180.0	 -50.0	2.184305e-005	1.073163e+001
tyr	-170.0	 -50.0	4.059844e-005	1.011178e+001
tyr	-160.0	 -50.0	7.772398e-005	9.462347e+000
tyr	-150.0	 -50.0	1.495657e-004	8.807775e+000
tyr	-140.0	 -50.0	2.783507e-004	8.186629e+000
tyr	-130.0	 -50.0	4.783843e-004	7.645096e+000
tyr	-120.0	 -50.0	7.309222e-004	7.221204e+000
tyr	-110.0	 -50.0	9.777249e-004	6.930282e+000
tyr	-100.0	 -50.0	1.188353e-003	6.735187e+000
tyr	 -90.0	 -50.0	1.484508e-003	6.512672e+000
tyr	 -80.0	 -50.0	2.248953e-003	6.097290e+000
tyr	 -70.0	 -50.0	3.919538e-003	5.541782e+000
tyr	 -60.0	 -50.0	5.534723e-003	5.196714e+000
tyr	 -50.0	 -50.0	4.720266e-003	5.355890e+000
tyr	 -40.0	 -50.0	2.240069e-003	6.101249e+000
tyr	 -30.0	 -50.0	6.219778e-004	7.382606e+000
tyr	 -20.0	 -50.0	1.207897e-004	9.021460e+000
tyr	 -10.0	 -50.0	2.362498e-005	1.065321e+001
tyr	   0.0	 -50.0	7.813936e-006	1.175960e+001
tyr	  10.0	 -50.0	6.859358e-006	1.188990e+001
tyr	  20.0	 -50.0	1.089480e-005	1.142723e+001
tyr	  30.0	 -50.0	1.937970e-005	1.085128e+001
tyr	  40.0	 -50.0	3.294462e-005	1.032068e+001
tyr	  50.0	 -50.0	5.081209e-005	9.887376e+000
tyr	  60.0	 -50.0	6.910724e-005	9.579851e+000
tyr	  70.0	 -50.0	8.124472e-005	9.418045e+000
tyr	  80.0	 -50.0	8.166546e-005	9.412879e+000
tyr	  90.0	 -50.0	7.019270e-005	9.564266e+000
tyr	 100.0	 -50.0	5.217709e-005	9.860867e+000
tyr	 110.0	 -50.0	3.429806e-005	1.028042e+001
tyr	 120.0	 -50.0	2.066905e-005	1.078687e+001
tyr	 130.0	 -50.0	1.216058e-005	1.131731e+001
tyr	 140.0	 -50.0	7.867525e-006	1.175277e+001
tyr	 150.0	 -50.0	6.661450e-006	1.191917e+001
tyr	 160.0	 -50.0	8.028169e-006	1.173255e+001
tyr	 170.0	 -50.0	1.244888e-005	1.129388e+001
tyr	-180.0	 -40.0	2.330176e-005	1.066698e+001
tyr	-170.0	 -40.0	4.417065e-005	1.002745e+001
tyr	-160.0	 -40.0	8.728623e-005	9.346318e+000
tyr	-150.0	 -40.0	1.779126e-004	8.634218e+000
tyr	-140.0	 -40.0	3.591527e-004	7.931763e+000
tyr	-130.0	 -40.0	6.713060e-004	7.306286e+000
tyr	-120.0	 -40.0	1.091172e-003	6.820503e+000
tyr	-110.0	 -40.0	1.501661e-003	6.501184e+000
tyr	-100.0	 -40.0	1.851523e-003	6.291747e+000
tyr	 -90.0	 -40.0	2.419064e-003	6.024375e+000
tyr	 -80.0	 -40.0	4.071087e-003	5.503845e+000
tyr	 -70.0	 -40.0	7.742496e-003	4.861031e+000
tyr	 -60.0	 -40.0	1.061442e-002	4.545542e+000
tyr	 -50.0	 -40.0	7.958514e-003	4.833513e+000
tyr	 -40.0	 -40.0	3.152232e-003	5.759644e+000
tyr	 -30.0	 -40.0	7.145948e-004	7.243795e+000
tyr	 -20.0	 -40.0	1.108284e-004	9.107527e+000
tyr	 -10.0	 -40.0	1.793614e-005	1.092869e+001
tyr	   0.0	 -40.0	5.818956e-006	1.205439e+001
tyr	  10.0	 -40.0	5.754125e-006	1.206559e+001
tyr	  20.0	 -40.0	9.960989e-006	1.151683e+001
tyr	  30.0	 -40.0	1.888500e-005	1.087714e+001
tyr	  40.0	 -40.0	3.427133e-005	1.028120e+001
tyr	  50.0	 -40.0	5.642842e-005	9.782538e+000
tyr	  60.0	 -40.0	8.097402e-005	9.421382e+000
tyr	  70.0	 -40.0	9.820261e-005	9.228478e+000
tyr	  80.0	 -40.0	9.918508e-005	9.218523e+000
tyr	  90.0	 -40.0	8.373041e-005	9.387908e+000
tyr	 100.0	 -40.0	6.021596e-005	9.717573e+000
tyr	 110.0	 -40.0	3.804522e-005	1.017674e+001
tyr	 120.0	 -40.0	2.204922e-005	1.072223e+001
tyr	 130.0	 -40.0	1.254472e-005	1.128621e+001
tyr	 140.0	 -40.0	7.930187e-006	1.174483e+001
tyr	 150.0	 -40.0	6.687762e-006	1.191523e+001
tyr	 160.0	 -40.0	8.197872e-006	1.171164e+001
tyr	 170.0	 -40.0	1.301456e-005	1.124944e+001
tyr	-180.0	 -30.0	2.419258e-005	1.062946e+001
tyr	-170.0	 -30.0	4.688231e-005	9.967870e+000
tyr	-160.0	 -30.0	9.570066e-005	9.254285e+000
tyr	-150.0	 -30.0	2.062742e-004	8.486304e+000
tyr	-140.0	 -30.0	4.487809e-004	7.708976e+000
tyr	-130.0	 -30.0	9.081589e-004	7.004091e+000
tyr	-120.0	 -30.0	1.586644e-003	6.446134e+000
tyr	-110.0	 -30.0	2.313736e-003	6.068892e+000
tyr	-100.0	 -30.0	3.040510e-003	5.795730e+000
tyr	 -90.0	 -30.0	4.258815e-003	5.458764e+000
tyr	 -80.0	 -30.0	7.040013e-003	4.956145e+000
tyr	 -70.0	 -30.0	1.199905e-002	4.422928e+000
tyr	 -60.0	 -30.0	1.399960e-002	4.268726e+000
tyr	 -50.0	 -30.0	8.583485e-003	4.757915e+000
tyr	 -40.0	 -30.0	2.706885e-003	5.911957e+000
tyr	 -30.0	 -30.0	4.900919e-004	7.620918e+000
tyr	 -20.0	 -30.0	6.190178e-005	9.689962e+000
tyr	 -10.0	 -30.0	9.091858e-006	1.160813e+001
tyr	   0.0	 -30.0	3.617426e-006	1.252975e+001
tyr	  10.0	 -30.0	4.587085e-006	1.229227e+001
tyr	  20.0	 -30.0	9.045036e-006	1.161329e+001
tyr	  30.0	 -30.0	1.923681e-005	1.085869e+001
tyr	  40.0	 -30.0	3.945138e-005	1.014044e+001
tyr	  50.0	 -30.0	7.246513e-005	9.532405e+000
tyr	  60.0	 -30.0	1.118631e-004	9.098234e+000
tyr	  70.0	 -30.0	1.392951e-004	8.878916e+000
tyr	  80.0	 -30.0	1.382646e-004	8.886342e+000
tyr	  90.0	 -30.0	1.109449e-004	9.106477e+000
tyr	 100.0	 -30.0	7.433648e-005	9.506909e+000
tyr	 110.0	 -30.0	4.344993e-005	1.004390e+001
tyr	 120.0	 -30.0	2.338377e-005	1.066347e+001
tyr	 130.0	 -30.0	1.251184e-005	1.128884e+001
tyr	 140.0	 -30.0	7.610322e-006	1.178601e+001
tyr	 150.0	 -30.0	6.398372e-006	1.195947e+001
tyr	 160.0	 -30.0	8.052162e-006	1.172957e+001
tyr	 170.0	 -30.0	1.318348e-005	1.123655e+001
tyr	-180.0	 -20.0	2.510682e-005	1.059237e+001
tyr	-170.0	 -20.0	5.079822e-005	9.887649e+000
tyr	-160.0	 -20.0	1.084775e-004	9.128967e+000
tyr	-150.0	 -20.0	2.441510e-004	8.317724e+000
tyr	-140.0	 -20.0	5.525517e-004	7.500964e+000
tyr	-130.0	 -20.0	1.184582e-003	6.738366e+000
tyr	-120.0	 -20.0	2.272750e-003	6.086765e+000
tyr	-110.0	 -20.0	3.713823e-003	5.595693e+000
tyr	-100.0	 -20.0	5.423747e-003	5.216968e+000
tyr	 -90.0	 -20.0	7.739696e-003	4.861393e+000
tyr	 -80.0	 -20.0	1.072225e-002	4.535434e+000
tyr	 -70.0	 -20.0	1.351320e-002	4.304088e+000
tyr	 -60.0	 -20.0	1.188797e-002	4.432229e+000
tyr	 -50.0	 -20.0	5.651786e-003	5.175784e+000
tyr	 -40.0	 -20.0	1.386081e-003	6.581275e+000
tyr	 -30.0	 -20.0	1.976347e-004	8.529090e+000
tyr	 -20.0	 -20.0	2.096460e-005	1.077268e+001
tyr	 -10.0	 -20.0	3.357958e-006	1.260418e+001
tyr	   0.0	 -20.0	2.155299e-006	1.304758e+001
tyr	  10.0	 -20.0	3.749637e-006	1.249385e+001
tyr	  20.0	 -20.0	8.968434e-006	1.162180e+001
tyr	  30.0	 -20.0	2.310605e-005	1.067542e+001
tyr	  40.0	 -20.0	5.629097e-005	9.784977e+000
tyr	  50.0	 -20.0	1.163575e-004	9.058843e+000
tyr	  60.0	 -20.0	1.895798e-004	8.570700e+000
tyr	  70.0	 -20.0	2.352347e-004	8.354927e+000
tyr	  80.0	 -20.0	2.221158e-004	8.412312e+000
tyr	  90.0	 -20.0	1.638137e-004	8.716781e+000
tyr	 100.0	 -20.0	9.877466e-005	9.222670e+000
tyr	 110.0	 -20.0	5.156548e-005	9.872658e+000
tyr	 120.0	 -20.0	2.490122e-005	1.060059e+001
tyr	 130.0	 -20.0	1.215222e-005	1.131800e+001
tyr	 140.0	 -20.0	6.969853e-006	1.187392e+001
tyr	 150.0	 -20.0	5.834565e-006	1.205171e+001
tyr	 160.0	 -20.0	7.630773e-006	1.178332e+001
tyr	 170.0	 -20.0	1.309176e-005	1.124353e+001
tyr	-180.0	 -10.0	2.668235e-005	1.053151e+001
tyr	-170.0	 -10.0	5.770087e-005	9.760238e+000
tyr	-160.0	 -10.0	1.312395e-004	8.938487e+000
tyr	-150.0	 -10.0	3.085739e-004	8.083549e+000
tyr	-140.0	 -10.0	7.142412e-004	7.244290e+000
tyr	-130.0	 -10.0	1.604143e-003	6.435166e+000
tyr	-120.0	 -10.0	3.411885e-003	5.680490e+000
tyr	-110.0	 -10.0	6.244590e-003	5.076040e+000
tyr	-100.0	 -10.0	9.369824e-003	4.670261e+000
tyr	 -90.0	 -10.0	1.167382e-002	4.450407e+000
tyr	 -80.0	 -10.0	1.218241e-002	4.407762e+000
tyr	 -70.0	 -10.0	1.046462e-002	4.559755e+000
tyr	 -60.0	 -10.0	6.409591e-003	5.049960e+000
tyr	 -50.0	 -10.0	2.265155e-003	6.090112e+000
tyr	 -40.0	 -10.0	4.284770e-004	7.755273e+000
tyr	 -30.0	 -10.0	4.850380e-005	9.933868e+000
tyr	 -20.0	 -10.0	4.700235e-006	1.226790e+001
tyr	 -10.0	 -10.0	1.194439e-006	1.363783e+001
tyr	   0.0	 -10.0	1.456763e-006	1.343929e+001
tyr	  10.0	 -10.0	3.546873e-006	1.254944e+001
tyr	  20.0	 -10.0	1.106043e-005	1.141214e+001
tyr	  30.0	 -10.0	3.546500e-005	1.024696e+001
tyr	  40.0	 -10.0	9.922982e-005	9.218072e+000
tyr	  50.0	 -10.0	2.180683e-004	8.430702e+000
tyr	  60.0	 -10.0	3.564593e-004	7.939290e+000
tyr	  70.0	 -10.0	4.252015e-004	7.762947e+000
tyr	  80.0	 -10.0	3.730196e-004	7.893880e+000
tyr	  90.0	 -10.0	2.484830e-004	8.300136e+000
tyr	 100.0	 -10.0	1.326091e-004	8.928105e+000
tyr	 110.0	 -10.0	6.074842e-005	9.708770e+000
tyr	 120.0	 -10.0	2.584978e-005	1.056321e+001
tyr	 130.0	 -10.0	1.131258e-005	1.138960e+001
tyr	 140.0	 -10.0	6.063549e-006	1.201322e+001
tyr	 150.0	 -10.0	5.105173e-006	1.218526e+001
tyr	 160.0	 -10.0	7.086786e-006	1.185728e+001
tyr	 170.0	 -10.0	1.301542e-005	1.124938e+001
tyr	-180.0	   0.0	2.903550e-005	1.044699e+001
tyr	-170.0	   0.0	6.676309e-005	9.614360e+000
tyr	-160.0	   0.0	1.614826e-004	8.731113e+000
tyr	-150.0	   0.0	4.019747e-004	7.819121e+000
tyr	-140.0	   0.0	9.728723e-004	6.935258e+000
tyr	-130.0	   0.0	2.286767e-003	6.080616e+000
tyr	-120.0	   0.0	5.112015e-003	5.276162e+000
tyr	-110.0	   0.0	9.395589e-003	4.667515e+000
tyr	-100.0	   0.0	1.267230e-002	4.368337e+000
tyr	 -90.0	   0.0	1.232458e-002	4.396160e+000
tyr	 -80.0	   0.0	9.189861e-003	4.689654e+000
tyr	 -70.0	   0.0	5.466658e-003	5.209088e+000
tyr	 -60.0	   0.0	2.346364e-003	6.054889e+000
tyr	 -50.0	   0.0	6.172292e-004	7.390270e+000
tyr	 -40.0	   0.0	9.251730e-005	9.288115e+000
tyr	 -30.0	   0.0	8.918478e-006	1.162739e+001
tyr	 -20.0	   0.0	1.028120e-006	1.378778e+001
tyr	 -10.0	   0.0	6.214289e-007	1.429124e+001
tyr	   0.0	   0.0	1.342123e-006	1.352126e+001
tyr	  10.0	   0.0	4.612817e-006	1.228667e+001
tyr	  20.0	   0.0	1.818794e-005	1.091475e+001
tyr	  30.0	   0.0	6.593038e-005	9.626911e+000
tyr	  40.0	   0.0	1.917054e-004	8.559551e+000
tyr	  50.0	   0.0	4.158753e-004	7.785125e+000
tyr	  60.0	   0.0	6.504175e-004	7.337896e+000
tyr	  70.0	   0.0	7.262235e-004	7.227653e+000
tyr	  80.0	   0.0	5.849194e-004	7.444036e+000
tyr	  90.0	   0.0	3.507318e-004	7.955489e+000
tyr	 100.0	   0.0	1.654579e-004	8.706794e+000
tyr	 110.0	   0.0	6.634252e-005	9.620680e+000
tyr	 120.0	   0.0	2.482112e-005	1.060382e+001
tyr	 130.0	   0.0	9.768292e-006	1.153637e+001
tyr	 140.0	   0.0	4.978076e-006	1.221047e+001
tyr	 150.0	   0.0	4.376264e-006	1.233932e+001
tyr	 160.0	   0.0	6.648870e-006	1.192106e+001
tyr	 170.0	   0.0	1.323666e-005	1.123252e+001
tyr	-180.0	  10.0	3.208410e-005	1.034715e+001
tyr	-170.0	  10.0	7.600727e-005	9.484682e+000
tyr	-160.0	  10.0	1.896487e-004	8.570337e+000
tyr	-150.0	  10.0	4.915048e-004	7.618039e+000
tyr	-140.0	  10.0	1.234569e-003	6.697034e+000
tyr	-130.0	  10.0	2.937131e-003	5.830322e+000
tyr	-120.0	  10.0	6.330342e-003	5.062401e+000
tyr	-110.0	  10.0	1.045725e-002	4.560459e+000
tyr	-100.0	  10.0	1.167854e-002	4.450002e+000
tyr	 -90.0	  10.0	8.661622e-003	4.748853e+000
tyr	 -80.0	  10.0	4.609169e-003	5.379708e+000
tyr	 -70.0	  10.0	1.971790e-003	6.228814e+000
tyr	 -60.0	  10.0	6.500834e-004	7.338410e+000
tyr	 -50.0	  10.0	1.426233e-004	8.855303e+000
tyr	 -40.0	  10.0	1.992027e-005	1.082377e+001
tyr	 -30.0	  10.0	2.198651e-006	1.302767e+001
tyr	 -20.0	  10.0	4.837820e-007	1.454163e+001
tyr	 -10.0	  10.0	6.172816e-007	1.429794e+001
tyr	   0.0	  10.0	1.994273e-006	1.312523e+001
tyr	  10.0	  10.0	8.419136e-006	1.168500e+001
tyr	  20.0	  10.0	3.562333e-005	1.024251e+001
tyr	  30.0	  10.0	1.284496e-004	8.959974e+000
tyr	  40.0	  10.0	3.574548e-004	7.936502e+000
tyr	  50.0	  10.0	7.269069e-004	7.226712e+000
tyr	  60.0	  10.0	1.052504e-003	6.856583e+000
tyr	  70.0	  10.0	1.078654e-003	6.832041e+000
tyr	  80.0	  10.0	7.910812e-004	7.142110e+000
tyr	  90.0	  10.0	4.275398e-004	7.757463e+000
tyr	 100.0	  10.0	1.795229e-004	8.625208e+000
tyr	 110.0	  10.0	6.351798e-005	9.664187e+000
tyr	 120.0	  10.0	2.111204e-005	1.076567e+001
tyr	 130.0	  10.0	7.642127e-006	1.178183e+001
tyr	 140.0	  10.0	3.901096e-006	1.245425e+001
tyr	 150.0	  10.0	3.829657e-006	1.247274e+001
tyr	 160.0	  10.0	6.535727e-006	1.193823e+001
tyr	 170.0	  10.0	1.399454e-005	1.117684e+001
tyr	-180.0	  20.0	3.573720e-005	1.023932e+001
tyr	-170.0	  20.0	8.424104e-005	9.381828e+000
tyr	-160.0	  20.0	2.060191e-004	8.487542e+000
tyr	-150.0	  20.0	5.213964e-004	7.559000e+000
tyr	-140.0	  20.0	1.271992e-003	6.667171e+000
tyr	-130.0	  20.0	2.849534e-003	5.860600e+000
tyr	-120.0	  20.0	5.508520e-003	5.201459e+000
tyr	-110.0	  20.0	7.815376e-003	4.851662e+000
tyr	-100.0	  20.0	7.176421e-003	4.936955e+000
tyr	 -90.0	  20.0	4.215835e-003	5.468908e+000
tyr	 -80.0	  20.0	1.709353e-003	6.371640e+000
tyr	 -70.0	  20.0	5.558968e-004	7.494928e+000
tyr	 -60.0	  20.0	1.558750e-004	8.766456e+000
tyr	 -50.0	  20.0	3.478554e-005	1.026631e+001
tyr	 -40.0	  20.0	6.380418e-006	1.196228e+001
tyr	 -30.0	  20.0	1.314350e-006	1.354217e+001
tyr	 -20.0	  20.0	5.718962e-007	1.437431e+001
tyr	 -10.0	  20.0	1.043627e-006	1.377281e+001
tyr	   0.0	  20.0	3.939264e-006	1.244452e+001
tyr	  10.0	  20.0	1.687722e-005	1.098955e+001
tyr	  20.0	  20.0	6.803759e-005	9.595450e+000
tyr	  30.0	  20.0	2.285332e-004	8.383829e+000
tyr	  40.0	  20.0	5.867117e-004	7.440977e+000
tyr	  50.0	  20.0	1.093037e-003	6.818795e+000
tyr	  60.0	  20.0	1.440938e-003	6.542461e+000
tyr	  70.0	  20.0	1.338079e-003	6.616520e+000
tyr	  80.0	  20.0	8.864954e-004	7.028235e+000
tyr	  90.0	  20.0	4.317421e-004	7.747682e+000
tyr	 100.0	  20.0	1.628658e-004	8.722584e+000
tyr	 110.0	  20.0	5.178528e-005	9.868405e+000
tyr	 120.0	  20.0	1.574372e-005	1.105907e+001
tyr	 130.0	  20.0	5.522857e-006	1.210662e+001
tyr	 140.0	  20.0	3.079392e-006	1.269078e+001
tyr	 150.0	  20.0	3.581686e-006	1.253968e+001
tyr	 160.0	  20.0	6.825000e-006	1.189492e+001
tyr	 170.0	  20.0	1.533694e-005	1.108525e+001
tyr	-180.0	  30.0	3.925059e-005	1.014554e+001
tyr	-170.0	  30.0	9.006754e-005	9.314951e+000
tyr	-160.0	  30.0	2.065195e-004	8.485116e+000
tyr	-150.0	  30.0	4.746809e-004	7.652868e+000
tyr	-140.0	  30.0	1.039249e-003	6.869257e+000
tyr	-130.0	  30.0	2.039425e-003	6.195088e+000
tyr	-120.0	  30.0	3.346711e-003	5.699777e+000
tyr	-110.0	  30.0	4.019190e-003	5.516675e+000
tyr	-100.0	  30.0	3.151194e-003	5.759974e+000
tyr	 -90.0	  30.0	1.610017e-003	6.431510e+000
tyr	 -80.0	  30.0	5.899612e-004	7.435454e+000
tyr	 -70.0	  30.0	1.839635e-004	8.600773e+000
tyr	 -60.0	  30.0	5.721053e-005	9.768773e+000
tyr	 -50.0	  30.0	1.792747e-005	1.092918e+001
tyr	 -40.0	  30.0	5.537076e-006	1.210404e+001
tyr	 -30.0	  30.0	1.799355e-006	1.322808e+001
tyr	 -20.0	  30.0	9.766171e-007	1.383917e+001
tyr	 -10.0	  30.0	1.976827e-006	1.313402e+001
tyr	   0.0	  30.0	7.463797e-006	1.180545e+001
tyr	  10.0	  30.0	2.994221e-005	1.041624e+001
tyr	  20.0	  30.0	1.104397e-004	9.111040e+000
tyr	  30.0	  30.0	3.386329e-004	7.990594e+000
tyr	  40.0	  30.0	7.950995e-004	7.137043e+000
tyr	  50.0	  30.0	1.354014e-003	6.604681e+000
tyr	  60.0	  30.0	1.625627e-003	6.421862e+000
tyr	  70.0	  30.0	1.367659e-003	6.594655e+000
tyr	  80.0	  30.0	8.178332e-004	7.108852e+000
tyr	  90.0	  30.0	3.598087e-004	7.929938e+000
tyr	 100.0	  30.0	1.236429e-004	8.998113e+000
tyr	 110.0	  30.0	3.661673e-005	1.021501e+001
tyr	 120.0	  30.0	1.089287e-005	1.142740e+001
tyr	 130.0	  30.0	4.080080e-006	1.240939e+001
tyr	 140.0	  30.0	2.680881e-006	1.282937e+001
tyr	 150.0	  30.0	3.629512e-006	1.252641e+001
tyr	 160.0	  30.0	7.380812e-006	1.181663e+001
tyr	 170.0	  30.0	1.690071e-005	1.098815e+001
tyr	-180.0	  40.0	4.199978e-005	1.007785e+001
tyr	-170.0	  40.0	9.439015e-005	9.268074e+000
tyr	-160.0	  40.0	2.044962e-004	8.494961e+000
tyr	-150.0	  40.0	4.200270e-004	7.775192e+000
tyr	-140.0	  40.0	7.880410e-004	7.145960e+000
tyr	-130.0	  40.0	1.287192e-003	6.655292e+000
tyr	-120.0	  40.0	1.728272e-003	6.360633e+000
tyr	-110.0	  40.0	1.752816e-003	6.346532e+000
tyr	-100.0	  40.0	1.260225e-003	6.676465e+000
tyr	 -90.0	  40.0	6.727708e-004	7.304106e+000
tyr	 -80.0	  40.0	3.093746e-004	8.080958e+000
tyr	 -70.0	  40.0	1.387797e-004	8.882623e+000
tyr	 -60.0	  40.0	6.068834e-005	9.709759e+000
tyr	 -50.0	  40.0	2.419425e-005	1.062940e+001
tyr	 -40.0	  40.0	8.594944e-006	1.166434e+001
tyr	 -30.0	  40.0	2.961272e-006	1.272989e+001
tyr	 -20.0	  40.0	1.640472e-006	1.332053e+001
tyr	 -10.0	  40.0	3.282481e-006	1.262691e+001
tyr	   0.0	  40.0	1.171557e-005	1.135459e+001
tyr	  10.0	  40.0	4.305117e-005	1.005312e+001
tyr	  20.0	  40.0	1.435393e-004	8.848902e+000
tyr	  30.0	  40.0	3.989061e-004	7.826784e+000
tyr	  40.0	  40.0	8.556533e-004	7.063645e+000
tyr	  50.0	  40.0	1.339407e-003	6.615528e+000
tyr	  60.0	  40.0	1.481506e-003	6.514696e+000
tyr	  70.0	  40.0	1.146981e-003	6.770622e+000
tyr	  80.0	  40.0	6.303897e-004	7.369172e+000
tyr	  90.0	  40.0	2.564932e-004	8.268408e+000
tyr	 100.0	  40.0	8.369601e-005	9.388319e+000
tyr	 110.0	  40.0	2.503213e-005	1.059535e+001
tyr	 120.0	  40.0	8.225667e-006	1.170825e+001
tyr	 130.0	  40.0	3.613503e-006	1.253083e+001
tyr	 140.0	  40.0	2.721741e-006	1.281424e+001
tyr	 150.0	  40.0	3.904523e-006	1.245337e+001
tyr	 160.0	  40.0	8.016066e-006	1.173406e+001
tyr	 170.0	  40.0	1.826409e-005	1.091057e+001
tyr	-180.0	  50.0	4.530657e-005	1.000206e+001
tyr	-170.0	  50.0	1.031873e-004	9.178964e+000
tyr	-160.0	  50.0	2.250740e-004	8.399081e+000
tyr	-150.0	  50.0	4.447679e-004	7.717958e+000
tyr	-140.0	  50.0	7.469342e-004	7.199533e+000
tyr	-130.0	  50.0	1.020890e-003	6.887081e+000
tyr	-120.0	  50.0	1.119421e-003	6.794944e+000
tyr	-110.0	  50.0	9.885802e-004	6.919241e+000
tyr	-100.0	  50.0	7.305897e-004	7.221658e+000
tyr	 -90.0	  50.0	4.935513e-004	7.613884e+000
tyr	 -80.0	  50.0	3.190299e-004	8.050226e+000
tyr	 -70.0	  50.0	1.866694e-004	8.586172e+000
tyr	 -60.0	  50.0	9.249872e-005	9.288316e+000
tyr	 -50.0	  50.0	3.805529e-005	1.017647e+001
tyr	 -40.0	  50.0	1.340013e-005	1.122025e+001
tyr	 -30.0	  50.0	4.541895e-006	1.230217e+001
tyr	 -20.0	  50.0	2.440117e-006	1.292346e+001
tyr	 -10.0	  50.0	4.475304e-006	1.231694e+001
tyr	   0.0	  50.0	1.467550e-005	1.112933e+001
tyr	  10.0	  50.0	4.913112e-005	9.921018e+000
tyr	  20.0	  50.0	1.476692e-004	8.820536e+000
tyr	  30.0	  50.0	3.706608e-004	7.900223e+000
tyr	  40.0	  50.0	7.257034e-004	7.228369e+000
tyr	  50.0	  50.0	1.049964e-003	6.859000e+000
tyr	  60.0	  50.0	1.085914e-003	6.825333e+000
tyr	  70.0	  50.0	7.945845e-004	7.137691e+000
tyr	  80.0	  50.0	4.185130e-004	7.778803e+000
tyr	  90.0	  50.0	1.678558e-004	8.692405e+000
tyr	 100.0	  50.0	5.736565e-005	9.766065e+000
tyr	 110.0	  50.0	1.967449e-005	1.083619e+001
tyr	 120.0	  50.0	7.802904e-006	1.176101e+001
tyr	 130.0	  50.0	3.945660e-006	1.244289e+001
tyr	 140.0	  50.0	3.105845e-006	1.268222e+001
tyr	 150.0	  50.0	4.376275e-006	1.233931e+001
tyr	 160.0	  50.0	8.770343e-006	1.164413e+001
tyr	 170.0	  50.0	1.970286e-005	1.083475e+001
tyr	-180.0	  60.0	5.142373e-005	9.875411e+000
tyr	-170.0	  60.0	1.214151e-004	9.016296e+000
tyr	-160.0	  60.0	2.771385e-004	8.190993e+000
tyr	-150.0	  60.0	5.620347e-004	7.483947e+000
tyr	-140.0	  60.0	9.246640e-004	6.986080e+000
tyr	-130.0	  60.0	1.168044e-003	6.752425e+000
tyr	-120.0	  60.0	1.137682e-003	6.778762e+000
tyr	-110.0	  60.0	9.236976e-004	6.987126e+000
tyr	-100.0	  60.0	7.161431e-004	7.241631e+000
tyr	 -90.0	  60.0	5.694676e-004	7.470809e+000
tyr	 -80.0	  60.0	4.275002e-004	7.757556e+000
tyr	 -70.0	  60.0	2.701070e-004	8.216693e+000
tyr	 -60.0	  60.0	1.363178e-004	8.900521e+000
tyr	 -50.0	  60.0	5.518801e-005	9.804765e+000
tyr	 -40.0	  60.0	1.886634e-005	1.087813e+001
tyr	 -30.0	  60.0	6.276517e-006	1.197870e+001
tyr	 -20.0	  60.0	3.228514e-006	1.264349e+001
tyr	 -10.0	  60.0	5.056540e-006	1.219483e+001
tyr	   0.0	  60.0	1.472843e-005	1.112573e+001
tyr	  10.0	  60.0	4.480562e-005	1.001318e+001
tyr	  20.0	  60.0	1.218532e-004	9.012694e+000
tyr	  30.0	  60.0	2.769752e-004	8.191582e+000
tyr	  40.0	  60.0	4.964195e-004	7.608089e+000
tyr	  50.0	  60.0	6.689860e-004	7.309747e+000
tyr	  60.0	  60.0	6.586589e-004	7.325305e+000
tyr	  70.0	  60.0	4.717238e-004	7.659117e+000
tyr	  80.0	  60.0	2.530170e-004	8.282054e+000
tyr	  90.0	  60.0	1.098266e-004	9.116608e+000
tyr	 100.0	  60.0	4.387966e-005	1.003406e+001
tyr	 110.0	  60.0	1.831828e-005	1.090761e+001
tyr	 120.0	  60.0	8.468592e-006	1.167915e+001
tyr	 130.0	  60.0	4.620945e-006	1.228491e+001
tyr	 140.0	  60.0	3.682451e-006	1.251193e+001
tyr	 150.0	  60.0	5.058945e-006	1.219435e+001
tyr	 160.0	  60.0	9.893123e-006	1.152367e+001
tyr	 170.0	  60.0	2.205849e-005	1.072181e+001
tyr	-180.0	  70.0	6.029357e-005	9.716285e+000
tyr	-170.0	  70.0	1.439380e-004	8.846128e+000
tyr	-160.0	  70.0	3.335838e-004	8.005616e+000
tyr	-150.0	  70.0	6.861919e-004	7.284353e+000
tyr	-140.0	  70.0	1.134762e-003	6.781332e+000
tyr	-130.0	  70.0	1.419506e-003	6.557446e+000
tyr	-120.0	  70.0	1.350540e-003	6.607251e+000
tyr	-110.0	  70.0	1.078376e-003	6.832299e+000
tyr	-100.0	  70.0	8.573449e-004	7.061670e+000
tyr	 -90.0	  70.0	7.215787e-004	7.234069e+000
tyr	 -80.0	  70.0	5.662173e-004	7.476533e+000
tyr	 -70.0	  70.0	3.638886e-004	7.918663e+000
tyr	 -60.0	  70.0	1.822250e-004	8.610268e+000
tyr	 -50.0	  70.0	7.187195e-005	9.540625e+000
tyr	 -40.0	  70.0	2.389146e-005	1.064199e+001
tyr	 -30.0	  70.0	7.979934e-006	1.173858e+001
tyr	 -20.0	  70.0	4.017876e-006	1.242476e+001
tyr	 -10.0	  70.0	5.025394e-006	1.220101e+001
tyr	   0.0	  70.0	1.221151e-005	1.131313e+001
tyr	  10.0	  70.0	3.338019e-005	1.030755e+001
tyr	  20.0	  70.0	8.269071e-005	9.400403e+000
tyr	  30.0	  70.0	1.719403e-004	8.668363e+000
tyr	  40.0	  70.0	2.854031e-004	8.161608e+000
tyr	  50.0	  70.0	3.641365e-004	7.917982e+000
tyr	  60.0	  70.0	3.504325e-004	7.956342e+000
tyr	  70.0	  70.0	2.564588e-004	8.268542e+000
tyr	  80.0	  70.0	1.492157e-004	8.810117e+000
tyr	  90.0	  70.0	7.511406e-005	9.496503e+000
tyr	 100.0	  70.0	3.611102e-005	1.022891e+001
tyr	 110.0	  70.0	1.762614e-005	1.094613e+001
tyr	 120.0	  70.0	8.968847e-006	1.162175e+001
tyr	 130.0	  70.0	5.180664e-006	1.217058e+001
tyr	 140.0	  70.0	4.276851e-006	1.236229e+001
tyr	 150.0	  70.0	5.912882e-006	1.203838e+001
tyr	 160.0	  70.0	1.150723e-005	1.137253e+001
tyr	 170.0	  70.0	2.568805e-005	1.056948e+001
tyr	-180.0	  80.0	7.061963e-005	9.558202e+000
tyr	-170.0	  80.0	1.627806e-004	8.723107e+000
tyr	-160.0	  80.0	3.619023e-004	7.924136e+000
tyr	-150.0	  80.0	7.245603e-004	7.229946e+000
tyr	-140.0	  80.0	1.191439e-003	6.732593e+000
tyr	-130.0	  80.0	1.511050e-003	6.494951e+000
tyr	-120.0	  80.0	1.485113e-003	6.512265e+000
tyr	-110.0	  80.0	1.246702e-003	6.687253e+000
tyr	-100.0	  80.0	1.043745e-003	6.864940e+000
tyr	 -90.0	  80.0	9.094073e-004	7.002717e+000
tyr	 -80.0	  80.0	7.275939e-004	7.225767e+000
tyr	 -70.0	  80.0	4.695855e-004	7.663660e+000
tyr	 -60.0	  80.0	2.318963e-004	8.369220e+000
tyr	 -50.0	  80.0	8.932826e-005	9.323193e+000
tyr	 -40.0	  80.0	2.956656e-005	1.042887e+001
tyr	 -30.0	  80.0	1.039953e-005	1.147375e+001
tyr	 -20.0	  80.0	5.250156e-006	1.215725e+001
tyr	 -10.0	  80.0	4.936419e-006	1.221887e+001
tyr	   0.0	  80.0	8.950410e-006	1.162381e+001
tyr	  10.0	  80.0	2.115691e-005	1.076354e+001
tyr	  20.0	  80.0	4.782129e-005	9.948040e+000
tyr	  30.0	  80.0	9.225082e-005	9.290999e+000
tyr	  40.0	  80.0	1.446034e-004	8.841516e+000
tyr	  50.0	  80.0	1.791872e-004	8.627079e+000
tyr	  60.0	  80.0	1.743644e-004	8.654363e+000
tyr	  70.0	  80.0	1.359323e-004	8.903353e+000
tyr	  80.0	  80.0	8.912087e-005	9.325517e+000
tyr	  90.0	  80.0	5.244740e-005	9.855700e+000
tyr	 100.0	  80.0	2.923377e-005	1.044019e+001
tyr	 110.0	  80.0	1.586923e-005	1.105113e+001
tyr	 120.0	  80.0	8.679086e-006	1.165459e+001
tyr	 130.0	  80.0	5.358663e-006	1.213680e+001
tyr	 140.0	  80.0	4.736244e-006	1.226027e+001
tyr	 150.0	  80.0	6.823945e-006	1.189507e+001
tyr	 160.0	  80.0	1.353378e-005	1.121032e+001
tyr	 170.0	  80.0	3.045069e-005	1.039940e+001
tyr	-180.0	  90.0	8.510532e-005	9.371621e+000
tyr	-170.0	  90.0	1.856072e-004	8.591878e+000
tyr	-160.0	  90.0	3.798188e-004	7.875816e+000
tyr	-150.0	  90.0	7.081654e-004	7.252833e+000
tyr	-140.0	  90.0	1.132136e-003	6.783649e+000
tyr	-130.0	  90.0	1.471901e-003	6.521201e+000
tyr	-120.0	  90.0	1.560575e-003	6.462701e+000
tyr	-110.0	  90.0	1.456648e-003	6.531618e+000
tyr	-100.0	  90.0	1.332317e-003	6.620835e+000
tyr	 -90.0	  90.0	1.223389e-003	6.706130e+000
tyr	 -80.0	  90.0	1.014325e-003	6.893532e+000
tyr	 -70.0	  90.0	6.698728e-004	7.308423e+000
tyr	 -60.0	  90.0	3.371884e-004	7.994869e+000
tyr	 -50.0	  90.0	1.364082e-004	8.899859e+000
tyr	 -40.0	  90.0	4.985655e-005	9.906361e+000
tyr	 -30.0	  90.0	1.892989e-005	1.087477e+001
tyr	 -20.0	  90.0	8.685719e-006	1.165383e+001
tyr	 -10.0	  90.0	5.637438e-006	1.208608e+001
tyr	   0.0	  90.0	6.558982e-006	1.193468e+001
tyr	  10.0	  90.0	1.225242e-005	1.130979e+001
tyr	  20.0	  90.0	2.487331e-005	1.060172e+001
tyr	  30.0	  90.0	4.503771e-005	1.000801e+001
tyr	  40.0	  90.0	6.815305e-005	9.593755e+000
tyr	  50.0	  90.0	8.435523e-005	9.380474e+000
tyr	  60.0	  90.0	8.557022e-005	9.366173e+000
tyr	  70.0	  90.0	7.277083e-005	9.528195e+000
tyr	  80.0	  90.0	5.382704e-005	9.829735e+000
tyr	  90.0	  90.0	3.594286e-005	1.023358e+001
tyr	 100.0	  90.0	2.224728e-005	1.071329e+001
tyr	 110.0	  90.0	1.305882e-005	1.124605e+001
tyr	 120.0	  90.0	7.652655e-006	1.178046e+001
tyr	 130.0	  90.0	5.139771e-006	1.217850e+001
tyr	 140.0	  90.0	5.000645e-006	1.220594e+001
tyr	 150.0	  90.0	7.743171e-006	1.176870e+001
tyr	 160.0	  90.0	1.609603e-005	1.103694e+001
tyr	 170.0	  90.0	3.711626e-005	1.020146e+001
tyr	-180.0	 100.0	1.107017e-004	9.108671e+000
tyr	-170.0	 100.0	2.350892e-004	8.355546e+000
tyr	-160.0	 100.0	4.499473e-004	7.706380e+000
tyr	-150.0	 100.0	7.746375e-004	7.163115e+000
tyr	-140.0	 100.0	1.183278e-003	6.739467e+000
tyr	-130.0	 100.0	1.570886e-003	6.456116e+000
tyr	-120.0	 100.0	1.810380e-003	6.314219e+000
tyr	-110.0	 100.0	1.883550e-003	6.274597e+000
tyr	-100.0	 100.0	1.899447e-003	6.266192e+000
tyr	 -90.0	 100.0	1.904888e-003	6.263332e+000
tyr	 -80.0	 100.0	1.725450e-003	6.362267e+000
tyr	 -70.0	 100.0	1.270051e-003	6.668698e+000
tyr	 -60.0	 100.0	7.542915e-004	7.189732e+000
tyr	 -50.0	 100.0	3.763118e-004	7.885092e+000
tyr	 -40.0	 100.0	1.574591e-004	8.756345e+000
tyr	 -30.0	 100.0	5.606932e-005	9.788922e+000
tyr	 -20.0	 100.0	1.962662e-005	1.083862e+001
tyr	 -10.0	 100.0	8.275365e-006	1.170223e+001
tyr	   0.0	 100.0	5.591902e-006	1.209419e+001
tyr	  10.0	 100.0	7.230466e-006	1.183721e+001
tyr	  20.0	 100.0	1.259540e-005	1.128218e+001
tyr	  30.0	 100.0	2.143051e-005	1.075069e+001
tyr	  40.0	 100.0	3.184906e-005	1.035450e+001
tyr	  50.0	 100.0	4.019157e-005	1.012185e+001
tyr	  60.0	 100.0	4.311941e-005	1.005154e+001
tyr	  70.0	 100.0	3.992065e-005	1.012862e+001
tyr	  80.0	 100.0	3.253402e-005	1.033322e+001
tyr	  90.0	 100.0	2.377808e-005	1.064675e+001
tyr	 100.0	 100.0	1.586986e-005	1.105109e+001
tyr	 110.0	 100.0	9.961002e-006	1.151683e+001
tyr	 120.0	 100.0	6.298871e-006	1.197514e+001
tyr	 130.0	 100.0	4.686270e-006	1.227087e+001
tyr	 140.0	 100.0	5.125534e-006	1.218128e+001
tyr	 150.0	 100.0	8.766470e-006	1.164458e+001
tyr	 160.0	 100.0	1.965000e-005	1.083743e+001
tyr	 170.0	 100.0	4.756935e-005	9.953322e+000
tyr	-180.0	 110.0	1.521046e-004	8.790942e+000
tyr	-170.0	 110.0	3.290162e-004	8.019404e+000
tyr	-160.0	 110.0	6.226641e-004	7.381503e+000
tyr	-150.0	 110.0	1.035898e-003	6.872486e+000
tyr	-140.0	 110.0	1.539460e-003	6.476324e+000
tyr	-130.0	 110.0	2.060398e-003	6.184856e+000
tyr	-120.0	 110.0	2.467934e-003	6.004374e+000
tyr	-110.0	 110.0	2.707115e-003	5.911872e+000
tyr	-100.0	 110.0	2.946384e-003	5.827177e+000
tyr	 -90.0	 110.0	3.275490e-003	5.721288e+000
tyr	 -80.0	 110.0	3.398678e-003	5.684369e+000
tyr	 -70.0	 110.0	3.105293e-003	5.774647e+000
tyr	 -60.0	 110.0	2.406920e-003	6.029407e+000
tyr	 -50.0	 110.0	1.413727e-003	6.561526e+000
tyr	 -40.0	 110.0	5.799790e-004	7.452519e+000
tyr	 -30.0	 110.0	1.741575e-004	8.655550e+000
tyr	 -20.0	 110.0	4.595152e-005	9.987924e+000
tyr	 -10.0	 110.0	1.356569e-005	1.120797e+001
tyr	   0.0	 110.0	5.736765e-006	1.206862e+001
tyr	  10.0	 110.0	4.827131e-006	1.224126e+001
tyr	  20.0	 110.0	6.821789e-006	1.189539e+001
tyr	  30.0	 110.0	1.075080e-005	1.144053e+001
tyr	  40.0	 110.0	1.573148e-005	1.105985e+001
tyr	  50.0	 110.0	2.029337e-005	1.080522e+001
tyr	  60.0	 110.0	2.285358e-005	1.068640e+001
tyr	  70.0	 110.0	2.254691e-005	1.069991e+001
tyr	  80.0	 110.0	1.964736e-005	1.083757e+001
tyr	  90.0	 110.0	1.530066e-005	1.108761e+001
tyr	 100.0	 110.0	1.085848e-005	1.143056e+001
tyr	 110.0	 110.0	7.296989e-006	1.182805e+001
tyr	 120.0	 110.0	5.037403e-006	1.219862e+001
tyr	 130.0	 110.0	4.199231e-006	1.238061e+001
tyr	 140.0	 110.0	5.207216e-006	1.216547e+001
tyr	 150.0	 110.0	9.962418e-006	1.151669e+001
tyr	 160.0	 110.0	2.433869e-005	1.062344e+001
tyr	 170.0	 110.0	6.268236e-005	9.677431e+000
tyr	-180.0	 120.0	2.097057e-004	8.469805e+000
tyr	-170.0	 120.0	4.738537e-004	7.654612e+000
tyr	-160.0	 120.0	9.147890e-004	6.996817e+000
tyr	-150.0	 120.0	1.520827e-003	6.488501e+000
tyr	-140.0	 120.0	2.251592e-003	6.096118e+000
tyr	-130.0	 120.0	3.015427e-003	5.804014e+000
tyr	-120.0	 120.0	3.593560e-003	5.628612e+000
tyr	-110.0	 120.0	3.927272e-003	5.539810e+000
tyr	-100.0	 120.0	4.395679e-003	5.427133e+000
tyr	 -90.0	 120.0	5.248619e-003	5.249790e+000
tyr	 -80.0	 120.0	6.325781e-003	5.063122e+000
tyr	 -70.0	 120.0	7.345622e-003	4.913651e+000
tyr	 -60.0	 120.0	6.900142e-003	4.976213e+000
tyr	 -50.0	 120.0	4.206904e-003	5.471028e+000
tyr	 -40.0	 120.0	1.570570e-003	6.456317e+000
tyr	 -30.0	 120.0	3.968469e-004	7.831960e+000
tyr	 -20.0	 120.0	8.306715e-005	9.395861e+000
tyr	 -10.0	 120.0	1.903630e-005	1.086916e+001
tyr	   0.0	 120.0	6.012934e-006	1.202160e+001
tyr	  10.0	 120.0	3.679982e-006	1.251260e+001
tyr	  20.0	 120.0	4.248708e-006	1.236890e+001
tyr	  30.0	 120.0	6.106584e-006	1.200614e+001
tyr	  40.0	 120.0	8.666721e-006	1.165602e+001
tyr	  50.0	 120.0	1.123279e-005	1.139667e+001
tyr	  60.0	 120.0	1.298122e-005	1.125201e+001
tyr	  70.0	 120.0	1.330035e-005	1.122772e+001
tyr	  80.0	 120.0	1.211734e-005	1.132087e+001
tyr	  90.0	 120.0	9.926385e-006	1.152031e+001
tyr	 100.0	 120.0	7.482498e-006	1.180294e+001
tyr	 110.0	 120.0	5.422345e-006	1.212498e+001
tyr	 120.0	 120.0	4.108737e-006	1.240239e+001
tyr	 130.0	 120.0	3.813141e-006	1.247706e+001
tyr	 140.0	 120.0	5.300709e-006	1.214767e+001
tyr	 150.0	 120.0	1.123826e-005	1.139619e+001
tyr	 160.0	 120.0	2.969542e-005	1.042452e+001
tyr	 170.0	 120.0	8.158292e-005	9.413891e+000
tyr	-180.0	 130.0	2.968478e-004	8.122291e+000
tyr	-170.0	 130.0	7.040471e-004	7.258665e+000
tyr	-160.0	 130.0	1.382923e-003	6.583556e+000
tyr	-150.0	 130.0	2.285009e-003	6.081385e+000
tyr	-140.0	 130.0	3.341446e-003	5.701352e+000
tyr	-130.0	 130.0	4.379773e-003	5.430758e+000
tyr	-120.0	 130.0	5.020214e-003	5.294283e+000
tyr	-110.0	 130.0	5.208424e-003	5.257478e+000
tyr	-100.0	 130.0	5.585282e-003	5.187620e+000
tyr	 -90.0	 130.0	6.756103e-003	4.997309e+000
tyr	 -80.0	 130.0	9.075191e-003	4.702211e+000
tyr	 -70.0	 130.0	1.223732e-002	4.403265e+000
tyr	 -60.0	 130.0	1.241960e-002	4.388479e+000
tyr	 -50.0	 130.0	7.440686e-003	4.900792e+000
tyr	 -40.0	 130.0	2.547005e-003	5.972837e+000
tyr	 -30.0	 130.0	5.653400e-004	7.478083e+000
tyr	 -20.0	 130.0	1.001811e-004	9.208531e+000
tyr	 -10.0	 130.0	1.934714e-005	1.085297e+001
tyr	   0.0	 130.0	5.381785e-006	1.213249e+001
tyr	  10.0	 130.0	2.990369e-006	1.272011e+001
tyr	  20.0	 130.0	3.144412e-006	1.266988e+001
tyr	  30.0	 130.0	4.176919e-006	1.238594e+001
tyr	  40.0	 130.0	5.645387e-006	1.208467e+001
tyr	  50.0	 130.0	7.163927e-006	1.184645e+001
tyr	  60.0	 130.0	8.280328e-006	1.170163e+001
tyr	  70.0	 130.0	8.626833e-006	1.166063e+001
tyr	  80.0	 130.0	8.108910e-006	1.172255e+001
tyr	  90.0	 130.0	6.954564e-006	1.187611e+001
tyr	 100.0	 130.0	5.571655e-006	1.209782e+001
tyr	 110.0	 130.0	4.345270e-006	1.234642e+001
tyr	 120.0	 130.0	3.561125e-006	1.254543e+001
tyr	 130.0	 130.0	3.580532e-006	1.254000e+001
tyr	 140.0	 130.0	5.457571e-006	1.211851e+001
tyr	 150.0	 130.0	1.269762e-005	1.127410e+001
tyr	 160.0	 130.0	3.638109e-005	1.022146e+001
tyr	 170.0	 130.0	1.078325e-004	9.134931e+000
tyr	-180.0	 140.0	4.617407e-004	7.680507e+000
tyr	-170.0	 140.0	1.137776e-003	6.778680e+000
tyr	-160.0	 140.0	2.226591e-003	6.107284e+000
tyr	-150.0	 140.0	3.530154e-003	5.646414e+000
tyr	-140.0	 140.0	4.856805e-003	5.327374e+000
tyr	-130.0	 140.0	5.934183e-003	5.127026e+000
tyr	-120.0	 140.0	6.307514e-003	5.066014e+000
tyr	-110.0	 140.0	6.020366e-003	5.112607e+000
tyr	-100.0	 140.0	5.903293e-003	5.132245e+000
tyr	 -90.0	 140.0	6.820517e-003	4.987820e+000
tyr	 -80.0	 140.0	9.199092e-003	4.688650e+000
tyr	 -70.0	 140.0	1.244047e-002	4.386800e+000
tyr	 -60.0	 140.0	1.238117e-002	4.391579e+000
tyr	 -50.0	 140.0	7.130629e-003	4.943356e+000
tyr	 -40.0	 140.0	2.305198e-003	6.072589e+000
tyr	 -30.0	 140.0	4.761587e-004	7.649759e+000
tyr	 -20.0	 140.0	7.719625e-005	9.469160e+000
tyr	 -10.0	 140.0	1.372458e-005	1.119632e+001
tyr	   0.0	 140.0	3.979370e-006	1.243439e+001
tyr	  10.0	 140.0	2.554798e-006	1.287754e+001
tyr	  20.0	 140.0	2.798027e-006	1.278660e+001
tyr	  30.0	 140.0	3.580199e-006	1.254009e+001
tyr	  40.0	 140.0	4.604933e-006	1.228838e+001
tyr	  50.0	 140.0	5.629264e-006	1.208753e+001
tyr	  60.0	 140.0	6.383594e-006	1.196178e+001
tyr	  70.0	 140.0	6.650663e-006	1.192079e+001
tyr	  80.0	 140.0	6.366996e-006	1.196438e+001
tyr	  90.0	 140.0	5.653354e-006	1.208326e+001
tyr	 100.0	 140.0	4.744944e-006	1.225843e+001
tyr	 110.0	 140.0	3.890132e-006	1.245707e+001
tyr	 120.0	 140.0	3.331599e-006	1.261206e+001
tyr	 130.0	 140.0	3.503813e-006	1.256166e+001
tyr	 140.0	 140.0	5.772358e-006	1.206243e+001
tyr	 150.0	 140.0	1.494458e-005	1.111116e+001
tyr	 160.0	 140.0	4.778718e-005	9.948753e+000
tyr	 170.0	 140.0	1.560595e-004	8.765273e+000
tyr	-180.0	 150.0	7.232237e-004	7.231792e+000
tyr	-170.0	 150.0	1.815165e-003	6.311579e+000
tyr	-160.0	 150.0	3.458973e-003	5.666784e+000
tyr	-150.0	 150.0	5.079260e-003	5.282590e+000
tyr	-140.0	 150.0	6.243321e-003	5.076243e+000
tyr	-130.0	 150.0	6.801776e-003	4.990572e+000
tyr	-120.0	 150.0	6.544338e-003	5.029155e+000
tyr	-110.0	 150.0	5.724099e-003	5.163070e+000
tyr	-100.0	 150.0	5.217518e-003	5.255734e+000
tyr	 -90.0	 150.0	5.764631e-003	5.156014e+000
tyr	 -80.0	 150.0	7.235767e-003	4.928719e+000
tyr	 -70.0	 150.0	8.557255e-003	4.760976e+000
tyr	 -60.0	 150.0	7.498779e-003	4.893015e+000
tyr	 -50.0	 150.0	3.983551e-003	5.525582e+000
tyr	 -40.0	 150.0	1.237247e-003	6.694867e+000
tyr	 -30.0	 150.0	2.520532e-004	8.285870e+000
tyr	 -20.0	 150.0	4.089438e-005	1.010452e+001
tyr	 -10.0	 150.0	7.580615e-006	1.178992e+001
tyr	   0.0	 150.0	2.841590e-006	1.277115e+001
tyr	  10.0	 150.0	2.449389e-006	1.291967e+001
tyr	  20.0	 150.0	2.939000e-006	1.273744e+001
tyr	  30.0	 150.0	3.737061e-006	1.249721e+001
tyr	  40.0	 150.0	4.649716e-006	1.227870e+001
tyr	  50.0	 150.0	5.493472e-006	1.211195e+001
tyr	  60.0	 150.0	6.077475e-006	1.201092e+001
tyr	  70.0	 150.0	6.259422e-006	1.198142e+001
tyr	  80.0	 150.0	6.004914e-006	1.202293e+001
tyr	  90.0	 150.0	5.402030e-006	1.212874e+001
tyr	 100.0	 150.0	4.619413e-006	1.228524e+001
tyr	 110.0	 150.0	3.850349e-006	1.246735e+001
tyr	 120.0	 150.0	3.324147e-006	1.261430e+001
tyr	 130.0	 150.0	3.536021e-006	1.255251e+001
tyr	 140.0	 150.0	6.190509e-006	1.199249e+001
tyr	 150.0	 150.0	1.796001e-005	1.092736e+001
tyr	 160.0	 150.0	6.461905e-005	9.647001e+000
tyr	 170.0	 150.0	2.310723e-004	8.372780e+000
tyr	-180.0	 160.0	9.113635e-004	7.000569e+000
tyr	-170.0	 160.0	2.262144e-003	6.091442e+000
tyr	-160.0	 160.0	4.117644e-003	5.492474e+000
tyr	-150.0	 160.0	5.553038e-003	5.193410e+000
tyr	-140.0	 160.0	6.077402e-003	5.103178e+000
tyr	-130.0	 160.0	5.910153e-003	5.131084e+000
tyr	-120.0	 160.0	5.199233e-003	5.259244e+000
tyr	-110.0	 160.0	4.256647e-003	5.459274e+000
tyr	-100.0	 160.0	3.752584e-003	5.585311e+000
tyr	 -90.0	 160.0	4.083043e-003	5.500913e+000
tyr	 -80.0	 160.0	4.780784e-003	5.343151e+000
tyr	 -70.0	 160.0	4.817296e-003	5.335542e+000
tyr	 -60.0	 160.0	3.513808e-003	5.651055e+000
tyr	 -50.0	 160.0	1.645261e-003	6.409856e+000
tyr	 -40.0	 160.0	4.900716e-004	7.620959e+000
tyr	 -30.0	 160.0	1.031224e-004	9.179594e+000
tyr	 -20.0	 160.0	1.840300e-005	1.090300e+001
tyr	 -10.0	 160.0	4.250615e-006	1.236845e+001
tyr	   0.0	 160.0	2.435352e-006	1.292542e+001
tyr	  10.0	 160.0	2.687685e-006	1.282683e+001
tyr	  20.0	 160.0	3.428448e-006	1.258340e+001
tyr	  30.0	 160.0	4.362563e-006	1.234245e+001
tyr	  40.0	 160.0	5.330140e-006	1.214213e+001
tyr	  50.0	 160.0	6.156928e-006	1.199793e+001
tyr	  60.0	 160.0	6.673831e-006	1.191732e+001
tyr	  70.0	 160.0	6.769577e-006	1.190307e+001
tyr	  80.0	 160.0	6.433471e-006	1.195400e+001
tyr	  90.0	 160.0	5.759079e-006	1.206473e+001
tyr	 100.0	 160.0	4.907149e-006	1.222482e+001
tyr	 110.0	 160.0	4.062227e-006	1.241378e+001
tyr	 120.0	 160.0	3.451367e-006	1.257674e+001
tyr	 130.0	 160.0	3.585900e-006	1.253850e+001
tyr	 140.0	 160.0	6.344945e-006	1.196785e+001
tyr	 150.0	 160.0	1.970445e-005	1.083467e+001
tyr	 160.0	 160.0	7.623158e-005	9.481735e+000
tyr	 170.0	 160.0	2.857001e-004	8.160568e+000
tyr	-180.0	 170.0	7.985552e-004	7.132706e+000
tyr	-170.0	 170.0	1.894759e-003	6.268664e+000
tyr	-160.0	 170.0	3.242450e-003	5.731426e+000
tyr	-150.0	 170.0	4.042248e-003	5.510954e+000
tyr	-140.0	 170.0	4.055357e-003	5.507717e+000
tyr	-130.0	 170.0	3.665732e-003	5.608727e+000
tyr	-120.0	 170.0	3.076909e-003	5.783830e+000
tyr	-110.0	 170.0	2.470438e-003	6.003360e+000
tyr	-100.0	 170.0	2.185195e-003	6.126050e+000
tyr	 -90.0	 170.0	2.327993e-003	6.062749e+000
tyr	 -80.0	 170.0	2.541579e-003	5.974970e+000
tyr	 -70.0	 170.0	2.290771e-003	6.078867e+000
tyr	 -60.0	 170.0	1.473857e-003	6.519873e+000
tyr	 -50.0	 170.0	6.306517e-004	7.368757e+000
tyr	 -40.0	 170.0	1.840191e-004	8.600471e+000
tyr	 -30.0	 170.0	4.096280e-005	1.010285e+001
tyr	 -20.0	 170.0	8.626431e-006	1.166068e+001
tyr	 -10.0	 170.0	2.967562e-006	1.272777e+001
tyr	   0.0	 170.0	2.538733e-006	1.288385e+001
tyr	  10.0	 170.0	3.177037e-006	1.265956e+001
tyr	  20.0	 170.0	4.154327e-006	1.239136e+001
tyr	  30.0	 170.0	5.276941e-006	1.215216e+001
tyr	  40.0	 170.0	6.377039e-006	1.196281e+001
tyr	  50.0	 170.0	7.261937e-006	1.183286e+001
tyr	  60.0	 170.0	7.755634e-006	1.176709e+001
tyr	  70.0	 170.0	7.756851e-006	1.176693e+001
tyr	  80.0	 170.0	7.276989e-006	1.183079e+001
tyr	  90.0	 170.0	6.434996e-006	1.195376e+001
tyr	 100.0	 170.0	5.413633e-006	1.212659e+001
tyr	 110.0	 170.0	4.411511e-006	1.233129e+001
tyr	 120.0	 170.0	3.652181e-006	1.252019e+001
tyr	 130.0	 170.0	3.595724e-006	1.253577e+001
tyr	 140.0	 170.0	5.935313e-006	1.203459e+001
tyr	 150.0	 170.0	1.800617e-005	1.092480e+001
tyr	 160.0	 170.0	6.958954e-005	9.572896e+000
tyr	 170.0	 170.0	2.576563e-004	8.263884e+000
