clustercenter3164_0001_0001	-15.271	0.663	3
clustercenter9676_0001_0001	-15.258	0.693	3
clustercenter9078_0001_0001	-14.679	0.724	3
clustercenter1532_0001_0001	-14.673	0.714	3
clustercenter144_0001_0001	-14.239	0.925	3
clustercenter11465_0001_0001	-14.195	0.006	3
clustercenter5191_0001_0001	-14.101	0.948	3
clustercenter7457_0001_0001	-14.059	0.518	3
clustercenter4115_0001_0001	-14.012	0.466	3
clustercenter8103_0001_0001	-13.987	0.582	3
clustercenter7825_0001_0001	-13.942	0.439	4
clustercenter10566_0001_0001	-13.778	0.883	4
clustercenter5790_0001_0001	-13.723	0.885	3
clustercenter5685_0001_0001	-13.438	0.541	4
clustercenter2881_0001_0001	-13.206	0.641	4
clustercenter475_0001_0001	-13.143	0.461	4
clustercenter9104_0001_0001	-13.116	0.947	4
clustercenter6707_0001_0001	-13.080	0.769	4
clustercenter10598_0001_0001	-13.004	0.677	4
clustercenter7432_0001_0001	-12.980	0.819	4
clustercenter2787_0001_0001	-12.949	0.898	3
clustercenter2198_0001_0001	-12.948	0.893	3
clustercenter2490_0001_0001	-12.939	0.622	4
clustercenter11952_0001_0001	-12.881	0.842	3
clustercenter8412_0001_0001	-12.874	0.552	4
clustercenter707_0001_0001	-12.842	0.253	4
clustercenter731_0001_0001	-12.825	0.690	3
clustercenter5143_0001_0001	-12.800	0.744	3
clustercenter10632_0001_0001	-12.730	0.938	4
clustercenter1083_0001_0001	-12.703	0.796	3
clustercenter372_0001_0001	-12.640	0.939	3
clustercenter5982_0001_0001	-12.609	0.818	4
clustercenter2583_0001_0001	-12.511	0.295	4
clustercenter5441_0001_0001	-12.455	0.337	4
clustercenter4436_0001_0001	-12.449	0.823	4
clustercenter1847_0001_0001	-12.414	0.188	4
clustercenter1611_0001_0001	-12.403	0.783	4
clustercenter9363_0001_0001	-12.358	0.069	3
clustercenter561_0001_0001	-12.311	0.697	3
clustercenter8586_0001_0001	-12.242	0.342	4
clustercenter6456_0001_0001	-12.197	0.425	3
clustercenter9541_0001_0001	-12.140	0.928	3
clustercenter11103_0001_0001	-12.126	0.816	3
clustercenter6453_0001_0001	-12.121	0.516	4
clustercenter1058_0001_0001	-12.116	0.908	3
clustercenter6003_0001_0001	-12.098	0.807	3
clustercenter5228_0001_0001	-12.017	0.644	3
clustercenter3087_0001_0001	-11.986	0.183	4
clustercenter1985_0001_0001	-11.953	0.805	3
clustercenter11758_0001_0001	-11.936	0.346	3
clustercenter8508_0001_0001	-11.892	0.308	3
clustercenter3359_0001_0001	-11.857	0.411	4
clustercenter1650_0001_0001	-11.854	0.417	4
clustercenter307_0001_0001	-11.840	0.502	3
clustercenter7168_0001_0001	-11.793	0.794	3
clustercenter74_0001_0001	-11.746	0.817	3
clustercenter7026_0001_0001	-11.739	0.085	4
clustercenter7039_0001_0001	-11.688	0.803	3
clustercenter8710_0001_0001	-11.650	0.056	3
clustercenter3063_0001_0001	-11.586	0.785	3
clustercenter2336_0001_0001	-11.562	0.516	3
clustercenter6995_0001_0001	-11.542	0.844	3
clustercenter5251_0001_0001	-11.540	0.551	3
clustercenter1851_0001_0001	-11.524	0.208	4
clustercenter9513_0001_0001	-11.519	0.853	3
clustercenter4470_0001_0001	-11.515	0.296	3
clustercenter11848_0001_0001	-11.500	0.698	3
clustercenter3860_0001_0001	-11.452	0.938	3
clustercenter3330_0001_0001	-11.440	0.490	3
clustercenter9673_0001_0001	-11.418	0.014	4
clustercenter8906_0001_0001	-11.410	0.885	3
clustercenter10758_0001_0001	-11.405	0.798	3
clustercenter11405_0001_0001	-11.377	0.678	4
clustercenter7562_0001_0001	-11.339	0.700	4
clustercenter1674_0001_0001	-11.332	0.269	3
clustercenter4106_0001_0001	-11.300	0.659	3
clustercenter192_0001_0001	-11.287	0.540	3
clustercenter5606_0001_0001	-11.277	0.703	4
clustercenter8145_0001_0001	-11.233	0.898	3
clustercenter6036_0001_0001	-11.226	0.000	3
clustercenter7885_0001_0001	-11.218	0.383	3
clustercenter8179_0001_0001	-11.202	0.776	3
clustercenter11705_0001_0001	-11.131	0.736	4
clustercenter1766_0001_0001	-11.124	0.247	4
clustercenter303_0001_0001	-11.064	0.682	3
clustercenter7628_0001_0001	-11.056	0.527	3
clustercenter5906_0001_0001	-11.026	0.782	3
clustercenter9680_0001_0001	-11.017	0.445	4
clustercenter4553_0001_0001	-11.001	0.753	4
clustercenter5822_0001_0001	-11.001	0.212	3
clustercenter6161_0001_0001	-10.989	0.480	3
clustercenter1713_0001_0001	-10.973	0.417	4
clustercenter2547_0001_0001	-10.951	0.877	3
clustercenter1055_0001_0001	-10.901	0.095	4
clustercenter3985_0001_0001	-10.895	0.740	3
clustercenter2684_0001_0001	-10.885	0.447	3
clustercenter454_0001_0001	-10.884	0.002	3
clustercenter2010_0001_0001	-10.865	0.409	4
clustercenter7962_0001_0001	-10.850	0.802	3
clustercenter391_0001_0001	-10.845	0.645	3
clustercenter11053_0001_0001	-10.835	0.517	3
clustercenter5662_0001_0001	-10.834	0.782	3
clustercenter345_0001_0001	-10.805	0.491	3
clustercenter5435_0001_0001	-10.792	0.678	3
clustercenter582_0001_0001	-10.778	0.326	4
clustercenter5877_0001_0001	-10.777	0.844	3
clustercenter4473_0001_0001	-10.765	0.233	4
clustercenter15_0001_0001	-10.764	0.583	3
clustercenter5063_0001_0001	-10.750	0.969	3
clustercenter9191_0001_0001	-10.713	0.914	4
clustercenter7618_0001_0001	-10.710	0.696	4
clustercenter3948_0001_0001	-10.706	0.795	3
clustercenter1549_0001_0001	-10.693	0.749	3
clustercenter7696_0001_0001	-10.673	0.006	3
clustercenter5165_0001_0001	-10.655	0.560	3
clustercenter9246_0001_0001	-10.652	0.783	3
clustercenter3482_0001_0001	-10.623	0.307	4
clustercenter1526_0001_0001	-10.600	0.622	3
clustercenter2565_0001_0001	-10.590	0.271	4
clustercenter2541_0001_0001	-10.565	0.698	3
clustercenter5997_0001_0001	-10.563	0.446	3
clustercenter3630_0001_0001	-10.548	0.832	3
clustercenter7785_0001_0001	-10.520	0.246	3
clustercenter3467_0001_0001	-10.460	0.494	4
clustercenter921_0001_0001	-10.459	0.701	3
clustercenter5301_0001_0001	-10.421	0.479	4
clustercenter1587_0001_0001	-10.387	0.326	3
clustercenter1411_0001_0001	-10.372	0.572	3
clustercenter9856_0001_0001	-10.361	0.185	4
clustercenter1993_0001_0001	-10.353	0.118	5
clustercenter11503_0001_0001	-10.351	0.079	3
clustercenter4030_0001_0001	-10.349	0.530	4
clustercenter5162_0001_0001	-10.329	0.226	4
clustercenter4535_0001_0001	-10.323	0.621	4
clustercenter4219_0001_0001	-10.318	0.161	3
clustercenter8484_0001_0001	-10.315	0.805	3
clustercenter6812_0001_0001	-10.310	0.410	4
clustercenter2634_0001_0001	-10.290	0.553	3
clustercenter7749_0001_0001	-10.279	0.771	4
clustercenter9381_0001_0001	-10.277	0.706	4
clustercenter543_0001_0001	-10.276	0.699	3
clustercenter7437_0001_0001	-10.270	0.910	6
clustercenter7946_0001_0001	-10.269	0.576	4
clustercenter5068_0001_0001	-10.254	0.003	3
clustercenter10625_0001_0001	-10.242	0.522	4
clustercenter5915_0001_0001	-10.236	0.007	3
clustercenter5678_0001_0001	-10.228	0.422	4
clustercenter8084_0001_0001	-10.215	0.000	4
clustercenter1710_0001_0001	-10.212	0.485	3
clustercenter4272_0001_0001	-10.158	0.000	3
clustercenter9118_0001_0001	-10.156	0.608	3
clustercenter10649_0001_0001	-10.149	0.738	3
clustercenter5450_0001_0001	-10.112	0.732	3
clustercenter8702_0001_0001	-10.096	0.681	4
clustercenter7012_0001_0001	-10.079	0.814	3
clustercenter4104_0001_0001	-10.073	0.741	4
clustercenter10280_0001_0001	-10.072	0.085	3
clustercenter11564_0001_0001	-10.034	0.767	3
clustercenter1136_0001_0001	-10.024	0.331	4
clustercenter1367_0001_0001	-10.019	0.759	4
clustercenter377_0001_0001	-10.015	0.462	3
clustercenter100_0001_0001	-9.997	0.317	3
clustercenter9216_0001_0001	-9.997	0.438	4
clustercenter2766_0001_0001	-9.995	0.590	4
clustercenter4415_0001_0001	-9.986	0.599	4
clustercenter925_0001_0001	-9.979	0.116	3
clustercenter10362_0001_0001	-9.971	0.674	3
clustercenter386_0001_0001	-9.967	0.129	3
clustercenter11680_0001_0001	-9.960	0.440	4
clustercenter1196_0001_0001	-9.955	0.873	5
clustercenter120_0001_0001	-9.955	0.412	5
clustercenter6660_0001_0001	-9.948	0.640	4
clustercenter3173_0001_0001	-9.926	0.309	3
clustercenter4576_0001_0001	-9.917	0.729	4
clustercenter1662_0001_0001	-9.916	0.488	5
clustercenter3554_0001_0001	-9.901	0.322	3
clustercenter2020_0001_0001	-9.897	0.125	3
clustercenter10473_0001_0001	-9.888	0.643	4
clustercenter1814_0001_0001	-9.884	0.670	3
clustercenter4816_0001_0001	-9.874	0.772	3
clustercenter5154_0001_0001	-9.871	0.097	3
clustercenter7569_0001_0001	-9.845	0.668	4
clustercenter7800_0001_0001	-9.845	0.267	3
clustercenter5867_0001_0001	-9.844	0.409	4
clustercenter3846_0001_0001	-9.834	0.001	3
clustercenter3116_0001_0001	-9.817	0.108	4
clustercenter8128_0001_0001	-9.812	0.014	3
clustercenter878_0001_0001	-9.812	0.767	3
clustercenter8570_0001_0001	-9.804	0.064	3
clustercenter4916_0001_0001	-9.803	0.448	4
clustercenter6427_0001_0001	-9.798	0.541	4
clustercenter10947_0001_0001	-9.791	0.134	3
clustercenter8821_0001_0001	-9.788	0.714	3
clustercenter10281_0001_0001	-9.787	0.317	3
clustercenter8406_0001_0001	-9.784	0.185	4
clustercenter6019_0001_0001	-9.780	0.310	4
clustercenter10570_0001_0001	-9.769	0.663	3
clustercenter12096_0001_0001	-9.769	0.489	3
clustercenter9772_0001_0001	-9.767	0.925	3
clustercenter1241_0001_0001	-9.760	0.251	3
clustercenter481_0001_0001	-9.755	0.261	4
clustercenter2424_0001_0001	-9.739	0.646	3
clustercenter4178_0001_0001	-9.727	0.573	4
clustercenter1013_0001_0001	-9.709	0.507	3
clustercenter2287_0001_0001	-9.704	0.788	3
clustercenter877_0001_0001	-9.703	0.263	3
clustercenter1863_0001_0001	-9.702	0.816	3
clustercenter5738_0001_0001	-9.695	0.487	3
clustercenter6196_0001_0001	-9.687	0.701	3
clustercenter841_0001_0001	-9.675	0.006	3
clustercenter1956_0001_0001	-9.671	0.145	3
clustercenter6949_0001_0001	-9.666	0.136	3
clustercenter4_0001_0001	-9.660	0.404	4
clustercenter7609_0001_0001	-9.642	0.092	3
clustercenter8112_0001_0001	-9.641	0.231	3
clustercenter12089_0001_0001	-9.636	0.486	3
clustercenter242_0001_0001	-9.622	0.365	3
clustercenter6460_0001_0001	-9.619	0.020	4
clustercenter5885_0001_0001	-9.615	0.509	3
clustercenter4604_0001_0001	-9.595	0.434	4
clustercenter4433_0001_0001	-9.591	0.627	4
clustercenter7662_0001_0001	-9.579	0.447	3
clustercenter4935_0001_0001	-9.566	0.006	3
clustercenter9604_0001_0001	-9.551	0.055	4
clustercenter10203_0001_0001	-9.546	0.633	3
clustercenter1276_0001_0001	-9.535	0.236	3
clustercenter6020_0001_0001	-9.528	0.628	5
clustercenter1582_0001_0001	-9.527	0.602	5
clustercenter3748_0001_0001	-9.527	0.080	3
clustercenter9974_0001_0001	-9.524	0.899	5
clustercenter5999_0001_0001	-9.515	0.480	4
clustercenter3856_0001_0001	-9.506	0.690	3
clustercenter3738_0001_0001	-9.505	0.666	5
clustercenter9509_0001_0001	-9.504	0.844	3
clustercenter3950_0001_0001	-9.501	0.602	3
clustercenter4760_0001_0001	-9.501	0.424	5
clustercenter9160_0001_0001	-9.501	0.010	3
clustercenter8199_0001_0001	-9.494	0.682	3
clustercenter1343_0001_0001	-9.487	0.361	4
clustercenter8383_0001_0001	-9.487	0.131	3
clustercenter638_0001_0001	-9.485	0.085	3
clustercenter11958_0001_0001	-9.478	0.639	3
clustercenter3849_0001_0001	-9.478	0.060	3
clustercenter7425_0001_0001	-9.473	0.445	3
clustercenter713_0001_0001	-9.458	0.158	3
clustercenter8494_0001_0001	-9.454	0.684	4
clustercenter1006_0001_0001	-9.431	0.719	3
clustercenter11511_0001_0001	-9.428	0.054	3
clustercenter5863_0001_0001	-9.416	0.875	4
clustercenter2918_0001_0001	-9.408	0.237	3
clustercenter10967_0001_0001	-9.407	0.141	3
clustercenter4565_0001_0001	-9.389	0.493	3
clustercenter6244_0001_0001	-9.381	0.026	4
clustercenter2904_0001_0001	-9.376	0.153	3
clustercenter1297_0001_0001	-9.375	0.135	3
clustercenter1415_0001_0001	-9.373	0.364	5
clustercenter10753_0001_0001	-9.365	0.323	3
clustercenter1358_0001_0001	-9.352	0.413	3
clustercenter306_0001_0001	-9.346	0.768	3
clustercenter1579_0001_0001	-9.336	0.504	3
clustercenter2068_0001_0001	-9.333	0.631	3
clustercenter3062_0001_0001	-9.312	0.614	3
clustercenter2687_0001_0001	-9.302	0.071	4
clustercenter1117_0001_0001	-9.298	0.634	4
clustercenter4263_0001_0001	-9.298	0.677	3
clustercenter10618_0001_0001	-9.295	0.464	3
clustercenter5543_0001_0001	-9.290	0.389	4
clustercenter5503_0001_0001	-9.289	0.585	5
clustercenter11867_0001_0001	-9.248	0.386	3
clustercenter6418_0001_0001	-9.239	0.320	3
clustercenter5696_0001_0001	-9.237	0.104	3
clustercenter10073_0001_0001	-9.224	0.795	3
clustercenter1223_0001_0001	-9.214	0.361	3
clustercenter10909_0001_0001	-9.198	0.000	3
clustercenter9423_0001_0001	-9.191	0.856	3
clustercenter7909_0001_0001	-9.190	0.607	3
clustercenter8499_0001_0001	-9.190	0.190	3
clustercenter227_0001_0001	-9.185	0.627	5
clustercenter5956_0001_0001	-9.176	0.605	3
clustercenter552_0001_0001	-9.170	0.331	3
clustercenter11944_0001_0001	-9.162	0.079	3
clustercenter7071_0001_0001	-9.162	0.232	3
clustercenter1342_0001_0001	-9.159	0.508	4
clustercenter11733_0001_0001	-9.153	0.295	3
clustercenter6144_0001_0001	-9.153	0.311	3
clustercenter10138_0001_0001	-9.151	0.572	3
clustercenter2938_0001_0001	-9.151	0.477	4
clustercenter4909_0001_0001	-9.139	0.417	3
clustercenter12061_0001_0001	-9.133	0.057	4
clustercenter1828_0001_0001	-9.133	0.910	4
clustercenter9015_0001_0001	-9.111	0.813	4
clustercenter6201_0001_0001	-9.100	0.505	4
clustercenter10463_0001_0001	-9.099	0.684	4
clustercenter1797_0001_0001	-9.096	0.074	4
clustercenter10669_0001_0001	-9.094	0.198	3
clustercenter5364_0001_0001	-9.078	0.130	3
clustercenter2894_0001_0001	-9.077	0.112	3
clustercenter10152_0001_0001	-9.076	0.757	3
clustercenter8344_0001_0001	-9.067	0.033	4
clustercenter11533_0001_0001	-9.063	0.004	3
clustercenter1353_0001_0001	-9.057	0.066	3
clustercenter9899_0001_0001	-9.055	0.032	3
clustercenter5797_0001_0001	-9.047	0.138	3
clustercenter616_0001_0001	-9.038	0.241	3
clustercenter11279_0001_0001	-9.036	0.527	3
clustercenter5270_0001_0001	-9.036	0.482	4
clustercenter9751_0001_0001	-9.028	0.321	4
clustercenter7934_0001_0001	-9.022	0.535	3
clustercenter9849_0001_0001	-9.021	0.375	3
clustercenter4727_0001_0001	-9.012	0.461	3
clustercenter8312_0001_0001	-9.001	0.254	4
clustercenter7160_0001_0001	-8.993	0.789	3
clustercenter8411_0001_0001	-8.986	0.748	5
clustercenter1010_0001_0001	-8.984	0.807	4
clustercenter7480_0001_0001	-8.980	0.473	3
clustercenter8521_0001_0001	-8.978	0.377	3
clustercenter6650_0001_0001	-8.970	0.156	4
clustercenter10000_0001_0001	-8.968	0.156	3
clustercenter6415_0001_0001	-8.943	0.570	3
clustercenter11514_0001_0001	-8.941	0.507	3
clustercenter693_0001_0001	-8.937	0.494	5
clustercenter10509_0001_0001	-8.935	0.285	3
clustercenter6846_0001_0001	-8.935	0.258	3
clustercenter8047_0001_0001	-8.931	0.817	4
clustercenter2586_0001_0001	-8.928	0.217	4
clustercenter5421_0001_0001	-8.927	0.257	3
clustercenter2796_0001_0001	-8.912	0.120	3
clustercenter5762_0001_0001	-8.904	0.237	3
clustercenter10222_0001_0001	-8.903	0.449	3
clustercenter2563_0001_0001	-8.902	0.070	3
clustercenter1644_0001_0001	-8.900	0.858	4
clustercenter1124_0001_0001	-8.897	0.327	3
clustercenter106_0001_0001	-8.895	0.269	3
clustercenter430_0001_0001	-8.890	0.753	3
clustercenter4670_0001_0001	-8.882	0.447	3
clustercenter10110_0001_0001	-8.879	0.249	3
clustercenter3903_0001_0001	-8.875	0.152	3
clustercenter10865_0001_0001	-8.874	0.214	3
clustercenter273_0001_0001	-8.869	0.456	3
clustercenter8491_0001_0001	-8.864	0.570	4
clustercenter7828_0001_0001	-8.858	0.187	4
clustercenter2487_0001_0001	-8.857	0.413	4
clustercenter2778_0001_0001	-8.854	0.186	4
clustercenter10644_0001_0001	-8.830	0.015	3
clustercenter658_0001_0001	-8.830	0.386	3
clustercenter776_0001_0001	-8.830	0.524	5
clustercenter1585_0001_0001	-8.825	0.075	3
clustercenter354_0001_0001	-8.824	0.812	4
clustercenter1751_0001_0001	-8.816	0.119	3
clustercenter3258_0001_0001	-8.813	0.590	4
clustercenter5524_0001_0001	-8.812	0.282	4
clustercenter8599_0001_0001	-8.798	0.784	3
clustercenter3215_0001_0001	-8.795	0.810	4
clustercenter3083_0001_0001	-8.769	0.111	3
clustercenter2762_0001_0001	-8.768	0.606	4
clustercenter1305_0001_0001	-8.763	0.006	3
clustercenter6058_0001_0001	-8.753	0.433	4
clustercenter2178_0001_0001	-8.748	0.243	4
clustercenter11331_0001_0001	-8.726	0.459	4
clustercenter2325_0001_0001	-8.726	0.426	3
clustercenter938_0001_0001	-8.726	0.206	3
clustercenter8180_0001_0001	-8.720	0.113	4
clustercenter3836_0001_0001	-8.719	0.941	4
clustercenter10301_0001_0001	-8.708	0.069	4
clustercenter1265_0001_0001	-8.702	0.781	3
clustercenter2383_0001_0001	-8.690	0.201	4
clustercenter11244_0001_0001	-8.688	0.729	3
clustercenter1683_0001_0001	-8.685	0.692	3
clustercenter143_0001_0001	-8.683	0.540	3
clustercenter2800_0001_0001	-8.678	0.077	3
clustercenter974_0001_0001	-8.677	0.722	3
clustercenter11858_0001_0001	-8.671	0.663	3
clustercenter12179_0001_0001	-8.659	0.488	5
clustercenter2708_0001_0001	-8.659	0.183	3
clustercenter7080_0001_0001	-8.658	0.810	4
clustercenter11703_0001_0001	-8.652	0.054	3
clustercenter4944_0001_0001	-8.652	0.424	4
clustercenter2864_0001_0001	-8.650	0.398	3
clustercenter2571_0001_0001	-8.644	0.523	5
clustercenter5330_0001_0001	-8.635	0.543	3
clustercenter6324_0001_0001	-8.632	0.421	5
clustercenter45_0001_0001	-8.631	0.002	3
clustercenter2471_0001_0001	-8.630	0.168	5
clustercenter7301_0001_0001	-8.625	0.428	3
clustercenter11619_0001_0001	-8.620	0.366	3
clustercenter1596_0001_0001	-8.619	0.214	3
clustercenter460_0001_0001	-8.610	0.224	4
clustercenter4218_0001_0001	-8.602	0.000	4
clustercenter12019_0001_0001	-8.601	0.064	3
clustercenter6899_0001_0001	-8.596	0.825	4
clustercenter794_0001_0001	-8.595	0.667	3
clustercenter2508_0001_0001	-8.571	0.250	4
clustercenter3227_0001_0001	-8.567	0.838	4
clustercenter2353_0001_0001	-8.566	0.491	3
clustercenter5766_0001_0001	-8.564	0.049	4
clustercenter9797_0001_0001	-8.557	0.859	6
clustercenter10092_0001_0001	-8.556	0.554	3
clustercenter5621_0001_0001	-8.555	0.826	4
clustercenter407_0001_0001	-8.553	0.000	3
clustercenter1755_0001_0001	-8.544	0.158	3
clustercenter2663_0001_0001	-8.543	0.528	5
clustercenter3613_0001_0001	-8.542	0.468	3
clustercenter4023_0001_0001	-8.538	0.617	3
clustercenter8979_0001_0001	-8.534	0.240	3
clustercenter172_0001_0001	-8.526	0.529	3
clustercenter5986_0001_0001	-8.525	0.111	3
clustercenter9743_0001_0001	-8.524	0.847	4
clustercenter6156_0001_0001	-8.510	0.003	4
clustercenter9115_0001_0001	-8.502	0.646	3
clustercenter7460_0001_0001	-8.501	0.200	4
clustercenter856_0001_0001	-8.490	0.014	3
clustercenter2381_0001_0001	-8.483	0.002	3
clustercenter7761_0001_0001	-8.481	0.474	5
clustercenter4994_0001_0001	-8.478	0.044	4
clustercenter9968_0001_0001	-8.478	0.355	3
clustercenter8629_0001_0001	-8.473	0.337	4
clustercenter9333_0001_0001	-8.471	0.366	3
clustercenter717_0001_0001	-8.468	0.664	3
clustercenter8684_0001_0001	-8.468	0.025	3
clustercenter10005_0001_0001	-8.457	0.820	3
clustercenter9383_0001_0001	-8.455	0.714	4
clustercenter7994_0001_0001	-8.454	0.423	3
clustercenter5349_0001_0001	-8.448	0.036	3
clustercenter6301_0001_0001	-8.445	0.106	3
clustercenter10982_0001_0001	-8.442	0.008	3
clustercenter4828_0001_0001	-8.438	0.784	4
clustercenter9983_0001_0001	-8.438	0.249	3
clustercenter6662_0001_0001	-8.432	0.311	3
clustercenter7310_0001_0001	-8.423	0.873	3
clustercenter2080_0001_0001	-8.422	0.597	3
clustercenter7542_0001_0001	-8.417	0.088	4
clustercenter1253_0001_0001	-8.416	0.303	3
clustercenter12063_0001_0001	-8.409	0.026	4
clustercenter2188_0001_0001	-8.407	0.244	4
clustercenter12153_0001_0001	-8.400	0.429	4
clustercenter222_0001_0001	-8.397	0.144	3
clustercenter10573_0001_0001	-8.389	0.855	4
clustercenter1299_0001_0001	-8.389	0.170	4
clustercenter11343_0001_0001	-8.380	0.208	4
clustercenter8089_0001_0001	-8.380	0.635	3
clustercenter11932_0001_0001	-8.379	0.021	3
clustercenter2558_0001_0001	-8.376	0.184	4
clustercenter488_0001_0001	-8.373	0.021	3
clustercenter4638_0001_0001	-8.364	0.168	5
clustercenter1586_0001_0001	-8.362	0.640	4
clustercenter10002_0001_0001	-8.358	0.046	4
clustercenter1085_0001_0001	-8.349	0.831	5
clustercenter6801_0001_0001	-8.343	0.455	3
clustercenter8150_0001_0001	-8.342	0.449	4
clustercenter1072_0001_0001	-8.341	0.272	3
clustercenter11881_0001_0001	-8.337	0.423	4
clustercenter6123_0001_0001	-8.336	0.453	4
clustercenter10451_0001_0001	-8.330	0.061	4
clustercenter1137_0001_0001	-8.329	0.252	4
clustercenter4571_0001_0001	-8.320	0.508	3
clustercenter5337_0001_0001	-8.317	0.156	3
clustercenter10730_0001_0001	-8.313	0.776	3
clustercenter3093_0001_0001	-8.308	0.722	3
clustercenter6716_0001_0001	-8.308	0.674	4
clustercenter4577_0001_0001	-8.306	0.058	3
clustercenter7997_0001_0001	-8.306	0.931	4
clustercenter8911_0001_0001	-8.306	0.135	3
clustercenter4695_0001_0001	-8.305	0.321	3
clustercenter262_0001_0001	-8.297	0.613	3
clustercenter2633_0001_0001	-8.290	0.726	5
clustercenter9134_0001_0001	-8.284	0.257	4
clustercenter7184_0001_0001	-8.281	0.436	4
clustercenter1835_0001_0001	-8.279	0.502	4
clustercenter7374_0001_0001	-8.275	0.512	3
clustercenter7930_0001_0001	-8.269	0.008	3
clustercenter4490_0001_0001	-8.267	0.319	3
clustercenter7525_0001_0001	-8.266	0.149	4
clustercenter3385_0001_0001	-8.252	0.142	3
clustercenter8073_0001_0001	-8.248	0.464	3
clustercenter603_0001_0001	-8.231	0.351	3
clustercenter9004_0001_0001	-8.225	0.288	4
clustercenter251_0001_0001	-8.224	0.088	3
clustercenter8249_0001_0001	-8.224	0.374	3
clustercenter2189_0001_0001	-8.219	0.177	3
clustercenter11745_0001_0001	-8.214	0.063	4
clustercenter606_0001_0001	-8.212	0.578	3
clustercenter6014_0001_0001	-8.207	0.183	4
clustercenter10140_0001_0001	-8.202	0.001	4
clustercenter5595_0001_0001	-8.199	0.234	4
clustercenter6820_0001_0001	-8.185	0.012	5
clustercenter1258_0001_0001	-8.182	0.093	6
clustercenter7201_0001_0001	-8.170	0.004	3
clustercenter5937_0001_0001	-8.169	0.262	3
clustercenter2139_0001_0001	-8.166	0.644	4
clustercenter3155_0001_0001	-8.156	0.387	3
clustercenter2211_0001_0001	-8.154	0.009	3
clustercenter2734_0001_0001	-8.149	0.099	3
clustercenter11868_0001_0001	-8.145	0.280	3
clustercenter151_0001_0001	-8.145	0.872	4
clustercenter11214_0001_0001	-8.143	0.070	4
clustercenter10999_0001_0001	-8.137	0.718	3
clustercenter4754_0001_0001	-8.133	0.544	3
clustercenter11147_0001_0001	-8.130	0.099	3
clustercenter3189_0001_0001	-8.127	0.105	3
clustercenter4676_0001_0001	-8.119	0.742	4
clustercenter5161_0001_0001	-8.112	0.285	4
clustercenter6483_0001_0001	-8.111	0.408	4
clustercenter9445_0001_0001	-8.109	0.064	3
clustercenter9167_0001_0001	-8.089	0.001	4
clustercenter1234_0001_0001	-8.075	0.175	3
clustercenter8191_0001_0001	-8.068	0.224	3
clustercenter77_0001_0001	-8.055	0.543	3
clustercenter7455_0001_0001	-8.048	0.254	4
clustercenter5320_0001_0001	-8.046	0.207	3
clustercenter12024_0001_0001	-8.044	0.867	4
clustercenter9729_0001_0001	-8.031	0.002	4
clustercenter6911_0001_0001	-8.023	0.584	4
clustercenter7757_0001_0001	-8.020	0.414	5
